
 EOS                                                                            

              Mstar     = 1.400E+00    Rstar     = 1.313E+06
              Mexo      = 0.000E+00    Rexo      = 0.000E+00
              Mcore     = 1.151E+00    Rcore     = 1.096E+06
              Mincrust  = 2.490E-01    Rincrust  = 1.835E+05
              Moutcrust = 5.373E-05    Routcrust = 3.414E+04

  icore= 111   sfn1s0= 1.                 emnco= 5.   rhoexo=   1.200E+25
  idrip= 281   sfn3p2=***  fn3p2= 1.00    emncr= 5.     cexo=   1.000E+25
   imax= 377   sfp1s0= 3.  fp1s0= 1.00      emp= 3.     pexo=   6.000E+00

            DUrca not possible
          e-ion bremstrahlung:  1             bubble neutrinos:  0
             plasma neutrinos:  1              neutron 1S0 pbf:  1
               pair neutrinos:  0              neutron 3P2 pbf:  1
              photo neutrinos:  0               proton 1S0 pbf:  1

        Accreted envelope from Potekhin et al. with Eta = 0.00E+00


    Step      Time            Teff       L_phot       L_nu        L_heat 
             [years]      at inf [K]    [erg/sec]   [erg/sec]   [erg/sec]

       1   1.000E-12        6.490E+06   3.191E+36   3.848E+46   0.000E+00
       2   2.500E-12        6.490E+06   3.191E+36   3.848E+46   0.000E+00
       3   4.750E-12        6.490E+06   3.191E+36   3.848E+46   0.000E+00
       4   8.125E-12        6.490E+06   3.191E+36   3.848E+46   0.000E+00
       5   1.319E-11        6.490E+06   3.191E+36   3.848E+46   0.000E+00
       6   2.078E-11        6.490E+06   3.191E+36   3.848E+46   0.000E+00
       7   3.217E-11        6.490E+06   3.191E+36   3.848E+46   0.000E+00
       8   4.926E-11        6.490E+06   3.191E+36   3.848E+46   0.000E+00
       9   7.489E-11        6.490E+06   3.191E+36   3.848E+46   0.000E+00
      10   1.133E-10        6.490E+06   3.191E+36   3.847E+46   0.000E+00
      11   1.710E-10        6.490E+06   3.191E+36   3.847E+46   0.000E+00
      12   2.575E-10        6.490E+06   3.191E+36   3.847E+46   0.000E+00
      13   3.872E-10        6.490E+06   3.191E+36   3.847E+46   0.000E+00
      14   5.819E-10        6.490E+06   3.191E+36   3.847E+46   0.000E+00
      15   8.738E-10        6.490E+06   3.191E+36   3.847E+46   0.000E+00
      16   1.312E-09        6.490E+06   3.191E+36   3.847E+46   0.000E+00
      17   1.969E-09        6.490E+06   3.191E+36   3.846E+46   0.000E+00
      18   2.954E-09        6.490E+06   3.191E+36   3.846E+46   0.000E+00
      19   4.432E-09        6.490E+06   3.191E+36   3.845E+46   0.000E+00
      20   6.649E-09        6.490E+06   3.191E+36   3.843E+46   0.000E+00
      21   9.974E-09        6.490E+06   3.191E+36   3.841E+46   0.000E+00
      22   1.496E-08        6.490E+06   3.191E+36   3.838E+46   0.000E+00
      23   2.244E-08        6.490E+06   3.191E+36   3.833E+46   0.000E+00
      24   3.367E-08        6.490E+06   3.191E+36   3.825E+46   0.000E+00
      25   5.050E-08        6.490E+06   3.191E+36   3.814E+46   0.000E+00
      26   7.575E-08        6.490E+06   3.191E+36   3.797E+46   0.000E+00
      27   1.136E-07        6.490E+06   3.191E+36   3.773E+46   0.000E+00
      28   1.704E-07        6.490E+06   3.191E+36   3.736E+46   0.000E+00
      29   2.557E-07        6.490E+06   3.191E+36   3.683E+46   0.000E+00
      30   3.835E-07        6.490E+06   3.191E+36   3.606E+46   0.000E+00
      31   5.753E-07        6.490E+06   3.191E+36   3.496E+46   0.000E+00
      32   8.629E-07        6.490E+06   3.190E+36   3.343E+46   0.000E+00
      33   1.294E-06        6.490E+06   3.190E+36   3.137E+46   0.000E+00
      34   1.941E-06        6.490E+06   3.190E+36   2.871E+46   0.000E+00
      35   2.912E-06        6.489E+06   3.189E+36   2.547E+46   0.000E+00
      36   4.368E-06        6.489E+06   3.188E+36   2.175E+46   0.000E+00
      37   6.552E-06        6.488E+06   3.186E+36   1.781E+46   0.000E+00
      38   9.829E-06        6.487E+06   3.184E+36   1.397E+46   0.000E+00
      39   1.474E-05        6.485E+06   3.181E+36   1.050E+46   0.000E+00
      40   2.211E-05        6.483E+06   3.175E+36   7.603E+45   0.000E+00
      41   3.317E-05        6.479E+06   3.168E+36   5.331E+45   0.000E+00
      42   4.976E-05        6.473E+06   3.156E+36   3.641E+45   0.000E+00
      43   7.464E-05        6.464E+06   3.139E+36   2.432E+45   0.000E+00
      44   1.120E-04        6.451E+06   3.113E+36   1.594E+45   0.000E+00
      45   1.679E-04        6.431E+06   3.076E+36   1.026E+45   0.000E+00
      46   2.519E-04        6.402E+06   3.022E+36   6.496E+44   0.000E+00
      47   3.778E-04        6.361E+06   2.943E+36   4.052E+44   0.000E+00
      48   5.668E-04        6.301E+06   2.834E+36   2.495E+44   0.000E+00
      49   6.927E-04        6.262E+06   2.764E+36   1.912E+44   0.000E+00
      50   7.093E-04        6.256E+06   2.755E+36   1.847E+44   0.000E+00
      51   7.204E-04        6.253E+06   2.749E+36   1.806E+44   0.000E+00
      52   7.370E-04        6.248E+06   2.740E+36   1.747E+44   0.000E+00
      53   7.480E-04        6.244E+06   2.734E+36   1.709E+44   0.000E+00
      54   7.646E-04        6.239E+06   2.725E+36   1.656E+44   0.000E+00
      55   7.895E-04        6.232E+06   2.712E+36   1.581E+44   0.000E+00
      56   8.030E-04        6.228E+06   2.705E+36   1.542E+44   0.000E+00
      57   8.233E-04        6.222E+06   2.694E+36   1.488E+44   0.000E+00
      58   8.538E-04        6.212E+06   2.678E+36   1.412E+44   0.000E+00
      59   8.911E-04        6.201E+06   2.659E+36   1.329E+44   0.000E+00
      60   9.471E-04        6.185E+06   2.631E+36   1.221E+44   0.000E+00
      61   1.003E-03        6.168E+06   2.603E+36   1.127E+44   0.000E+00
      62   1.087E-03        6.144E+06   2.563E+36   1.010E+44   0.000E+00
      63   1.143E-03        6.129E+06   2.537E+36   9.426E+43   0.000E+00
      64   1.212E-03        6.109E+06   2.505E+36   8.704E+43   0.000E+00
      65   1.314E-03        6.081E+06   2.459E+36   7.801E+43   0.000E+00
      66   1.469E-03        6.040E+06   2.393E+36   6.741E+43   0.000E+00
      67   1.514E-03        6.028E+06   2.374E+36   6.464E+43   0.000E+00
      68   1.560E-03        6.016E+06   2.356E+36   6.206E+43   0.000E+00
      69   1.629E-03        5.998E+06   2.328E+36   5.854E+43   0.000E+00
      70   1.731E-03        5.972E+06   2.288E+36   5.395E+43   0.000E+00
      71   1.834E-03        5.947E+06   2.249E+36   4.996E+43   0.000E+00
      72   1.960E-03        5.916E+06   2.203E+36   4.577E+43   0.000E+00
      73   2.149E-03        5.872E+06   2.138E+36   4.062E+43   0.000E+00
      74   2.433E-03        5.809E+06   2.047E+36   3.472E+43   0.000E+00
      75   2.587E-03        5.775E+06   2.000E+36   3.204E+43   0.000E+00
      76   2.713E-03        5.748E+06   1.963E+36   3.010E+43   0.000E+00
      77   2.902E-03        5.709E+06   1.910E+36   2.759E+43   0.000E+00
      78   3.185E-03        5.653E+06   1.836E+36   2.451E+43   0.000E+00
      79   3.539E-03        5.586E+06   1.751E+36   2.148E+43   0.000E+00
      80   3.964E-03        5.512E+06   1.659E+36   1.866E+43   0.000E+00
      81   4.234E-03        5.466E+06   1.605E+36   1.716E+43   0.000E+00
      82   4.557E-03        5.414E+06   1.544E+36   1.564E+43   0.000E+00
      83   4.782E-03        5.378E+06   1.504E+36   1.472E+43   0.000E+00
      84   5.051E-03        5.337E+06   1.459E+36   1.374E+43   0.000E+00
      85   5.375E-03        5.290E+06   1.408E+36   1.271E+43   0.000E+00
      86   5.763E-03        5.236E+06   1.352E+36   1.166E+43   0.000E+00
      87   6.188E-03        5.181E+06   1.295E+36   1.068E+43   0.000E+00
      88   6.698E-03        5.117E+06   1.233E+36   9.695E+42   0.000E+00
      89   7.310E-03        5.046E+06   1.166E+36   8.720E+42   0.000E+00
      90   8.045E-03        4.967E+06   1.094E+36   7.773E+42   0.000E+00
      91   8.926E-03        4.884E+06   1.023E+36   6.863E+42   0.000E+00
      92   9.984E-03        4.792E+06   9.482E+35   6.005E+42   0.000E+00
      93   1.125E-02        4.690E+06   8.699E+35   5.208E+42   0.000E+00
      94   1.241E-02        4.605E+06   8.087E+35   4.627E+42   0.000E+00
      95   1.380E-02        4.513E+06   7.460E+35   4.069E+42   0.000E+00
      96   1.547E-02        4.415E+06   6.834E+35   3.543E+42   0.000E+00
      97   1.747E-02        4.313E+06   6.224E+35   3.054E+42   0.000E+00
      98   1.988E-02        4.207E+06   5.633E+35   2.608E+42   0.000E+00
      99   2.228E-02        4.114E+06   5.151E+35   2.261E+42   0.000E+00
     100   2.516E-02        4.017E+06   4.684E+35   1.940E+42   0.000E+00
     101   2.862E-02        3.918E+06   4.239E+35   1.649E+42   0.000E+00
     102   3.277E-02        3.818E+06   3.822E+35   1.387E+42   0.000E+00
     103   3.776E-02        3.718E+06   3.437E+35   1.156E+42   0.000E+00
     104   4.373E-02        3.619E+06   3.085E+35   9.553E+41   0.000E+00
     105   5.091E-02        3.522E+06   2.768E+35   7.829E+41   0.000E+00
     106   5.952E-02        3.429E+06   2.485E+35   6.370E+41   0.000E+00
     107   6.985E-02        3.339E+06   2.235E+35   5.151E+41   0.000E+00
     108   8.225E-02        3.254E+06   2.015E+35   4.143E+41   0.000E+00
     109   9.583E-02        3.179E+06   1.836E+35   3.372E+41   0.000E+00
     110   1.044E-01        3.137E+06   1.741E+35   2.989E+41   0.000E+00
     111   1.148E-01        3.094E+06   1.647E+35   2.621E+41   0.000E+00
     112   1.272E-01        3.050E+06   1.555E+35   2.274E+41   0.000E+00
     113   1.420E-01        3.005E+06   1.466E+35   1.953E+41   0.000E+00
     114   1.599E-01        2.960E+06   1.381E+35   1.660E+41   0.000E+00
     115   1.813E-01        2.917E+06   1.301E+35   1.398E+41   0.000E+00
     116   2.070E-01        2.874E+06   1.226E+35   1.167E+41   0.000E+00
     117   2.379E-01        2.832E+06   1.157E+35   9.665E+40   0.000E+00
     118   2.749E-01        2.793E+06   1.094E+35   7.942E+40   0.000E+00
     119   3.193E-01        2.756E+06   1.037E+35   6.488E+40   0.000E+00
     120   3.726E-01        2.721E+06   9.860E+34   5.272E+40   0.000E+00
     121   4.366E-01        2.689E+06   9.407E+34   4.264E+40   0.000E+00
     122   5.133E-01        2.661E+06   9.009E+34   3.436E+40   0.000E+00
     123   6.055E-01        2.635E+06   8.665E+34   2.760E+40   0.000E+00
     124   7.160E-01        2.612E+06   8.369E+34   2.205E+40   0.000E+00
     125   8.486E-01        2.592E+06   8.119E+34   1.758E+40   0.000E+00
     126   1.008E+00        2.575E+06   7.908E+34   1.401E+40   0.000E+00
     127   1.199E+00        2.561E+06   7.729E+34   1.114E+40   0.000E+00
     128   1.428E+00        2.548E+06   7.577E+34   8.828E+39   0.000E+00
     129   1.703E+00        2.536E+06   7.442E+34   6.991E+39   0.000E+00
     130   2.033E+00        2.526E+06   7.320E+34   5.546E+39   0.000E+00
     131   2.429E+00        2.516E+06   7.203E+34   4.378E+39   0.000E+00
     132   2.904E+00        2.506E+06   7.089E+34   3.442E+39   0.000E+00
     133   3.475E+00        2.496E+06   6.975E+34   2.707E+39   0.000E+00
     134   4.159E+00        2.485E+06   6.862E+34   2.117E+39   0.000E+00
     135   4.980E+00        2.475E+06   6.750E+34   1.649E+39   0.000E+00
     136   5.605E+00        2.468E+06   6.675E+34   1.387E+39   0.000E+00
     137   6.355E+00        2.461E+06   6.597E+34   1.745E+39   0.000E+00
     138   7.255E+00        2.453E+06   6.514E+34   2.336E+39   0.000E+00
     139   8.154E+00        2.446E+06   6.439E+34   2.086E+39   0.000E+00
     140   9.054E+00        2.439E+06   6.368E+34   1.741E+39   0.000E+00
     141   1.004E+01        2.432E+06   6.294E+34   1.442E+39   0.000E+00
     142   1.094E+01        2.426E+06   6.227E+34   1.210E+39   0.000E+00
     143   1.202E+01        2.418E+06   6.149E+34   1.029E+39   0.000E+00
     144   1.331E+01        2.409E+06   6.055E+34   9.109E+38   0.000E+00
     145   1.487E+01        2.398E+06   5.944E+34   7.096E+38   0.000E+00
     146   1.673E+01        2.385E+06   5.814E+34   4.683E+38   0.000E+00
     147   1.897E+01        2.369E+06   5.660E+34   3.138E+38   0.000E+00
     148   2.166E+01        2.350E+06   5.484E+34   2.204E+38   0.000E+00
     149   2.488E+01        2.328E+06   5.281E+34   1.580E+38   0.000E+00
     150   2.811E+01        2.306E+06   5.082E+34   1.209E+38   0.000E+00
     151   3.198E+01        2.279E+06   4.855E+34   9.248E+37   0.000E+00
     152   3.662E+01        2.247E+06   4.587E+34   6.953E+37   0.000E+00
     153   4.126E+01        2.214E+06   4.323E+34   5.337E+37   0.000E+00
     154   4.683E+01        2.172E+06   4.000E+34   4.077E+37   0.000E+00
     155   5.351E+01        2.116E+06   3.606E+34   3.147E+37   0.000E+00
     156   6.154E+01        2.043E+06   3.133E+34   2.504E+37   0.000E+00
     157   7.116E+01        1.946E+06   2.581E+34   1.887E+37   0.000E+00
     158   8.271E+01        1.821E+06   1.977E+34   1.341E+37   0.000E+00
     159   9.657E+01        1.672E+06   1.405E+34   9.166E+36   0.000E+00
     160   1.132E+02        1.527E+06   9.766E+33   6.149E+36   0.000E+00
     161   1.332E+02        1.410E+06   7.104E+33   4.118E+36   0.000E+00
     162   1.571E+02        1.331E+06   5.637E+33   2.784E+36   0.000E+00
     163   1.859E+02        1.281E+06   4.849E+33   1.910E+36   0.000E+00
     164   2.204E+02        1.247E+06   4.355E+33   1.331E+36   0.000E+00
     165   2.617E+02        1.221E+06   3.993E+33   9.421E+35   0.000E+00
     166   3.114E+02        1.198E+06   3.698E+33   6.751E+35   0.000E+00
     167   3.710E+02        1.176E+06   3.444E+33   4.885E+35   0.000E+00
     168   4.425E+02        1.157E+06   3.218E+33   3.562E+35   0.000E+00
     169   5.284E+02        1.138E+06   3.014E+33   2.614E+35   0.000E+00
     170   6.313E+02        1.120E+06   2.828E+33   1.928E+35   0.000E+00
     171   7.549E+02        1.103E+06   2.658E+33   1.428E+35   0.000E+00
     172   9.032E+02        1.086E+06   2.501E+33   1.061E+35   0.000E+00
     173   1.081E+03        1.070E+06   2.357E+33   7.905E+34   0.000E+00
     174   1.295E+03        1.054E+06   2.222E+33   5.900E+34   0.000E+00
     175   1.551E+03        1.039E+06   2.098E+33   4.410E+34   0.000E+00
     176   1.859E+03        1.025E+06   1.982E+33   3.298E+34   0.000E+00
     177   2.228E+03        1.010E+06   1.873E+33   2.468E+34   0.000E+00
     178   2.670E+03        9.964E+05   1.772E+33   1.847E+34   0.000E+00
     179   3.202E+03        9.828E+05   1.678E+33   1.382E+34   0.000E+00
     180   3.840E+03        9.695E+05   1.589E+33   1.033E+34   0.000E+00
     181   4.605E+03        9.565E+05   1.505E+33   7.698E+33   0.000E+00
     182   5.523E+03        9.436E+05   1.425E+33   5.710E+33   0.000E+00
     183   6.625E+03        9.308E+05   1.349E+33   4.208E+33   0.000E+00
     184   7.947E+03        9.180E+05   1.277E+33   3.076E+33   0.000E+00
     185   9.534E+03        9.051E+05   1.207E+33   2.224E+33   0.000E+00
     186   1.144E+04        8.921E+05   1.139E+33   1.586E+33   0.000E+00
     187   1.372E+04        8.788E+05   1.072E+33   1.110E+33   0.000E+00
     188   1.647E+04        8.650E+05   1.007E+33   7.586E+32   0.000E+00
     189   1.976E+04        8.506E+05   9.411E+32   5.022E+32   0.000E+00
     190   2.370E+04        8.352E+05   8.749E+32   3.188E+32   0.000E+00
     191   2.844E+04        8.186E+05   8.073E+32   1.916E+32   0.000E+00
     192   3.413E+04        8.003E+05   7.375E+32   1.072E+32   0.000E+00
     193   4.095E+04        7.798E+05   6.648E+32   5.473E+31   0.000E+00
     194   4.914E+04        7.566E+05   5.891E+32   2.508E+31   0.000E+00
     195   5.896E+04        7.304E+05   5.118E+32   1.039E+31   0.000E+00
     196   7.075E+04        7.007E+05   4.334E+32   4.023E+30   0.000E+00
     197   8.490E+04        6.668E+05   3.554E+32   1.572E+30   0.000E+00
     198   1.019E+05        6.287E+05   2.809E+32   6.365E+29   0.000E+00
     199   1.223E+05        5.866E+05   2.130E+32   2.468E+29   0.000E+00
     200   1.467E+05        5.411E+05   1.541E+32   8.236E+28   0.000E+00
     201   1.760E+05        4.927E+05   1.060E+32   2.190E+28   0.000E+00
     202   2.112E+05        4.435E+05   6.954E+31   4.659E+27   0.000E+00
     203   2.510E+05        3.954E+05   4.395E+31   1.085E+27   0.000E+00
     204   2.917E+05        3.528E+05   2.786E+31   2.735E+26   0.000E+00
     205   3.333E+05        3.150E+05   1.771E+31   6.202E+25   0.000E+00
     206   3.758E+05        2.816E+05   1.130E+31   1.181E+25   0.000E+00
     207   4.192E+05        2.519E+05   7.238E+30   1.988E+24   0.000E+00
     208   4.633E+05        2.256E+05   4.656E+30   3.448E+23   0.000E+00
     209   5.080E+05        2.023E+05   3.011E+30   6.844E+22   0.000E+00
     210   5.529E+05        1.816E+05   1.957E+30   1.472E+22   0.000E+00
     211   5.978E+05        1.633E+05   1.280E+30   3.195E+21   0.000E+00
     212   6.423E+05        1.471E+05   8.426E+29   6.860E+20   0.000E+00
     213   6.859E+05        1.328E+05   5.585E+29   1.451E+20   0.000E+00
     214   7.281E+05        1.200E+05   3.729E+29   3.021E+19   0.000E+00
     215   7.686E+05        1.087E+05   2.508E+29   6.184E+18   0.000E+00
     216   8.069E+05        9.880E+04   1.714E+29   1.458E+18   0.000E+00
     217   8.435E+05        8.974E+04   1.166E+29   4.718E+17   0.000E+00
     218   8.769E+05        8.165E+04   7.992E+28   1.171E+17   0.000E+00
     219   9.071E+05        7.441E+04   5.513E+28   2.098E+16   0.000E+00
     220   9.341E+05        6.791E+04   3.825E+28   2.922E+15   0.000E+00
     221   9.580E+05        6.206E+04   2.668E+28   3.860E+14   0.000E+00
     222   9.791E+05        5.677E+04   1.868E+28   6.022E+13   0.000E+00
     223   9.977E+05        5.197E+04   1.312E+28   1.073E+13   0.000E+00
     224   1.014E+06        4.759E+04   9.227E+27   1.965E+12   0.000E+00
     225   1.028E+06        4.359E+04   6.490E+27   3.607E+11   0.000E+00
     226   1.041E+06        3.991E+04   4.561E+27   6.640E+10   0.000E+00
     227   1.052E+06        3.652E+04   3.198E+27   1.229E+10   0.000E+00
     228   1.061E+06        3.339E+04   2.235E+27   2.293E+09   0.000E+00
     229   1.070E+06        3.050E+04   1.555E+27   4.331E+08   0.000E+00
     230   1.077E+06        2.781E+04   1.076E+27   8.306E+07   0.000E+00
     231   1.084E+06        2.531E+04   7.383E+26   1.624E+07   0.000E+00
     232   1.091E+06        2.298E+04   5.016E+26   3.255E+06   0.000E+00
     233   1.097E+06        2.080E+04   3.365E+26   6.728E+05   0.000E+00
     234   1.102E+06        1.875E+04   2.221E+26   1.445E+05   0.000E+00
     235   1.107E+06        1.680E+04   1.434E+26   3.257E+04   0.000E+00
     236   1.113E+06        1.495E+04   8.989E+25   7.811E+03   0.000E+00
     237   1.119E+06        1.317E+04   5.412E+25   2.028E+03   0.000E+00
     238   1.125E+06        1.143E+04   3.074E+25   5.845E+02   0.000E+00
     239   1.133E+06        9.745E+03   1.622E+25   1.971E+02   0.000E+00
     240   1.143E+06        8.186E+03   8.074E+24   8.505E+01   0.000E+00
     241   1.154E+06        6.806E+03   3.858E+24   4.763E+01   0.000E+00
     242   1.168E+06        5.618E+03   1.792E+24   3.311E+01   0.000E+00
     243   1.184E+06        4.614E+03   8.151E+23   2.675E+01   0.000E+00
     244   1.204E+06        3.774E+03   3.649E+23   2.374E+01   0.000E+00
     245   1.227E+06        3.077E+03   1.612E+23   2.225E+01   0.000E+00
     246   1.256E+06        2.502E+03   7.048E+22   2.150E+01   0.000E+00
     247   1.290E+06        2.030E+03   3.051E+22   2.111E+01   0.000E+00
     248   1.330E+06        1.643E+03   1.310E+22   2.092E+01   0.000E+00
     249   1.379E+06        1.327E+03   5.584E+21   2.082E+01   0.000E+00
     250   1.438E+06        1.071E+03   2.365E+21   2.077E+01   0.000E+00
     251   1.508E+06        8.626E+02   9.954E+20   2.074E+01   0.000E+00
