         5       363       111       267

EOS                                                                            

  i            rad           emas         rho         pres          nb           kf(e)      kf(mu)       kf(p)       kf(n)      kf(la)      kf(S-)      kf(S0)      kf(S+)         Tc(n)       Tc(p)      Tc(la)    Durca        mstn        mstp  nSF   Acel   Aion   Zion

    0   0.000000E+00   0.000000E+00   6.112E+14   5.732E+34   3.445E-01      9.668E-01   8.049E-01   1.125E+00   2.063E+00   0.000E+00   0.000E+00   0.000E+00   0.000E+00      7.587E+08   1.000E+00   1.000E+00   10000   5.607E-01   5.292E-01  3p2   N/A    N/A    N/A 
    1   2.380907E+03   1.733400E-02   5.938E+14   5.307E+34   3.357E-01      9.511E-01   7.861E-01   1.104E+00   2.048E+00   0.000E+00   0.000E+00   0.000E+00   0.000E+00      7.816E+08   1.000E+00   1.000E+00   10000   5.728E-01   5.361E-01  3p2   N/A    N/A    N/A 
    2   2.999755E+03   3.410961E-02   5.837E+14   5.068E+34   3.304E-01      9.419E-01   7.749E-01   1.092E+00   2.039E+00   0.000E+00   0.000E+00   0.000E+00   0.000E+00      7.950E+08   1.000E+00   1.000E+00   00000   5.801E-01   5.402E-01  3p2   N/A    N/A    N/A 
    3   3.433862E+03   5.054395E-02   5.753E+14   4.871E+34   3.261E-01      9.342E-01   7.655E-01   1.081E+00   2.032E+00   0.000E+00   0.000E+00   0.000E+00   0.000E+00      8.062E+08   1.000E+00   1.000E+00   00000   5.863E-01   5.437E-01  3p2   N/A    N/A    N/A 
    4   3.779455E+03   6.714398E-02   5.676E+14   4.698E+34   3.221E-01      9.271E-01   7.569E-01   1.072E+00   2.025E+00   0.000E+00   0.000E+00   0.000E+00   0.000E+00      8.163E+08   1.000E+00   1.000E+00   00000   5.920E-01   5.469E-01  3p2   N/A    N/A    N/A 
    5   4.071294E+03   8.347466E-02   5.606E+14   4.543E+34   3.185E-01      9.206E-01   7.489E-01   1.063E+00   2.019E+00   0.000E+00   0.000E+00   0.000E+00   0.000E+00      8.256E+08   1.000E+00   1.000E+00   00000   5.974E-01   5.499E-01  3p2   N/A    N/A    N/A 
    6   4.326396E+03   9.933726E-02   5.542E+14   4.400E+34   3.151E-01      9.146E-01   7.415E-01   1.055E+00   2.013E+00   0.000E+00   0.000E+00   0.000E+00   0.000E+00      8.341E+08   1.000E+00   1.000E+00   00000   6.024E-01   5.526E-01  3p2   N/A    N/A    N/A 
    7   4.554512E+03   1.146055E-01   5.481E+14   4.270E+34   3.119E-01      9.090E-01   7.345E-01   1.047E+00   2.007E+00   0.000E+00   0.000E+00   0.000E+00   0.000E+00      8.420E+08   1.000E+00   1.000E+00   00000   6.072E-01   5.553E-01  3p2   N/A    N/A    N/A 
    8   4.761814E+03   1.310275E-01   5.421E+14   4.143E+34   3.088E-01      9.033E-01   7.275E-01   1.039E+00   2.002E+00   0.000E+00   0.000E+00   0.000E+00   0.000E+00      8.498E+08   1.000E+00   1.000E+00   00000   6.120E-01   5.579E-01  3p2   N/A    N/A    N/A 
    9   4.952487E+03   1.461320E-01   5.365E+14   4.027E+34   3.059E-01      8.981E-01   7.210E-01   1.032E+00   1.996E+00   0.000E+00   0.000E+00   0.000E+00   0.000E+00      8.570E+08   1.000E+00   1.000E+00   00000   6.165E-01   5.604E-01  3p2   N/A    N/A    N/A 
   10   5.129509E+03   1.601552E-01   5.314E+14   3.919E+34   3.031E-01      8.932E-01   7.150E-01   1.025E+00   1.991E+00   0.000E+00   0.000E+00   0.000E+00   0.000E+00      8.637E+08   1.000E+00   1.000E+00   00000   6.207E-01   5.626E-01  3p2   N/A    N/A    N/A 
   11   5.295090E+03   1.764061E-01   5.259E+14   3.810E+34   3.003E-01      8.880E-01   7.085E-01   1.018E+00   1.986E+00   0.000E+00   0.000E+00   0.000E+00   0.000E+00      8.706E+08   1.000E+00   1.000E+00   00000   6.253E-01   5.651E-01  3p2   N/A    N/A    N/A 
   12   5.450917E+03   1.918165E-01   5.208E+14   3.708E+34   2.975E-01      8.831E-01   7.023E-01   1.012E+00   1.981E+00   0.000E+00   0.000E+00   0.000E+00   0.000E+00      8.772E+08   1.000E+00   1.000E+00   00000   6.296E-01   5.675E-01  3p2   N/A    N/A    N/A 
   13   5.598310E+03   2.063930E-01   5.159E+14   3.611E+34   2.949E-01      8.784E-01   6.964E-01   1.005E+00   1.976E+00   0.000E+00   0.000E+00   0.000E+00   0.000E+00      8.833E+08   1.000E+00   1.000E+00   00000   6.338E-01   5.697E-01  3p2   N/A    N/A    N/A 
   14   5.738325E+03   2.202398E-01   5.112E+14   3.519E+34   2.925E-01      8.740E-01   6.908E-01   9.991E-01   1.971E+00   0.000E+00   0.000E+00   0.000E+00   0.000E+00      8.891E+08   1.000E+00   1.000E+00   00000   6.378E-01   5.718E-01  3p2   N/A    N/A    N/A 
   15   5.871822E+03   2.341926E-01   5.066E+14   3.431E+34   2.900E-01      8.696E-01   6.852E-01   9.930E-01   1.967E+00   0.000E+00   0.000E+00   0.000E+00   0.000E+00      8.947E+08   1.000E+00   1.000E+00   00000   6.417E-01   5.740E-01  3p2   N/A    N/A    N/A 
   16   5.999510E+03   2.495666E-01   5.018E+14   3.343E+34   2.875E-01      8.649E-01   6.793E-01   9.866E-01   1.962E+00   0.000E+00   0.000E+00   0.000E+00   0.000E+00      9.005E+08   1.000E+00   1.000E+00   00000   6.460E-01   5.762E-01  3p2   N/A    N/A    N/A 
   17   6.121983E+03   2.643125E-01   4.972E+14   3.258E+34   2.850E-01      8.605E-01   6.736E-01   9.805E-01   1.957E+00   0.000E+00   0.000E+00   0.000E+00   0.000E+00      9.060E+08   1.000E+00   1.000E+00   00000   6.501E-01   5.784E-01  3p2   N/A    N/A    N/A 
   18   6.239742E+03   2.784910E-01   4.928E+14   3.177E+34   2.826E-01      8.562E-01   6.681E-01   9.746E-01   1.952E+00   0.000E+00   0.000E+00   0.000E+00   0.000E+00      9.113E+08   1.000E+00   1.000E+00   00000   6.540E-01   5.805E-01  3p2   N/A    N/A    N/A 
   19   6.353217E+03   2.921536E-01   4.885E+14   3.099E+34   2.803E-01      8.520E-01   6.627E-01   9.689E-01   1.948E+00   0.000E+00   0.000E+00   0.000E+00   0.000E+00      9.162E+08   1.000E+00   1.000E+00   00000   6.579E-01   5.826E-01  3p2   N/A    N/A    N/A 
   20   6.462776E+03   3.053448E-01   4.844E+14   3.024E+34   2.781E-01      8.480E-01   6.575E-01   9.633E-01   1.944E+00   0.000E+00   0.000E+00   0.000E+00   0.000E+00      9.209E+08   1.000E+00   1.000E+00   00000   6.617E-01   5.846E-01  3p2   N/A    N/A    N/A 
   21   6.568742E+03   3.181034E-01   4.804E+14   2.951E+34   2.760E-01      8.440E-01   6.525E-01   9.579E-01   1.939E+00   0.000E+00   0.000E+00   0.000E+00   0.000E+00      9.254E+08   1.000E+00   1.000E+00   00000   6.653E-01   5.865E-01  3p2   N/A    N/A    N/A 
   22   6.671396E+03   3.324057E-01   4.761E+14   2.879E+34   2.737E-01      8.398E-01   6.470E-01   9.521E-01   1.935E+00   0.000E+00   0.000E+00   0.000E+00   0.000E+00      9.302E+08   1.000E+00   1.000E+00   00000   6.693E-01   5.887E-01  3p2   N/A    N/A    N/A 
   23   6.770984E+03   3.465700E-01   4.719E+14   2.809E+34   2.714E-01      8.356E-01   6.416E-01   9.464E-01   1.930E+00   0.000E+00   0.000E+00   0.000E+00   0.000E+00      9.348E+08   1.000E+00   1.000E+00   00000   6.733E-01   5.908E-01  3p2   N/A    N/A    N/A 
   24   6.867725E+03   3.603294E-01   4.677E+14   2.741E+34   2.692E-01      8.316E-01   6.363E-01   9.408E-01   1.925E+00   0.000E+00   0.000E+00   0.000E+00   0.000E+00      9.391E+08   1.000E+00   1.000E+00   00000   6.772E-01   5.928E-01  3p2   N/A    N/A    N/A 
   25   6.961815E+03   3.737118E-01   4.637E+14   2.675E+34   2.670E-01      8.276E-01   6.311E-01   9.353E-01   1.921E+00   0.000E+00   0.000E+00   0.000E+00   0.000E+00      9.432E+08   1.000E+00   1.000E+00   00000   6.811E-01   5.948E-01  3p2   N/A    N/A    N/A 
   26   7.053428E+03   3.867420E-01   4.598E+14   2.610E+34   2.649E-01      8.237E-01   6.260E-01   9.300E-01   1.916E+00   0.000E+00   0.000E+00   0.000E+00   0.000E+00      9.472E+08   1.000E+00   1.000E+00   00000   6.848E-01   5.968E-01  3p2   N/A    N/A    N/A 
   27   7.142722E+03   3.994422E-01   4.560E+14   2.548E+34   2.628E-01      8.200E-01   6.210E-01   9.247E-01   1.912E+00   0.000E+00   0.000E+00   0.000E+00   0.000E+00      9.509E+08   1.000E+00   1.000E+00   00000   6.885E-01   5.987E-01  3p2   N/A    N/A    N/A 
   28   7.229836E+03   4.118324E-01   4.523E+14   2.486E+34   2.608E-01      8.163E-01   6.161E-01   9.196E-01   1.908E+00   0.000E+00   0.000E+00   0.000E+00   0.000E+00      9.545E+08   1.000E+00   1.000E+00   00000   6.921E-01   6.007E-01  3p2   N/A    N/A    N/A 
   29   7.314901E+03   4.239312E-01   4.487E+14   2.427E+34   2.589E-01      8.126E-01   6.113E-01   9.146E-01   1.904E+00   0.000E+00   0.000E+00   0.000E+00   0.000E+00      9.579E+08   1.000E+00   1.000E+00   00000   6.957E-01   6.025E-01  3p2   N/A    N/A    N/A 
   30   7.398032E+03   4.366466E-01   4.450E+14   2.369E+34   2.568E-01      8.088E-01   6.062E-01   9.093E-01   1.899E+00   0.000E+00   0.000E+00   0.000E+00   0.000E+00      9.613E+08   1.000E+00   1.000E+00   00000   6.995E-01   6.045E-01  3p2   N/A    N/A    N/A 
   31   7.479336E+03   4.498362E-01   4.411E+14   2.312E+34   2.547E-01      8.049E-01   6.010E-01   9.039E-01   1.895E+00   0.000E+00   0.000E+00   0.000E+00   0.000E+00      9.647E+08   1.000E+00   1.000E+00   00000   7.034E-01   6.065E-01  3p2   N/A    N/A    N/A 
   32   7.558909E+03   4.627451E-01   4.373E+14   2.257E+34   2.526E-01      8.011E-01   5.958E-01   8.986E-01   1.890E+00   0.000E+00   0.000E+00   0.000E+00   0.000E+00      9.680E+08   1.000E+00   1.000E+00   00000   7.073E-01   6.086E-01  3p2   N/A    N/A    N/A 
   33   7.636842E+03   4.753877E-01   4.335E+14   2.203E+34   2.506E-01      7.973E-01   5.907E-01   8.934E-01   1.886E+00   0.000E+00   0.000E+00   0.000E+00   0.000E+00      9.710E+08   1.000E+00   1.000E+00   00000   7.111E-01   6.106E-01  3p2   N/A    N/A    N/A 
   34   7.713215E+03   4.877774E-01   4.299E+14   2.150E+34   2.486E-01      7.936E-01   5.857E-01   8.882E-01   1.881E+00   0.000E+00   0.000E+00   0.000E+00   0.000E+00      9.739E+08   1.000E+00   1.000E+00   00000   7.148E-01   6.125E-01  3p2   N/A    N/A    N/A 
   35   7.788106E+03   4.999266E-01   4.263E+14   2.098E+34   2.466E-01      7.899E-01   5.808E-01   8.831E-01   1.877E+00   0.000E+00   0.000E+00   0.000E+00   0.000E+00      9.766E+08   1.000E+00   1.000E+00   00000   7.186E-01   6.145E-01  3p2   N/A    N/A    N/A 
   36   7.861582E+03   5.118464E-01   4.228E+14   2.047E+34   2.447E-01      7.863E-01   5.759E-01   8.781E-01   1.873E+00   0.000E+00   0.000E+00   0.000E+00   0.000E+00      9.791E+08   1.000E+00   1.000E+00   00000   7.222E-01   6.164E-01  3p2   N/A    N/A    N/A 
   37   7.933711E+03   5.235476E-01   4.193E+14   1.996E+34   2.428E-01      7.828E-01   5.710E-01   8.732E-01   1.868E+00   0.000E+00   0.000E+00   0.000E+00   0.000E+00      9.815E+08   1.000E+00   1.000E+00   00000   7.259E-01   6.183E-01  3p2   N/A    N/A    N/A 
   38   8.004551E+03   5.350397E-01   4.159E+14   1.947E+34   2.409E-01      7.793E-01   5.662E-01   8.684E-01   1.864E+00   0.000E+00   0.000E+00   0.000E+00   0.000E+00      9.837E+08   1.000E+00   1.000E+00   00000   7.295E-01   6.201E-01  3p2   N/A    N/A    N/A 
   39   8.074160E+03   5.463320E-01   4.126E+14   1.899E+34   2.391E-01      7.759E-01   5.615E-01   8.636E-01   1.860E+00   0.000E+00   0.000E+00   0.000E+00   0.000E+00      9.857E+08   1.000E+00   1.000E+00   00000   7.330E-01   6.220E-01  3p2   N/A    N/A    N/A 
   40   8.142588E+03   5.577181E-01   4.092E+14   1.852E+34   2.372E-01      7.724E-01   5.567E-01   8.587E-01   1.856E+00   0.000E+00   0.000E+00   0.000E+00   0.000E+00      9.877E+08   1.000E+00   1.000E+00   00000   7.367E-01   6.239E-01  3p2   N/A    N/A    N/A 
   41   8.209886E+03   5.696927E-01   4.056E+14   1.807E+34   2.352E-01      7.686E-01   5.514E-01   8.535E-01   1.851E+00   0.000E+00   0.000E+00   0.000E+00   0.000E+00      9.896E+08   1.000E+00   1.000E+00   00000   7.406E-01   6.259E-01  3p2   N/A    N/A    N/A 
   42   8.276097E+03   5.814739E-01   4.020E+14   1.763E+34   2.332E-01      7.649E-01   5.462E-01   8.483E-01   1.846E+00   0.000E+00   0.000E+00   0.000E+00   0.000E+00      9.914E+08   1.000E+00   1.000E+00   00000   7.445E-01   6.280E-01  3p2   N/A    N/A    N/A 
   43   8.341266E+03   5.930698E-01   3.985E+14   1.720E+34   2.313E-01      7.612E-01   5.411E-01   8.432E-01   1.842E+00   0.000E+00   0.000E+00   0.000E+00   0.000E+00      9.930E+08   1.000E+00   1.000E+00   00000   7.483E-01   6.300E-01  3p2   N/A    N/A    N/A 
   44   8.405432E+03   6.044872E-01   3.950E+14   1.677E+34   2.294E-01      7.576E-01   5.360E-01   8.382E-01   1.837E+00   0.000E+00   0.000E+00   0.000E+00   0.000E+00      9.944E+08   1.000E+00   1.000E+00   00000   7.521E-01   6.320E-01  3p2   N/A    N/A    N/A 
   45   8.468633E+03   6.157329E-01   3.916E+14   1.635E+34   2.275E-01      7.541E-01   5.310E-01   8.332E-01   1.833E+00   0.000E+00   0.000E+00   0.000E+00   0.000E+00      9.957E+08   1.000E+00   1.000E+00   00000   7.559E-01   6.339E-01  3p2   N/A    N/A    N/A 
   46   8.530905E+03   6.268132E-01   3.883E+14   1.594E+34   2.256E-01      7.505E-01   5.259E-01   8.283E-01   1.828E+00   0.000E+00   0.000E+00   0.000E+00   0.000E+00      9.968E+08   1.000E+00   1.000E+00   00000   7.597E-01   6.359E-01  3p2   N/A    N/A    N/A 
   47   8.592280E+03   6.377339E-01   3.850E+14   1.553E+34   2.238E-01      7.470E-01   5.209E-01   8.234E-01   1.824E+00   0.000E+00   0.000E+00   0.000E+00   0.000E+00      9.977E+08   1.000E+00   1.000E+00   00000   7.634E-01   6.378E-01  3p2   N/A    N/A    N/A 
   48   8.652791E+03   6.485010E-01   3.817E+14   1.513E+34   2.220E-01      7.436E-01   5.160E-01   8.186E-01   1.819E+00   0.000E+00   0.000E+00   0.000E+00   0.000E+00      9.985E+08   1.000E+00   1.000E+00   00000   7.671E-01   6.398E-01  3p2   N/A    N/A    N/A 
   49   8.712467E+03   6.591195E-01   3.785E+14   1.474E+34   2.202E-01      7.402E-01   5.111E-01   8.138E-01   1.815E+00   0.000E+00   0.000E+00   0.000E+00   0.000E+00      9.991E+08   1.000E+00   1.000E+00   00000   7.707E-01   6.417E-01  3p2   N/A    N/A    N/A 
   50   8.771337E+03   6.695945E-01   3.753E+14   1.434E+34   2.184E-01      7.368E-01   5.061E-01   8.091E-01   1.811E+00   0.000E+00   0.000E+00   0.000E+00   0.000E+00      9.995E+08   1.000E+00   1.000E+00   00000   7.744E-01   6.436E-01  3p2   N/A    N/A    N/A 
   51   8.829428E+03   6.799308E-01   3.722E+14   1.396E+34   2.167E-01      7.335E-01   5.013E-01   8.044E-01   1.806E+00   0.000E+00   0.000E+00   0.000E+00   0.000E+00      9.998E+08   1.000E+00   1.000E+00   00000   7.780E-01   6.455E-01  3p2   N/A    N/A    N/A 
   52   8.886763E+03   6.903317E-01   3.690E+14   1.359E+34   2.148E-01      7.300E-01   4.962E-01   7.996E-01   1.802E+00   0.000E+00   0.000E+00   0.000E+00   0.000E+00      1.000E+09   3.765E+07   1.000E+00   00000   7.817E-01   6.474E-01  3p2   N/A    N/A    N/A 
   53   8.943368E+03   7.009276E-01   3.655E+14   1.324E+34   2.129E-01      7.263E-01   4.907E-01   7.944E-01   1.797E+00   0.000E+00   0.000E+00   0.000E+00   0.000E+00      1.000E+09   1.053E+08   1.000E+00   00000   7.858E-01   6.496E-01  3p2   N/A    N/A    N/A 
   54   8.999265E+03   7.113911E-01   3.621E+14   1.290E+34   2.110E-01      7.226E-01   4.853E-01   7.892E-01   1.792E+00   0.000E+00   0.000E+00   0.000E+00   0.000E+00      9.998E+08   1.922E+08   1.000E+00   00000   7.897E-01   6.517E-01  3p2   N/A    N/A    N/A 
   55   9.054477E+03   7.217262E-01   3.588E+14   1.256E+34   2.091E-01      7.190E-01   4.798E-01   7.841E-01   1.787E+00   0.000E+00   0.000E+00   0.000E+00   0.000E+00      9.994E+08   2.931E+08   1.000E+00   00000   7.937E-01   6.537E-01  3p2   N/A    N/A    N/A 
   56   9.109024E+03   7.319368E-01   3.554E+14   1.223E+34   2.073E-01      7.154E-01   4.744E-01   7.791E-01   1.783E+00   0.000E+00   0.000E+00   0.000E+00   0.000E+00      9.988E+08   4.041E+08   1.000E+00   00000   7.976E-01   6.558E-01  3p2   N/A    N/A    N/A 
   57   9.162924E+03   7.420266E-01   3.522E+14   1.190E+34   2.054E-01      7.118E-01   4.690E-01   7.741E-01   1.778E+00   0.000E+00   0.000E+00   0.000E+00   0.000E+00      9.980E+08   5.202E+08   1.000E+00   00000   8.015E-01   6.579E-01  3p2   N/A    N/A    N/A 
   58   9.216198E+03   7.519989E-01   3.489E+14   1.157E+34   2.036E-01      7.082E-01   4.636E-01   7.691E-01   1.773E+00   0.000E+00   0.000E+00   0.000E+00   0.000E+00      9.971E+08   6.379E+08   1.000E+00   00000   8.054E-01   6.599E-01  3p2   N/A    N/A    N/A 
   59   9.268863E+03   7.618573E-01   3.457E+14   1.125E+34   2.018E-01      7.047E-01   4.582E-01   7.642E-01   1.768E+00   0.000E+00   0.000E+00   0.000E+00   0.000E+00      9.960E+08   7.526E+08   1.000E+00   00000   8.093E-01   6.620E-01  3p2   N/A    N/A    N/A 
   60   9.320937E+03   7.716050E-01   3.425E+14   1.093E+34   2.000E-01      7.012E-01   4.528E-01   7.592E-01   1.763E+00   0.000E+00   0.000E+00   0.000E+00   0.000E+00      9.947E+08   8.612E+08   1.000E+00   00000   8.131E-01   6.640E-01  3p2   N/A    N/A    N/A 
   61   9.372435E+03   7.812450E-01   3.394E+14   1.061E+34   1.982E-01      6.978E-01   4.474E-01   7.544E-01   1.759E+00   0.000E+00   0.000E+00   0.000E+00   0.000E+00      9.932E+08   9.608E+08   1.000E+00   00000   8.169E-01   6.661E-01  3p2   N/A    N/A    N/A 
   62   9.423373E+03   7.907802E-01   3.363E+14   1.030E+34   1.965E-01      6.943E-01   4.420E-01   7.495E-01   1.754E+00   0.000E+00   0.000E+00   0.000E+00   0.000E+00      9.916E+08   1.052E+09   1.000E+00   00000   8.207E-01   6.681E-01  3p2   N/A    N/A    N/A 
   63   9.473766E+03   8.002133E-01   3.332E+14   9.993E+33   1.948E-01      6.909E-01   4.367E-01   7.448E-01   1.749E+00   0.000E+00   0.000E+00   0.000E+00   0.000E+00      9.898E+08   1.137E+09   1.000E+00   00000   8.245E-01   6.701E-01  3p2   N/A    N/A    N/A 
   64   9.523629E+03   8.095471E-01   3.302E+14   9.688E+33   1.930E-01      6.875E-01   4.313E-01   7.400E-01   1.745E+00   0.000E+00   0.000E+00   0.000E+00   0.000E+00      9.878E+08   1.215E+09   1.000E+00   00000   8.282E-01   6.721E-01  3p2   N/A    N/A    N/A 
   65   9.572975E+03   8.188270E-01   3.270E+14   9.404E+33   1.912E-01      6.839E-01   4.255E-01   7.349E-01   1.740E+00   0.000E+00   0.000E+00   0.000E+00   0.000E+00      9.855E+08   1.293E+09   1.000E+00   00000   8.322E-01   6.742E-01  3p2   N/A    N/A    N/A 
   66   9.621818E+03   8.280462E-01   3.236E+14   9.136E+33   1.893E-01      6.801E-01   4.193E-01   7.295E-01   1.734E+00   0.000E+00   0.000E+00   0.000E+00   0.000E+00      9.829E+08   1.371E+09   1.000E+00   00000   8.364E-01   6.765E-01  3p2   N/A    N/A    N/A 
   67   9.670170E+03   8.371727E-01   3.202E+14   8.872E+33   1.874E-01      6.763E-01   4.131E-01   7.242E-01   1.729E+00   0.000E+00   0.000E+00   0.000E+00   0.000E+00      9.800E+08   1.444E+09   1.000E+00   00000   8.406E-01   6.788E-01  3p2   N/A    N/A    N/A 
   68   9.718042E+03   8.462087E-01   3.169E+14   8.610E+33   1.855E-01      6.725E-01   4.068E-01   7.188E-01   1.724E+00   0.000E+00   0.000E+00   0.000E+00   0.000E+00      9.769E+08   1.515E+09   1.000E+00   00000   8.447E-01   6.810E-01  3p2   N/A    N/A    N/A 
   69   9.765448E+03   8.551566E-01   3.136E+14   8.351E+33   1.836E-01      6.687E-01   4.006E-01   7.136E-01   1.718E+00   0.000E+00   0.000E+00   0.000E+00   0.000E+00      9.737E+08   1.584E+09   1.000E+00   00000   8.489E-01   6.833E-01  3p2   N/A    N/A    N/A 
   70   9.812398E+03   8.640185E-01   3.103E+14   8.094E+33   1.818E-01      6.650E-01   3.943E-01   7.083E-01   1.713E+00   0.000E+00   0.000E+00   0.000E+00   0.000E+00      9.702E+08   1.651E+09   1.000E+00   00000   8.530E-01   6.855E-01  3p2   N/A    N/A    N/A 
   71   9.858903E+03   8.727964E-01   3.071E+14   7.839E+33   1.799E-01      6.613E-01   3.880E-01   7.031E-01   1.708E+00   0.000E+00   0.000E+00   0.000E+00   0.000E+00      9.665E+08   1.716E+09   1.000E+00   00000   8.571E-01   6.878E-01  3p2   N/A    N/A    N/A 
   72   9.904973E+03   8.814923E-01   3.039E+14   7.587E+33   1.781E-01      6.576E-01   3.817E-01   6.979E-01   1.702E+00   0.000E+00   0.000E+00   0.000E+00   0.000E+00      9.626E+08   1.780E+09   1.000E+00   00000   8.611E-01   6.900E-01  3p2   N/A    N/A    N/A 
   73   9.950619E+03   8.901081E-01   3.007E+14   7.338E+33   1.763E-01      6.539E-01   3.753E-01   6.927E-01   1.697E+00   0.000E+00   0.000E+00   0.000E+00   0.000E+00      9.585E+08   1.843E+09   1.000E+00   00000   8.652E-01   6.923E-01  3p2   N/A    N/A    N/A 
   74   9.995850E+03   8.986454E-01   2.976E+14   7.090E+33   1.745E-01      6.502E-01   3.689E-01   6.876E-01   1.692E+00   0.000E+00   0.000E+00   0.000E+00   0.000E+00      9.542E+08   1.904E+09   1.000E+00   00000   8.692E-01   6.945E-01  3p2   N/A    N/A    N/A 
   75   1.004067E+04   9.071062E-01   2.945E+14   6.845E+33   1.727E-01      6.465E-01   3.624E-01   6.824E-01   1.686E+00   0.000E+00   0.000E+00   0.000E+00   0.000E+00      9.497E+08   1.965E+09   1.000E+00   00000   8.731E-01   6.967E-01  3p2   N/A    N/A    N/A 
   76   1.008510E+04   9.154921E-01   2.914E+14   6.602E+33   1.710E-01      6.429E-01   3.558E-01   6.774E-01   1.681E+00   0.000E+00   0.000E+00   0.000E+00   0.000E+00      9.451E+08   2.025E+09   1.000E+00   00000   8.771E-01   6.989E-01  3p2   N/A    N/A    N/A 
   77   1.012914E+04   9.238048E-01   2.884E+14   6.361E+33   1.692E-01      6.393E-01   3.492E-01   6.723E-01   1.676E+00   0.000E+00   0.000E+00   0.000E+00   0.000E+00      9.402E+08   2.084E+09   1.000E+00   00000   8.810E-01   7.012E-01  3p2   N/A    N/A    N/A 
   78   1.017280E+04   9.318480E-01   2.850E+14   6.146E+33   1.673E-01      6.352E-01   3.418E-01   6.666E-01   1.670E+00   0.000E+00   0.000E+00   0.000E+00   0.000E+00      9.345E+08   2.149E+09   1.000E+00   00000   8.854E-01   7.036E-01  3p2   N/A    N/A    N/A 
   79   1.021609E+04   9.397550E-01   2.815E+14   5.940E+33   1.653E-01      6.310E-01   3.340E-01   6.608E-01   1.664E+00   0.000E+00   0.000E+00   0.000E+00   0.000E+00      9.284E+08   2.216E+09   1.000E+00   00000   8.899E-01   7.062E-01  3p2   N/A    N/A    N/A 
   80   1.025902E+04   9.475956E-01   2.780E+14   5.737E+33   1.633E-01      6.269E-01   3.260E-01   6.550E-01   1.658E+00   0.000E+00   0.000E+00   0.000E+00   0.000E+00      9.220E+08   2.282E+09   1.000E+00   00000   8.944E-01   7.088E-01  3p2   N/A    N/A    N/A 
   81   1.030159E+04   9.553711E-01   2.746E+14   5.535E+33   1.613E-01      6.227E-01   3.179E-01   6.492E-01   1.651E+00   0.000E+00   0.000E+00   0.000E+00   0.000E+00      9.154E+08   2.346E+09   1.000E+00   00000   8.988E-01   7.113E-01  3p2   N/A    N/A    N/A 
   82   1.034381E+04   9.630827E-01   2.712E+14   5.334E+33   1.594E-01      6.186E-01   3.097E-01   6.434E-01   1.645E+00   0.000E+00   0.000E+00   0.000E+00   0.000E+00      9.085E+08   2.409E+09   1.000E+00   00000   9.032E-01   7.139E-01  3p2   N/A    N/A    N/A 
   83   1.038569E+04   9.707320E-01   2.678E+14   5.136E+33   1.574E-01      6.144E-01   3.013E-01   6.377E-01   1.639E+00   0.000E+00   0.000E+00   0.000E+00   0.000E+00      9.014E+08   2.471E+09   1.000E+00   00000   9.076E-01   7.165E-01  3p2   N/A    N/A    N/A 
   84   1.042723E+04   9.783202E-01   2.645E+14   4.939E+33   1.555E-01      6.103E-01   2.928E-01   6.320E-01   1.633E+00   0.000E+00   0.000E+00   0.000E+00   0.000E+00      8.940E+08   2.530E+09   1.000E+00   00000   9.119E-01   7.190E-01  3p2   N/A    N/A    N/A 
   85   1.046844E+04   9.858483E-01   2.612E+14   4.743E+33   1.536E-01      6.061E-01   2.841E-01   6.263E-01   1.626E+00   0.000E+00   0.000E+00   0.000E+00   0.000E+00      8.865E+08   2.587E+09   1.000E+00   00000   9.162E-01   7.216E-01  3p2   N/A    N/A    N/A 
   86   1.050934E+04   9.933177E-01   2.579E+14   4.549E+33   1.517E-01      6.020E-01   2.752E-01   6.206E-01   1.620E+00   0.000E+00   0.000E+00   0.000E+00   0.000E+00      8.786E+08   2.642E+09   1.000E+00   00000   9.205E-01   7.241E-01  3p2   N/A    N/A    N/A 
   87   1.054991E+04   1.000729E+00   2.546E+14   4.356E+33   1.498E-01      5.979E-01   2.661E-01   6.150E-01   1.614E+00   0.000E+00   0.000E+00   0.000E+00   0.000E+00      8.706E+08   2.695E+09   1.000E+00   00000   9.247E-01   7.267E-01  3p2   N/A    N/A    N/A 
   88   1.059018E+04   1.008084E+00   2.514E+14   4.165E+33   1.479E-01      5.938E-01   2.567E-01   6.094E-01   1.608E+00   0.000E+00   0.000E+00   0.000E+00   0.000E+00      8.623E+08   2.746E+09   1.000E+00   00000   9.289E-01   7.293E-01  3p2   N/A    N/A    N/A 
   89   1.063014E+04   1.015384E+00   2.482E+14   3.976E+33   1.461E-01      5.897E-01   2.470E-01   6.038E-01   1.601E+00   0.000E+00   0.000E+00   0.000E+00   0.000E+00      8.538E+08   2.796E+09   1.000E+00   00000   9.331E-01   7.318E-01  3p2   N/A    N/A    N/A 
   90   1.066981E+04   1.022188E+00   2.445E+14   3.813E+33   1.439E-01      5.849E-01   2.353E-01   5.973E-01   1.594E+00   0.000E+00   0.000E+00   0.000E+00   0.000E+00      8.437E+08   2.853E+09   1.000E+00   00000   9.379E-01   7.348E-01  3p2   N/A    N/A    N/A 
   91   1.070918E+04   1.028885E+00   2.407E+14   3.655E+33   1.418E-01      5.800E-01   2.230E-01   5.908E-01   1.586E+00   0.000E+00   0.000E+00   0.000E+00   0.000E+00      8.330E+08   2.909E+09   1.000E+00   00000   9.427E-01   7.379E-01  3p2   N/A    N/A    N/A 
   92   1.074827E+04   1.035534E+00   2.370E+14   3.498E+33   1.396E-01      5.751E-01   2.100E-01   5.843E-01   1.579E+00   0.000E+00   0.000E+00   0.000E+00   0.000E+00      8.221E+08   2.964E+09   1.000E+00   00000   9.475E-01   7.409E-01  3p2   N/A    N/A    N/A 
   93   1.078707E+04   1.042135E+00   2.333E+14   3.342E+33   1.375E-01      5.702E-01   1.963E-01   5.779E-01   1.571E+00   0.000E+00   0.000E+00   0.000E+00   0.000E+00      8.109E+08   3.018E+09   1.000E+00   00000   9.522E-01   7.440E-01  3p2   N/A    N/A    N/A 
   94   1.082559E+04   1.048688E+00   2.297E+14   3.187E+33   1.354E-01      5.654E-01   1.816E-01   5.715E-01   1.563E+00   0.000E+00   0.000E+00   0.000E+00   0.000E+00      7.993E+08   3.071E+09   1.000E+00   00000   9.569E-01   7.470E-01  3p2   N/A    N/A    N/A 
   95   1.086385E+04   1.055195E+00   2.260E+14   3.033E+33   1.332E-01      5.604E-01   1.657E-01   5.652E-01   1.556E+00   0.000E+00   0.000E+00   0.000E+00   0.000E+00      7.875E+08   3.121E+09   1.000E+00   00000   9.615E-01   7.501E-01  3p2   N/A    N/A    N/A 
   96   1.090183E+04   1.061657E+00   2.224E+14   2.880E+33   1.311E-01      5.555E-01   1.483E-01   5.590E-01   1.548E+00   0.000E+00   0.000E+00   0.000E+00   0.000E+00      7.754E+08   3.167E+09   1.000E+00   00000   9.661E-01   7.532E-01  3p2   N/A    N/A    N/A 
   97   1.093956E+04   1.068074E+00   2.188E+14   2.729E+33   1.291E-01      5.506E-01   1.285E-01   5.529E-01   1.540E+00   0.000E+00   0.000E+00   0.000E+00   0.000E+00      7.630E+08   3.208E+09   1.000E+00   00000   9.706E-01   7.563E-01  3p2   N/A    N/A    N/A 
   98   1.097702E+04   1.074447E+00   2.153E+14   2.578E+33   1.270E-01      5.457E-01   1.052E-01   5.470E-01   1.532E+00   0.000E+00   0.000E+00   0.000E+00   0.000E+00      7.504E+08   3.241E+09   1.000E+00   00000   9.750E-01   7.594E-01  3p2   N/A    N/A    N/A 
   99   1.101423E+04   1.080777E+00   2.117E+14   2.428E+33   1.249E-01      5.407E-01   7.571E-02   5.412E-01   1.524E+00   0.000E+00   0.000E+00   0.000E+00   0.000E+00      7.375E+08   3.266E+09   1.000E+00   00000   9.794E-01   7.625E-01  3p2   N/A    N/A    N/A 
  100   1.105119E+04   1.086633E+00   2.077E+14   2.297E+33   1.226E-01      5.350E-01   1.407E-02   5.350E-01   1.515E+00   0.000E+00   0.000E+00   0.000E+00   0.000E+00      7.224E+08   3.283E+09   1.000E+00   00000   9.843E-01   7.661E-01  3p2   N/A    N/A    N/A 
  101   1.108791E+04   1.092252E+00   2.035E+14   2.174E+33   1.201E-01      5.290E-01  -0.000E+00   5.290E-01   1.505E+00   0.000E+00   0.000E+00   0.000E+00   0.000E+00      7.060E+08   3.290E+09   1.000E+00   00000   9.893E-01   7.699E-01  3p2   N/A    N/A    N/A 
  102   1.112438E+04   1.097833E+00   1.993E+14   2.052E+33   1.177E-01      5.230E-01  -0.000E+00   5.230E-01   1.495E+00   0.000E+00   0.000E+00   0.000E+00   0.000E+00      6.893E+08   3.286E+09   1.000E+00   00000   9.943E-01   7.738E-01  3p2   N/A    N/A    N/A 
  103   1.116062E+04   1.103378E+00   1.952E+14   1.931E+33   1.153E-01      5.169E-01  -0.000E+00   5.169E-01   1.485E+00   0.000E+00   0.000E+00   0.000E+00   0.000E+00      6.724E+08   3.272E+09   1.000E+00   00000   9.991E-01   7.776E-01  3p2   N/A    N/A    N/A 
  104   1.119662E+04   1.108888E+00   1.910E+14   1.811E+33   1.128E-01      5.107E-01  -0.000E+00   5.107E-01   1.475E+00   0.000E+00   0.000E+00   0.000E+00   0.000E+00      6.551E+08   3.248E+09   1.000E+00   00000   1.004E+00   7.815E-01  3p2   N/A    N/A    N/A 
  105   1.123239E+04   1.114362E+00   1.869E+14   1.692E+33   1.104E-01      5.046E-01  -0.000E+00   5.046E-01   1.465E+00   0.000E+00   0.000E+00   0.000E+00   0.000E+00      6.377E+08   3.216E+09   1.000E+00   00000   1.009E+00   7.854E-01  3p2   N/A    N/A    N/A 
  106   1.126794E+04   1.119801E+00   1.829E+14   1.573E+33   1.081E-01      4.983E-01  -0.000E+00   4.983E-01   1.454E+00   0.000E+00   0.000E+00   0.000E+00   0.000E+00      6.200E+08   3.176E+09   1.000E+00   00000   1.013E+00   7.893E-01  3p2   N/A    N/A    N/A 
  107   1.130326E+04   1.125207E+00   1.788E+14   1.455E+33   1.057E-01      4.921E-01  -0.000E+00   4.921E-01   1.444E+00   0.000E+00   0.000E+00   0.000E+00   0.000E+00      6.021E+08   3.130E+09   1.000E+00   00000   1.018E+00   7.932E-01  3p2   N/A    N/A    N/A 
  108   1.133836E+04   1.130277E+00   1.744E+14   1.347E+33   1.031E-01      4.852E-01  -0.000E+00   4.852E-01   1.432E+00   0.000E+00   0.000E+00   0.000E+00   0.000E+00      5.824E+08   3.075E+09   1.000E+00   00000   1.023E+00   7.974E-01  3p2   N/A    N/A    N/A 
  109   1.137325E+04   1.134938E+00   1.696E+14   1.251E+33   1.003E-01      4.775E-01  -0.000E+00   4.775E-01   1.419E+00   0.000E+00   0.000E+00   0.000E+00   0.000E+00      5.604E+08   3.008E+09   1.000E+00   00000   1.028E+00   8.022E-01  3p2   N/A    N/A    N/A 
  110   1.140793E+04   1.139571E+00   1.648E+14   1.157E+33   9.746E-02      4.697E-01  -0.000E+00   4.697E-01   1.406E+00   0.000E+00   0.000E+00   0.000E+00   0.000E+00      5.382E+08   2.936E+09   1.000E+00   00000   1.033E+00   8.070E-01  3p2   N/A    N/A    N/A 
  111   1.144239E+04   1.144175E+00   1.600E+14   1.062E+33   9.465E-02      4.618E-01  -0.000E+00   4.618E-01   1.393E+00   0.000E+00   0.000E+00   0.000E+00   0.000E+00      5.158E+08   2.861E+09   1.000E+00   00000   1.038E+00   8.118E-01  3p2   N/A    N/A    N/A 
  112   1.148192E+04   1.149457E+00   1.540E+14   9.540E+32   9.108E-02      4.532E-01   0.000E+00   0.000E+00   1.264E+00   0.000E+00   0.000E+00   0.000E+00   0.000E+00      1.666E+09   0.000E+00   0.000E+00   00000   9.509E-01   0.000E+00  1s0  926.9  232.0   32.0
  113   1.152654E+04   1.155418E+00   1.482E+14   8.318E+32   8.765E-02      4.450E-01   0.000E+00   0.000E+00   1.251E+00   0.000E+00   0.000E+00   0.000E+00   0.000E+00      1.837E+09   0.000E+00   0.000E+00   00000   9.524E-01   0.000E+00  1s0  942.4  232.0   32.0
  114   1.155477E+04   1.158867E+00   1.426E+14   7.627E+32   8.434E-02      4.370E-01   0.000E+00   0.000E+00   1.237E+00   0.000E+00   0.000E+00   0.000E+00   0.000E+00      2.022E+09   0.000E+00   0.000E+00   00000   9.539E-01   0.000E+00  1s0  957.4  232.0   32.0
  115   1.157521E+04   1.161122E+00   1.372E+14   7.187E+32   8.116E-02      4.293E-01   0.000E+00   0.000E+00   1.223E+00   0.000E+00   0.000E+00   0.000E+00   0.000E+00      2.217E+09   0.000E+00   0.000E+00   00000   9.555E-01   0.000E+00  1s0  971.8  232.0   32.0
  116   1.159564E+04   1.163377E+00   1.320E+14   6.747E+32   7.810E-02      4.205E-01   0.000E+00   0.000E+00   1.210E+00   0.000E+00   0.000E+00   0.000E+00   0.000E+00      2.399E+09   0.000E+00   0.000E+00   00000   9.569E-01   0.000E+00  1s0  995.2  232.0   32.0
  117   1.161608E+04   1.165632E+00   1.271E+14   6.308E+32   7.517E-02      4.087E-01   0.000E+00   0.000E+00   1.201E+00   0.000E+00   0.000E+00   0.000E+00   0.000E+00      2.541E+09   0.000E+00   0.000E+00   00000   9.579E-01   0.000E+00  1s0 1043.5  232.0   32.0
  118   1.163651E+04   1.167887E+00   1.223E+14   5.868E+32   7.235E-02      3.977E-01   0.000E+00   0.000E+00   1.190E+00   0.000E+00   0.000E+00   0.000E+00   0.000E+00      2.690E+09   0.000E+00   0.000E+00   00000   9.591E-01   0.000E+00  1s0 1090.1  232.0   32.0
  119   1.165695E+04   1.170142E+00   1.177E+14   5.428E+32   6.963E-02      3.874E-01   0.000E+00   0.000E+00   1.179E+00   0.000E+00   0.000E+00   0.000E+00   0.000E+00      2.842E+09   0.000E+00   0.000E+00   00000   9.603E-01   0.000E+00  1s0 1134.9  232.0   32.0
  120   1.167738E+04   1.172397E+00   1.132E+14   4.988E+32   6.702E-02      3.778E-01   0.000E+00   0.000E+00   1.168E+00   0.000E+00   0.000E+00   0.000E+00   0.000E+00      2.993E+09   0.000E+00   0.000E+00   00000   9.615E-01   0.000E+00  1s0 1178.0  232.0   32.0
  121   1.169765E+04   1.174621E+00   1.090E+14   4.555E+32   6.451E-02      3.687E-01   0.000E+00   0.000E+00   1.156E+00   0.000E+00   0.000E+00   0.000E+00   0.000E+00      3.139E+09   0.000E+00   0.000E+00   00000   9.628E-01   0.000E+00  1s0 1219.4  232.0   32.0
  122   1.171215E+04   1.175805E+00   1.049E+14   4.333E+32   6.209E-02      3.601E-01   0.000E+00   0.000E+00   1.145E+00   0.000E+00   0.000E+00   0.000E+00   0.000E+00      3.280E+09   0.000E+00   0.000E+00   00000   9.641E-01   0.000E+00  1s0 1259.3  232.0   32.0
  123   1.172666E+04   1.176989E+00   1.009E+14   4.111E+32   5.976E-02      3.520E-01   0.000E+00   0.000E+00   1.133E+00   0.000E+00   0.000E+00   0.000E+00   0.000E+00      3.416E+09   0.000E+00   0.000E+00   00000   9.654E-01   0.000E+00  1s0 1297.8  232.0   32.0
  124   1.174116E+04   1.178172E+00   9.711E+13   3.889E+32   5.752E-02      3.443E-01   0.000E+00   0.000E+00   1.121E+00   0.000E+00   0.000E+00   0.000E+00   0.000E+00      3.547E+09   0.000E+00   0.000E+00   00000   9.667E-01   0.000E+00  1s0 1334.7  232.0   32.0
  125   1.175567E+04   1.179356E+00   9.345E+13   3.667E+32   5.536E-02      3.370E-01   0.000E+00   0.000E+00   1.108E+00   0.000E+00   0.000E+00   0.000E+00   0.000E+00      3.674E+09   0.000E+00   0.000E+00   00000   9.681E-01   0.000E+00  1s0 1370.3  232.0   32.0
  126   1.177018E+04   1.180540E+00   8.993E+13   3.446E+32   5.329E-02      3.300E-01   0.000E+00   0.000E+00   1.096E+00   0.000E+00   0.000E+00   0.000E+00   0.000E+00      3.796E+09   0.000E+00   0.000E+00   00000   9.694E-01   0.000E+00  1s0 1404.5  232.0   32.0
  127   1.178468E+04   1.181723E+00   8.655E+13   3.224E+32   5.129E-02      3.234E-01   0.000E+00   0.000E+00   1.084E+00   0.000E+00   0.000E+00   0.000E+00   0.000E+00      3.915E+09   0.000E+00   0.000E+00   00000   9.708E-01   0.000E+00  1s0 1437.4  232.0   32.0
  128   1.179919E+04   1.182907E+00   8.328E+13   3.002E+32   4.937E-02      3.169E-01   0.000E+00   0.000E+00   1.072E+00   0.000E+00   0.000E+00   0.000E+00   0.000E+00      4.029E+09   0.000E+00   0.000E+00   00000   9.721E-01   0.000E+00  1s0 1469.1  232.0   32.0
  129   1.181369E+04   1.184091E+00   8.015E+13   2.780E+32   4.752E-02      3.108E-01   0.000E+00   0.000E+00   1.060E+00   0.000E+00   0.000E+00   0.000E+00   0.000E+00      4.139E+09   0.000E+00   0.000E+00   00000   9.735E-01   0.000E+00  1s0 1499.6  232.0   32.0
  130   1.182676E+04   1.185040E+00   7.713E+13   2.604E+32   4.573E-02      3.291E-01   0.000E+00   0.000E+00   1.060E+00   0.000E+00   0.000E+00   0.000E+00   0.000E+00      4.135E+09   0.000E+00   0.000E+00   00000   9.734E-01   0.000E+00  1s0 1519.5  183.0   40.0
  131   1.183813E+04   1.185714E+00   7.422E+13   2.482E+32   4.401E-02      3.236E-01   0.000E+00   0.000E+00   1.047E+00   0.000E+00   0.000E+00   0.000E+00   0.000E+00      4.247E+09   0.000E+00   0.000E+00   00000   9.748E-01   0.000E+00  1s0 1538.6  183.0   40.0
  132   1.184949E+04   1.186388E+00   7.142E+13   2.361E+32   4.236E-02      3.182E-01   0.000E+00   0.000E+00   1.034E+00   0.000E+00   0.000E+00   0.000E+00   0.000E+00      4.353E+09   0.000E+00   0.000E+00   00000   9.762E-01   0.000E+00  1s0 1556.9  183.0   40.0
  133   1.186086E+04   1.187061E+00   6.873E+13   2.239E+32   4.077E-02      3.130E-01   0.000E+00   0.000E+00   1.022E+00   0.000E+00   0.000E+00   0.000E+00   0.000E+00      4.453E+09   0.000E+00   0.000E+00   00000   9.776E-01   0.000E+00  1s0 1574.5  183.0   40.0
  134   1.187222E+04   1.187735E+00   6.614E+13   2.117E+32   3.923E-02      3.079E-01   0.000E+00   0.000E+00   1.009E+00   0.000E+00   0.000E+00   0.000E+00   0.000E+00      4.548E+09   0.000E+00   0.000E+00   00000   9.790E-01   0.000E+00  1s0 1591.5  183.0   40.0
  135   1.188359E+04   1.188409E+00   6.365E+13   1.995E+32   3.776E-02      3.030E-01   0.000E+00   0.000E+00   9.969E-01   0.000E+00   0.000E+00   0.000E+00   0.000E+00      4.637E+09   0.000E+00   0.000E+00   00000   9.803E-01   0.000E+00  1s0 1607.8  183.0   40.0
  136   1.189496E+04   1.189083E+00   6.125E+13   1.873E+32   3.634E-02      2.982E-01   0.000E+00   0.000E+00   9.847E-01   0.000E+00   0.000E+00   0.000E+00   0.000E+00      4.720E+09   0.000E+00   0.000E+00   00000   9.817E-01   0.000E+00  1s0 1623.5  183.0   40.0
  137   1.190632E+04   1.189756E+00   5.894E+13   1.751E+32   3.497E-02      2.935E-01   0.000E+00   0.000E+00   9.725E-01   0.000E+00   0.000E+00   0.000E+00   0.000E+00      4.798E+09   0.000E+00   0.000E+00   00000   9.830E-01   0.000E+00  1s0 1638.7  183.0   40.0
  138   1.191769E+04   1.190430E+00   5.672E+13   1.629E+32   3.366E-02      2.889E-01   0.000E+00   0.000E+00   9.606E-01   0.000E+00   0.000E+00   0.000E+00   0.000E+00      4.869E+09   0.000E+00   0.000E+00   00000   9.843E-01   0.000E+00  1s0 1653.2  183.0   40.0
  139   1.192837E+04   1.191002E+00   5.459E+13   1.527E+32   3.239E-02      2.844E-01   0.000E+00   0.000E+00   9.487E-01   0.000E+00   0.000E+00   0.000E+00   0.000E+00      4.934E+09   0.000E+00   0.000E+00   00000   9.856E-01   0.000E+00  1s0 1667.2  183.0   40.0
  140   1.193791E+04   1.191407E+00   5.253E+13   1.456E+32   3.118E-02      2.801E-01   0.000E+00   0.000E+00   9.370E-01   0.000E+00   0.000E+00   0.000E+00   0.000E+00      4.994E+09   0.000E+00   0.000E+00   00000   9.869E-01   0.000E+00  1s0 1680.7  183.0   40.0
  141   1.194746E+04   1.191813E+00   5.055E+13   1.384E+32   3.001E-02      2.758E-01   0.000E+00   0.000E+00   9.254E-01   0.000E+00   0.000E+00   0.000E+00   0.000E+00      5.047E+09   0.000E+00   0.000E+00   00000   9.882E-01   0.000E+00  1s0 1693.7  183.0   40.0
  142   1.195700E+04   1.192218E+00   4.865E+13   1.313E+32   2.888E-02      2.717E-01   0.000E+00   0.000E+00   9.139E-01   0.000E+00   0.000E+00   0.000E+00   0.000E+00      5.094E+09   0.000E+00   0.000E+00   00000   9.895E-01   0.000E+00  1s0 1706.1  183.0   40.0
  143   1.196654E+04   1.192623E+00   4.681E+13   1.242E+32   2.779E-02      2.676E-01   0.000E+00   0.000E+00   9.026E-01   0.000E+00   0.000E+00   0.000E+00   0.000E+00      5.134E+09   0.000E+00   0.000E+00   00000   9.907E-01   0.000E+00  1s0 1718.2  183.0   40.0
  144   1.197609E+04   1.193028E+00   4.505E+13   1.171E+32   2.675E-02      2.636E-01   0.000E+00   0.000E+00   8.914E-01   0.000E+00   0.000E+00   0.000E+00   0.000E+00      5.169E+09   0.000E+00   0.000E+00   00000   9.919E-01   0.000E+00  1s0 1729.7  183.0   40.0
  145   1.198563E+04   1.193434E+00   4.335E+13   1.100E+32   2.575E-02      2.597E-01   0.000E+00   0.000E+00   8.803E-01   0.000E+00   0.000E+00   0.000E+00   0.000E+00      5.197E+09   0.000E+00   0.000E+00   00000   9.932E-01   0.000E+00  1s0 1740.8  183.0   40.0
  146   1.199518E+04   1.193839E+00   4.172E+13   1.029E+32   2.478E-02      2.559E-01   0.000E+00   0.000E+00   8.693E-01   0.000E+00   0.000E+00   0.000E+00   0.000E+00      5.219E+09   0.000E+00   0.000E+00   00000   9.944E-01   0.000E+00  1s0 1751.5  183.0   40.0
  147   1.200472E+04   1.194244E+00   4.015E+13   9.581E+31   2.385E-02      2.521E-01   0.000E+00   0.000E+00   8.585E-01   0.000E+00   0.000E+00   0.000E+00   0.000E+00      5.235E+09   0.000E+00   0.000E+00   00000   9.956E-01   0.000E+00  1s0 1761.8  183.0   40.0
  148   1.201387E+04   1.194609E+00   3.863E+13   8.943E+31   2.295E-02      2.485E-01   0.000E+00   0.000E+00   8.478E-01   0.000E+00   0.000E+00   0.000E+00   0.000E+00      5.244E+09   0.000E+00   0.000E+00   00000   9.967E-01   0.000E+00  1s0 1771.7  183.0   40.0
  149   1.202182E+04   1.194849E+00   3.718E+13   8.533E+31   2.209E-02      2.449E-01   0.000E+00   0.000E+00   8.372E-01   0.000E+00   0.000E+00   0.000E+00   0.000E+00      5.248E+09   0.000E+00   0.000E+00   00000   9.979E-01   0.000E+00  1s0 1781.3  183.0   40.0
  150   1.202976E+04   1.195090E+00   3.578E+13   8.123E+31   2.126E-02      2.414E-01   0.000E+00   0.000E+00   8.268E-01   0.000E+00   0.000E+00   0.000E+00   0.000E+00      5.245E+09   0.000E+00   0.000E+00   00000   9.991E-01   0.000E+00  1s0 1790.5  183.0   40.0
  151   1.203770E+04   1.195330E+00   3.443E+13   7.713E+31   2.046E-02      2.379E-01   0.000E+00   0.000E+00   8.165E-01   0.000E+00   0.000E+00   0.000E+00   0.000E+00      5.236E+09   0.000E+00   0.000E+00   00000   1.000E+00   0.000E+00  1s0 1799.3  183.0   40.0
  152   1.204564E+04   1.195570E+00   3.313E+13   7.303E+31   1.969E-02      2.543E-01   0.000E+00   0.000E+00   8.040E-01   0.000E+00   0.000E+00   0.000E+00   0.000E+00      5.217E+09   0.000E+00   0.000E+00   00000   1.000E+00   0.000E+00  1s0 1772.4  193.0   50.0
  153   1.205358E+04   1.195811E+00   3.188E+13   6.893E+31   1.895E-02      2.525E-01   0.000E+00   0.000E+00   7.932E-01   0.000E+00   0.000E+00   0.000E+00   0.000E+00      5.193E+09   0.000E+00   0.000E+00   00000   1.000E+00   0.000E+00  1s0 1743.4  193.0   50.0
  154   1.206152E+04   1.196051E+00   3.068E+13   6.482E+31   1.824E-02      2.506E-01   0.000E+00   0.000E+00   7.826E-01   0.000E+00   0.000E+00   0.000E+00   0.000E+00      5.162E+09   0.000E+00   0.000E+00   00000   1.000E+00   0.000E+00  1s0 1715.4  193.0   50.0
  155   1.206946E+04   1.196291E+00   2.953E+13   6.072E+31   1.755E-02      2.487E-01   0.000E+00   0.000E+00   7.722E-01   0.000E+00   0.000E+00   0.000E+00   0.000E+00      5.126E+09   0.000E+00   0.000E+00   00000   1.000E+00   0.000E+00  1s0 1688.6  193.0   50.0
  156   1.207740E+04   1.196532E+00   2.841E+13   5.662E+31   1.689E-02      2.469E-01   0.000E+00   0.000E+00   7.618E-01   0.000E+00   0.000E+00   0.000E+00   0.000E+00      5.085E+09   0.000E+00   0.000E+00   00000   1.000E+00   0.000E+00  1s0 1662.7  193.0   50.0
  157   1.208533E+04   1.196771E+00   2.734E+13   5.254E+31   1.626E-02      2.449E-01   0.000E+00   0.000E+00   7.517E-01   0.000E+00   0.000E+00   0.000E+00   0.000E+00      5.039E+09   0.000E+00   0.000E+00   00000   1.000E+00   0.000E+00  1s0 1637.8  193.0   50.0
  158   1.209197E+04   1.196913E+00   2.631E+13   5.016E+31   1.565E-02      2.430E-01   0.000E+00   0.000E+00   7.416E-01   0.000E+00   0.000E+00   0.000E+00   0.000E+00      4.990E+09   0.000E+00   0.000E+00   00000   1.000E+00   0.000E+00  1s0 1613.9  193.0   50.0
  159   1.209861E+04   1.197056E+00   2.532E+13   4.779E+31   1.506E-02      2.411E-01   0.000E+00   0.000E+00   7.317E-01   0.000E+00   0.000E+00   0.000E+00   0.000E+00      4.938E+09   0.000E+00   0.000E+00   00000   1.000E+00   0.000E+00  1s0 1590.8  193.0   50.0
  160   1.210525E+04   1.197198E+00   2.437E+13   4.542E+31   1.449E-02      2.392E-01   0.000E+00   0.000E+00   7.220E-01   0.000E+00   0.000E+00   0.000E+00   0.000E+00      4.882E+09   0.000E+00   0.000E+00   00000   1.000E+00   0.000E+00  1s0 1568.7  193.0   50.0
  161   1.211188E+04   1.197340E+00   2.345E+13   4.305E+31   1.395E-02      2.372E-01   0.000E+00   0.000E+00   7.124E-01   0.000E+00   0.000E+00   0.000E+00   0.000E+00      4.825E+09   0.000E+00   0.000E+00   00000   1.000E+00   0.000E+00  1s0 1547.3  193.0   50.0
  162   1.211852E+04   1.197482E+00   2.257E+13   4.067E+31   1.342E-02      2.352E-01   0.000E+00   0.000E+00   7.029E-01   0.000E+00   0.000E+00   0.000E+00   0.000E+00      4.765E+09   0.000E+00   0.000E+00   00000   1.000E+00   0.000E+00  1s0 1526.8  193.0   50.0
  163   1.212516E+04   1.197625E+00   2.172E+13   3.830E+31   1.292E-02      2.333E-01   0.000E+00   0.000E+00   6.935E-01   0.000E+00   0.000E+00   0.000E+00   0.000E+00      4.705E+09   0.000E+00   0.000E+00   00000   1.000E+00   0.000E+00  1s0 1507.0  193.0   50.0
  164   1.213180E+04   1.197767E+00   2.090E+13   3.593E+31   1.243E-02      2.313E-01   0.000E+00   0.000E+00   6.843E-01   0.000E+00   0.000E+00   0.000E+00   0.000E+00      4.643E+09   0.000E+00   0.000E+00   00000   1.000E+00   0.000E+00  1s0 1488.0  193.0   50.0
  165   1.213844E+04   1.197909E+00   2.011E+13   3.356E+31   1.197E-02      2.293E-01   0.000E+00   0.000E+00   6.752E-01   0.000E+00   0.000E+00   0.000E+00   0.000E+00      4.580E+09   0.000E+00   0.000E+00   00000   1.000E+00   0.000E+00  1s0 1469.7  193.0   50.0
  166   1.214508E+04   1.198052E+00   1.935E+13   3.118E+31   1.152E-02      2.273E-01   0.000E+00   0.000E+00   6.662E-01   0.000E+00   0.000E+00   0.000E+00   0.000E+00      4.516E+09   0.000E+00   0.000E+00   00000   1.000E+00   0.000E+00  1s0 1452.1  193.0   50.0
  167   1.215090E+04   1.198151E+00   1.862E+13   2.954E+31   1.108E-02      2.253E-01   0.000E+00   0.000E+00   6.573E-01   0.000E+00   0.000E+00   0.000E+00   0.000E+00      4.453E+09   0.000E+00   0.000E+00   00000   1.000E+00   0.000E+00  1s0 1435.1  193.0   50.0
  168   1.215640E+04   1.198235E+00   1.792E+13   2.818E+31   1.067E-02      2.233E-01   0.000E+00   0.000E+00   6.486E-01   0.000E+00   0.000E+00   0.000E+00   0.000E+00      4.389E+09   0.000E+00   0.000E+00   00000   1.000E+00   0.000E+00  1s0 1418.8  193.0   50.0
  169   1.216191E+04   1.198318E+00   1.725E+13   2.682E+31   1.027E-02      2.213E-01   0.000E+00   0.000E+00   6.400E-01   0.000E+00   0.000E+00   0.000E+00   0.000E+00      4.325E+09   0.000E+00   0.000E+00   00000   1.000E+00   0.000E+00  1s0 1403.1  193.0   50.0
  170   1.216741E+04   1.198401E+00   1.660E+13   2.546E+31   9.881E-03      2.192E-01   0.000E+00   0.000E+00   6.315E-01   0.000E+00   0.000E+00   0.000E+00   0.000E+00      4.261E+09   0.000E+00   0.000E+00   00000   1.000E+00   0.000E+00  1s0 1388.0  193.0   50.0
  171   1.217292E+04   1.198485E+00   1.597E+13   2.409E+31   9.510E-03      2.172E-01   0.000E+00   0.000E+00   6.232E-01   0.000E+00   0.000E+00   0.000E+00   0.000E+00      4.198E+09   0.000E+00   0.000E+00   00000   1.000E+00   0.000E+00  1s0 1373.5  193.0   50.0
  172   1.217843E+04   1.198568E+00   1.537E+13   2.273E+31   9.153E-03      2.152E-01   0.000E+00   0.000E+00   6.149E-01   0.000E+00   0.000E+00   0.000E+00   0.000E+00      4.136E+09   0.000E+00   0.000E+00   00000   1.000E+00   0.000E+00  1s0 1359.5  193.0   50.0
  173   1.218393E+04   1.198651E+00   1.479E+13   2.137E+31   8.809E-03      2.134E-01   0.000E+00   0.000E+00   6.118E-01   0.000E+00   0.000E+00   0.000E+00   0.000E+00      4.111E+09   0.000E+00   0.000E+00   00000   1.000E+00   0.000E+00  1s0 1341.9  164.0   50.0
  174   1.218944E+04   1.198734E+00   1.423E+13   2.001E+31   8.477E-03      2.121E-01   0.000E+00   0.000E+00   6.034E-01   0.000E+00   0.000E+00   0.000E+00   0.000E+00      4.048E+09   0.000E+00   0.000E+00   00000   1.000E+00   0.000E+00  1s0 1315.5  164.0   50.0
  175   1.219494E+04   1.198818E+00   1.370E+13   1.865E+31   8.158E-03      2.108E-01   0.000E+00   0.000E+00   5.952E-01   0.000E+00   0.000E+00   0.000E+00   0.000E+00      3.985E+09   0.000E+00   0.000E+00   00000   1.000E+00   0.000E+00  1s0 1290.1  164.0   50.0
  176   1.220013E+04   1.198890E+00   1.318E+13   1.748E+31   7.851E-03      2.094E-01   0.000E+00   0.000E+00   5.871E-01   0.000E+00   0.000E+00   0.000E+00   0.000E+00      3.923E+09   0.000E+00   0.000E+00   00000   1.000E+00   0.000E+00  1s0 1265.7  164.0   50.0
  177   1.220461E+04   1.198937E+00   1.268E+13   1.671E+31   7.555E-03      2.080E-01   0.000E+00   0.000E+00   5.791E-01   0.000E+00   0.000E+00   0.000E+00   0.000E+00      3.862E+09   0.000E+00   0.000E+00   00000   1.000E+00   0.000E+00  1s0 1242.1  164.0   50.0
  178   1.220910E+04   1.198985E+00   1.221E+13   1.595E+31   7.271E-03      2.067E-01   0.000E+00   0.000E+00   5.712E-01   0.000E+00   0.000E+00   0.000E+00   0.000E+00      3.802E+09   0.000E+00   0.000E+00   00000   1.000E+00   0.000E+00  1s0 1219.5  164.0   50.0
  179   1.221358E+04   1.199032E+00   1.175E+13   1.519E+31   6.997E-03      2.053E-01   0.000E+00   0.000E+00   5.634E-01   0.000E+00   0.000E+00   0.000E+00   0.000E+00      3.742E+09   0.000E+00   0.000E+00   00000   1.000E+00   0.000E+00  1s0 1197.7  164.0   50.0
  180   1.221806E+04   1.199079E+00   1.130E+13   1.443E+31   6.733E-03      2.039E-01   0.000E+00   0.000E+00   5.557E-01   0.000E+00   0.000E+00   0.000E+00   0.000E+00      3.682E+09   0.000E+00   0.000E+00   00000   1.000E+00   0.000E+00  1s0 1176.7  164.0   50.0
  181   1.222255E+04   1.199127E+00   1.088E+13   1.367E+31   6.480E-03      2.024E-01   0.000E+00   0.000E+00   5.481E-01   0.000E+00   0.000E+00   0.000E+00   0.000E+00      3.623E+09   0.000E+00   0.000E+00   00000   1.000E+00   0.000E+00  1s0 1156.5  164.0   50.0
  182   1.222703E+04   1.199174E+00   1.047E+13   1.291E+31   6.236E-03      2.010E-01   0.000E+00   0.000E+00   5.406E-01   0.000E+00   0.000E+00   0.000E+00   0.000E+00      3.564E+09   0.000E+00   0.000E+00   00000   1.000E+00   0.000E+00  1s0 1137.1  164.0   50.0
  183   1.223152E+04   1.199221E+00   1.007E+13   1.215E+31   6.001E-03      1.995E-01   0.000E+00   0.000E+00   5.332E-01   0.000E+00   0.000E+00   0.000E+00   0.000E+00      3.505E+09   0.000E+00   0.000E+00   00000   1.000E+00   0.000E+00  1s0 1118.4  164.0   50.0
  184   1.223600E+04   1.199269E+00   9.694E+12   1.139E+31   5.775E-03      1.981E-01   0.000E+00   0.000E+00   5.260E-01   0.000E+00   0.000E+00   0.000E+00   0.000E+00      3.447E+09   0.000E+00   0.000E+00   00000   1.000E+00   0.000E+00  1s0 1100.4  164.0   50.0
  185   1.224048E+04   1.199316E+00   9.328E+12   1.062E+31   5.558E-03      1.965E-01   0.000E+00   0.000E+00   5.194E-01   0.000E+00   0.000E+00   0.000E+00   0.000E+00      3.393E+09   0.000E+00   0.000E+00   00000   1.000E+00   0.000E+00  1s0 1084.4  161.0   50.0
  186   1.224441E+04   1.199351E+00   8.977E+12   1.008E+31   5.349E-03      1.949E-01   0.000E+00   0.000E+00   5.124E-01   0.000E+00   0.000E+00   0.000E+00   0.000E+00      3.335E+09   0.000E+00   0.000E+00   00000   1.000E+00   0.000E+00  1s0 1069.0  161.0   50.0
  187   1.224794E+04   1.199376E+00   8.639E+12   9.672E+30   5.147E-03      1.934E-01   0.000E+00   0.000E+00   5.054E-01   0.000E+00   0.000E+00   0.000E+00   0.000E+00      3.277E+09   0.000E+00   0.000E+00   00000   1.000E+00   0.000E+00  1s0 1054.2  161.0   50.0
  188   1.225148E+04   1.199401E+00   8.313E+12   9.268E+30   4.954E-03      1.918E-01   0.000E+00   0.000E+00   4.986E-01   0.000E+00   0.000E+00   0.000E+00   0.000E+00      3.219E+09   0.000E+00   0.000E+00   00000   1.000E+00   0.000E+00  1s0 1040.0  161.0   50.0
  189   1.225502E+04   1.199427E+00   8.000E+12   8.864E+30   4.767E-03      1.902E-01   0.000E+00   0.000E+00   4.919E-01   0.000E+00   0.000E+00   0.000E+00   0.000E+00      3.161E+09   0.000E+00   0.000E+00   00000   1.000E+00   0.000E+00  1s0 1026.3  161.0   50.0
  190   1.225855E+04   1.199452E+00   7.699E+12   8.461E+30   4.588E-03      1.886E-01   0.000E+00   0.000E+00   4.852E-01   0.000E+00   0.000E+00   0.000E+00   0.000E+00      3.102E+09   0.000E+00   0.000E+00   00000   1.000E+00   0.000E+00  1s0 1013.1  161.0   50.0
  191   1.226209E+04   1.199478E+00   7.408E+12   8.057E+30   4.415E-03      1.870E-01   0.000E+00   0.000E+00   4.787E-01   0.000E+00   0.000E+00   0.000E+00   0.000E+00      3.044E+09   0.000E+00   0.000E+00   00000   1.000E+00   0.000E+00  1s0 1000.4  161.0   50.0
  192   1.226563E+04   1.199503E+00   7.129E+12   7.653E+30   4.249E-03      1.853E-01   0.000E+00   0.000E+00   4.722E-01   0.000E+00   0.000E+00   0.000E+00   0.000E+00      2.986E+09   0.000E+00   0.000E+00   00000   1.000E+00   0.000E+00  1s0  988.2  161.0   50.0
  193   1.226916E+04   1.199529E+00   6.861E+12   7.250E+30   4.089E-03      1.837E-01   0.000E+00   0.000E+00   4.659E-01   0.000E+00   0.000E+00   0.000E+00   0.000E+00      2.928E+09   0.000E+00   0.000E+00   00000   1.000E+00   0.000E+00  1s0  976.4  161.0   50.0
  194   1.227270E+04   1.199554E+00   6.602E+12   6.846E+30   3.935E-03      1.821E-01   0.000E+00   0.000E+00   4.596E-01   0.000E+00   0.000E+00   0.000E+00   0.000E+00      2.871E+09   0.000E+00   0.000E+00   00000   1.000E+00   0.000E+00  1s0  965.1  161.0   50.0
  195   1.227624E+04   1.199580E+00   6.353E+12   6.442E+30   3.787E-03      1.805E-01   0.000E+00   0.000E+00   4.534E-01   0.000E+00   0.000E+00   0.000E+00   0.000E+00      2.813E+09   0.000E+00   0.000E+00   00000   1.000E+00   0.000E+00  1s0  954.2  161.0   50.0
  196   1.227970E+04   1.199604E+00   6.114E+12   6.055E+30   3.645E-03      1.796E-01   0.000E+00   0.000E+00   4.473E-01   0.000E+00   0.000E+00   0.000E+00   0.000E+00      2.757E+09   0.000E+00   0.000E+00   00000   1.000E+00   0.000E+00  1s0  932.1  159.0   50.0
  197   1.228225E+04   1.199616E+00   5.884E+12   5.872E+30   3.508E-03      1.791E-01   0.000E+00   0.000E+00   4.407E-01   0.000E+00   0.000E+00   0.000E+00   0.000E+00      2.694E+09   0.000E+00   0.000E+00   00000   1.000E+00   0.000E+00  1s0  903.2  159.0   50.0
  198   1.228479E+04   1.199628E+00   5.662E+12   5.688E+30   3.376E-03      1.787E-01   0.000E+00   0.000E+00   4.341E-01   0.000E+00   0.000E+00   0.000E+00   0.000E+00      2.632E+09   0.000E+00   0.000E+00   00000   1.000E+00   0.000E+00  1s0  875.5  159.0   50.0
  199   1.228734E+04   1.199640E+00   5.449E+12   5.504E+30   3.248E-03      1.783E-01   0.000E+00   0.000E+00   4.276E-01   0.000E+00   0.000E+00   0.000E+00   0.000E+00      2.571E+09   0.000E+00   0.000E+00   00000   1.000E+00   0.000E+00  1s0  848.7  159.0   50.0
  200   1.228989E+04   1.199651E+00   5.243E+12   5.321E+30   3.126E-03      1.778E-01   0.000E+00   0.000E+00   4.211E-01   0.000E+00   0.000E+00   0.000E+00   0.000E+00      2.509E+09   0.000E+00   0.000E+00   00000   1.000E+00   0.000E+00  1s0  823.0  159.0   50.0
  201   1.229244E+04   1.199663E+00   5.046E+12   5.137E+30   3.008E-03      1.774E-01   0.000E+00   0.000E+00   4.147E-01   0.000E+00   0.000E+00   0.000E+00   0.000E+00      2.448E+09   0.000E+00   0.000E+00   00000   1.000E+00   0.000E+00  1s0  798.3  159.0   50.0
  202   1.229499E+04   1.199675E+00   4.856E+12   4.953E+30   2.895E-03      1.769E-01   0.000E+00   0.000E+00   4.084E-01   0.000E+00   0.000E+00   0.000E+00   0.000E+00      2.388E+09   0.000E+00   0.000E+00   00000   1.000E+00   0.000E+00  1s0  774.4  159.0   50.0
  203   1.229753E+04   1.199687E+00   4.673E+12   4.770E+30   2.786E-03      1.764E-01   0.000E+00   0.000E+00   4.022E-01   0.000E+00   0.000E+00   0.000E+00   0.000E+00      2.328E+09   0.000E+00   0.000E+00   00000   1.000E+00   0.000E+00  1s0  751.5  159.0   50.0
  204   1.230008E+04   1.199698E+00   4.497E+12   4.586E+30   2.681E-03      1.759E-01   0.000E+00   0.000E+00   3.960E-01   0.000E+00   0.000E+00   0.000E+00   0.000E+00      2.269E+09   0.000E+00   0.000E+00   00000   1.000E+00   0.000E+00  1s0  729.5  159.0   50.0
  205   1.230263E+04   1.199710E+00   4.327E+12   4.402E+30   2.580E-03      1.754E-01   0.000E+00   0.000E+00   3.898E-01   0.000E+00   0.000E+00   0.000E+00   0.000E+00      2.211E+09   0.000E+00   0.000E+00   00000   1.000E+00   0.000E+00  1s0  708.2  159.0   50.0
  206   1.230518E+04   1.199722E+00   4.164E+12   4.219E+30   2.483E-03      1.748E-01   0.000E+00   0.000E+00   3.838E-01   0.000E+00   0.000E+00   0.000E+00   0.000E+00      2.153E+09   0.000E+00   0.000E+00   00000   1.000E+00   0.000E+00  1s0  687.8  159.0   50.0
  207   1.230772E+04   1.199734E+00   4.007E+12   4.035E+30   2.390E-03      1.743E-01   0.000E+00   0.000E+00   3.778E-01   0.000E+00   0.000E+00   0.000E+00   0.000E+00      2.096E+09   0.000E+00   0.000E+00   00000   1.000E+00   0.000E+00  1s0  668.2  159.0   50.0
  208   1.231027E+04   1.199745E+00   3.856E+12   3.851E+30   2.300E-03      1.737E-01   0.000E+00   0.000E+00   3.719E-01   0.000E+00   0.000E+00   0.000E+00   0.000E+00      2.039E+09   0.000E+00   0.000E+00   00000   1.000E+00   0.000E+00  1s0  649.2  159.0   50.0
  209   1.231280E+04   1.199756E+00   3.711E+12   3.677E+30   2.213E-03      1.732E-01   0.000E+00   0.000E+00   3.660E-01   0.000E+00   0.000E+00   0.000E+00   0.000E+00      1.984E+09   0.000E+00   0.000E+00   00000   1.000E+00   0.000E+00  1s0  631.0  159.0   50.0
  210   1.231513E+04   1.199763E+00   3.571E+12   3.576E+30   2.130E-03      1.726E-01   0.000E+00   0.000E+00   3.602E-01   0.000E+00   0.000E+00   0.000E+00   0.000E+00      1.929E+09   0.000E+00   0.000E+00   00000   1.000E+00   0.000E+00  1s0  613.5  159.0   50.0
  211   1.231746E+04   1.199769E+00   3.437E+12   3.475E+30   2.050E-03      1.720E-01   0.000E+00   0.000E+00   3.544E-01   0.000E+00   0.000E+00   0.000E+00   0.000E+00      1.875E+09   0.000E+00   0.000E+00   00000   1.000E+00   0.000E+00  1s0  596.7  159.0   50.0
  212   1.231980E+04   1.199776E+00   3.307E+12   3.375E+30   1.973E-03      1.714E-01   0.000E+00   0.000E+00   3.487E-01   0.000E+00   0.000E+00   0.000E+00   0.000E+00      1.822E+09   0.000E+00   0.000E+00   00000   1.000E+00   0.000E+00  1s0  580.4  159.0   50.0
  213   1.232213E+04   1.199782E+00   3.183E+12   3.274E+30   1.898E-03      1.707E-01   0.000E+00   0.000E+00   3.431E-01   0.000E+00   0.000E+00   0.000E+00   0.000E+00      1.769E+09   0.000E+00   0.000E+00   00000   1.000E+00   0.000E+00  1s0  564.8  159.0   50.0
  214   1.232446E+04   1.199789E+00   3.063E+12   3.173E+30   1.827E-03      1.701E-01   0.000E+00   0.000E+00   3.375E-01   0.000E+00   0.000E+00   0.000E+00   0.000E+00      1.718E+09   0.000E+00   0.000E+00   00000   1.000E+00   0.000E+00  1s0  549.8  159.0   50.0
  215   1.232680E+04   1.199796E+00   2.947E+12   3.072E+30   1.758E-03      1.694E-01   0.000E+00   0.000E+00   3.320E-01   0.000E+00   0.000E+00   0.000E+00   0.000E+00      1.668E+09   0.000E+00   0.000E+00   00000   1.000E+00   0.000E+00  1s0  535.4  159.0   50.0
  216   1.232913E+04   1.199802E+00   2.836E+12   2.971E+30   1.692E-03      1.687E-01   0.000E+00   0.000E+00   3.266E-01   0.000E+00   0.000E+00   0.000E+00   0.000E+00      1.618E+09   0.000E+00   0.000E+00   00000   1.000E+00   0.000E+00  1s0  521.4  159.0   50.0
  217   1.233146E+04   1.199809E+00   2.729E+12   2.870E+30   1.628E-03      1.680E-01   0.000E+00   0.000E+00   3.212E-01   0.000E+00   0.000E+00   0.000E+00   0.000E+00      1.570E+09   0.000E+00   0.000E+00   00000   1.000E+00   0.000E+00  1s0  508.1  159.0   50.0
  218   1.233380E+04   1.199815E+00   2.626E+12   2.770E+30   1.567E-03      1.554E-01   0.000E+00   0.000E+00   3.284E-01   0.000E+00   0.000E+00   0.000E+00   0.000E+00      1.635E+09   0.000E+00   0.000E+00   00000   1.000E+00   0.000E+00  1s0  494.2  117.0   40.0
  219   1.233613E+04   1.199822E+00   2.528E+12   2.669E+30   1.508E-03      1.550E-01   0.000E+00   0.000E+00   3.232E-01   0.000E+00   0.000E+00   0.000E+00   0.000E+00      1.588E+09   0.000E+00   0.000E+00   00000   1.000E+00   0.000E+00  1s0  479.3  117.0   40.0
  220   1.233847E+04   1.199828E+00   2.432E+12   2.568E+30   1.451E-03      1.546E-01   0.000E+00   0.000E+00   3.180E-01   0.000E+00   0.000E+00   0.000E+00   0.000E+00      1.542E+09   0.000E+00   0.000E+00   00000   1.000E+00   0.000E+00  1s0  464.9  117.0   40.0
  221   1.234080E+04   1.199835E+00   2.341E+12   2.467E+30   1.397E-03      1.542E-01   0.000E+00   0.000E+00   3.129E-01   0.000E+00   0.000E+00   0.000E+00   0.000E+00      1.496E+09   0.000E+00   0.000E+00   00000   1.000E+00   0.000E+00  1s0  451.1  117.0   40.0
  222   1.234313E+04   1.199841E+00   2.252E+12   2.366E+30   1.344E-03      1.538E-01   0.000E+00   0.000E+00   3.078E-01   0.000E+00   0.000E+00   0.000E+00   0.000E+00      1.452E+09   0.000E+00   0.000E+00   00000   1.000E+00   0.000E+00  1s0  437.8  117.0   40.0
  223   1.234547E+04   1.199848E+00   2.168E+12   2.266E+30   1.294E-03      1.533E-01   0.000E+00   0.000E+00   3.028E-01   0.000E+00   0.000E+00   0.000E+00   0.000E+00      1.408E+09   0.000E+00   0.000E+00   00000   1.000E+00   0.000E+00  1s0  424.9  117.0   40.0
  224   1.234771E+04   1.199852E+00   2.086E+12   2.207E+30   1.245E-03      1.529E-01   0.000E+00   0.000E+00   2.978E-01   0.000E+00   0.000E+00   0.000E+00   0.000E+00      1.366E+09   0.000E+00   0.000E+00   00000   1.000E+00   0.000E+00  1s0  412.6  117.0   40.0
  225   1.234993E+04   1.199855E+00   2.007E+12   2.155E+30   1.198E-03      1.524E-01   0.000E+00   0.000E+00   2.929E-01   0.000E+00   0.000E+00   0.000E+00   0.000E+00      1.324E+09   0.000E+00   0.000E+00   00000   1.000E+00   0.000E+00  1s0  400.8  117.0   40.0
  226   1.235216E+04   1.199858E+00   1.932E+12   2.102E+30   1.153E-03      1.519E-01   0.000E+00   0.000E+00   2.880E-01   0.000E+00   0.000E+00   0.000E+00   0.000E+00      1.283E+09   0.000E+00   0.000E+00   00000   1.000E+00   0.000E+00  1s0  389.4  117.0   40.0
  227   1.235439E+04   1.199862E+00   1.859E+12   2.050E+30   1.110E-03      1.514E-01   0.000E+00   0.000E+00   2.831E-01   0.000E+00   0.000E+00   0.000E+00   0.000E+00      1.243E+09   0.000E+00   0.000E+00   00000   1.000E+00   0.000E+00  1s0  378.4  117.0   40.0
  228   1.235662E+04   1.199865E+00   1.789E+12   1.998E+30   1.068E-03      1.509E-01   0.000E+00   0.000E+00   2.783E-01   0.000E+00   0.000E+00   0.000E+00   0.000E+00      1.203E+09   0.000E+00   0.000E+00   00000   1.000E+00   0.000E+00  1s0  367.8  117.0   40.0
  229   1.235884E+04   1.199869E+00   1.721E+12   1.945E+30   1.028E-03      1.504E-01   0.000E+00   0.000E+00   2.736E-01   0.000E+00   0.000E+00   0.000E+00   0.000E+00      1.165E+09   0.000E+00   0.000E+00   00000   1.000E+00   0.000E+00  1s0  357.6  117.0   40.0
  230   1.236107E+04   1.199872E+00   1.657E+12   1.893E+30   9.890E-04      1.499E-01   0.000E+00   0.000E+00   2.689E-01   0.000E+00   0.000E+00   0.000E+00   0.000E+00      1.126E+09   0.000E+00   0.000E+00   00000   1.000E+00   0.000E+00  1s0  347.9  117.0   40.0
  231   1.236330E+04   1.199876E+00   1.594E+12   1.840E+30   9.518E-04      1.493E-01   0.000E+00   0.000E+00   2.642E-01   0.000E+00   0.000E+00   0.000E+00   0.000E+00      1.089E+09   0.000E+00   0.000E+00   00000   1.000E+00   0.000E+00  1s0  338.4  117.0   40.0
  232   1.236553E+04   1.199879E+00   1.534E+12   1.788E+30   9.160E-04      1.488E-01   0.000E+00   0.000E+00   2.596E-01   0.000E+00   0.000E+00   0.000E+00   0.000E+00      1.052E+09   0.000E+00   0.000E+00   00000   1.000E+00   0.000E+00  1s0  329.4  117.0   40.0
  233   1.236775E+04   1.199882E+00   1.476E+12   1.736E+30   8.816E-04      1.482E-01   0.000E+00   0.000E+00   2.550E-01   0.000E+00   0.000E+00   0.000E+00   0.000E+00      1.016E+09   0.000E+00   0.000E+00   00000   1.000E+00   0.000E+00  1s0  320.6  117.0   40.0
  234   1.236998E+04   1.199886E+00   1.421E+12   1.683E+30   8.484E-04      1.476E-01   0.000E+00   0.000E+00   2.509E-01   0.000E+00   0.000E+00   0.000E+00   0.000E+00      9.839E+08   0.000E+00   0.000E+00   00000   1.000E+00   0.000E+00  1s0  312.3  116.0   40.0
  235   1.237221E+04   1.199889E+00   1.367E+12   1.631E+30   8.165E-04      1.470E-01   0.000E+00   0.000E+00   2.464E-01   0.000E+00   0.000E+00   0.000E+00   0.000E+00      9.489E+08   0.000E+00   0.000E+00   00000   1.000E+00   0.000E+00  1s0  304.3  116.0   40.0
  236   1.237444E+04   1.199893E+00   1.316E+12   1.578E+30   7.858E-04      1.464E-01   0.000E+00   0.000E+00   2.420E-01   0.000E+00   0.000E+00   0.000E+00   0.000E+00      9.145E+08   0.000E+00   0.000E+00   00000   1.000E+00   0.000E+00  1s0  296.6  116.0   40.0
  237   1.237666E+04   1.199896E+00   1.266E+12   1.526E+30   7.562E-04      1.458E-01   0.000E+00   0.000E+00   2.376E-01   0.000E+00   0.000E+00   0.000E+00   0.000E+00      8.805E+08   0.000E+00   0.000E+00   00000   1.000E+00   0.000E+00  1s0  289.2  116.0   40.0
  238   1.237889E+04   1.199900E+00   1.218E+12   1.474E+30   7.278E-04      1.451E-01   0.000E+00   0.000E+00   2.332E-01   0.000E+00   0.000E+00   0.000E+00   0.000E+00      8.470E+08   0.000E+00   0.000E+00   00000   1.000E+00   0.000E+00  1s0  282.1  116.0   40.0
  239   1.238114E+04   1.199903E+00   1.172E+12   1.422E+30   7.004E-04      1.445E-01   0.000E+00   0.000E+00   2.289E-01   0.000E+00   0.000E+00   0.000E+00   0.000E+00      8.139E+08   0.000E+00   0.000E+00   00000   1.000E+00   0.000E+00  1s0  275.2  116.0   40.0
  240   1.238401E+04   1.199905E+00   1.128E+12   1.384E+30   6.741E-04      1.438E-01   0.000E+00   0.000E+00   2.247E-01   0.000E+00   0.000E+00   0.000E+00   0.000E+00      7.812E+08   0.000E+00   0.000E+00   00000   1.000E+00   0.000E+00  1s0  268.6  116.0   40.0
  241   1.238689E+04   1.199908E+00   1.086E+12   1.347E+30   6.487E-04      1.431E-01   0.000E+00   0.000E+00   2.204E-01   0.000E+00   0.000E+00   0.000E+00   0.000E+00      7.490E+08   0.000E+00   0.000E+00   00000   1.000E+00   0.000E+00  1s0  262.2  116.0   40.0
  242   1.238976E+04   1.199910E+00   1.045E+12   1.309E+30   6.244E-04      1.424E-01   0.000E+00   0.000E+00   2.163E-01   0.000E+00   0.000E+00   0.000E+00   0.000E+00      7.171E+08   0.000E+00   0.000E+00   00000   1.000E+00   0.000E+00  1s0  256.1  116.0   40.0
  243   1.239263E+04   1.199913E+00   1.005E+12   1.272E+30   6.009E-04      1.417E-01   0.000E+00   0.000E+00   2.121E-01   0.000E+00   0.000E+00   0.000E+00   0.000E+00      6.855E+08   0.000E+00   0.000E+00   00000   1.000E+00   0.000E+00  1s0  250.2  116.0   40.0
  244   1.239551E+04   1.199915E+00   9.676E+11   1.234E+30   5.783E-04      1.410E-01   0.000E+00   0.000E+00   2.080E-01   0.000E+00   0.000E+00   0.000E+00   0.000E+00      6.543E+08   0.000E+00   0.000E+00   00000   1.000E+00   0.000E+00  1s0  244.6  116.0   40.0
  245   1.239838E+04   1.199918E+00   9.311E+11   1.196E+30   5.565E-04      1.402E-01   0.000E+00   0.000E+00   2.040E-01   0.000E+00   0.000E+00   0.000E+00   0.000E+00      6.234E+08   0.000E+00   0.000E+00   00000   1.000E+00   0.000E+00  1s0  239.1  116.0   40.0
  246   1.240125E+04   1.199920E+00   8.961E+11   1.159E+30   5.355E-04      1.395E-01   0.000E+00   0.000E+00   1.999E-01   0.000E+00   0.000E+00   0.000E+00   0.000E+00      5.929E+08   0.000E+00   0.000E+00   00000   1.000E+00   0.000E+00  1s0  233.9  116.0   40.0
  247   1.240413E+04   1.199923E+00   8.623E+11   1.121E+30   5.154E-04      1.387E-01   0.000E+00   0.000E+00   1.960E-01   0.000E+00   0.000E+00   0.000E+00   0.000E+00      5.626E+08   0.000E+00   0.000E+00   00000   1.000E+00   0.000E+00  1s0  228.8  116.0   40.0
  248   1.240700E+04   1.199925E+00   8.298E+11   1.084E+30   4.959E-04      1.379E-01   0.000E+00   0.000E+00   1.920E-01   0.000E+00   0.000E+00   0.000E+00   0.000E+00      5.327E+08   0.000E+00   0.000E+00   00000   1.000E+00   0.000E+00  1s0  224.0  116.0   40.0
  249   1.240988E+04   1.199928E+00   7.985E+11   1.046E+30   4.773E-04      1.371E-01   0.000E+00   0.000E+00   1.881E-01   0.000E+00   0.000E+00   0.000E+00   0.000E+00      5.032E+08   0.000E+00   0.000E+00   00000   1.000E+00   0.000E+00  1s0  219.3  116.0   40.0
  250   1.241275E+04   1.199930E+00   7.685E+11   1.009E+30   4.593E-04      1.363E-01   0.000E+00   0.000E+00   1.843E-01   0.000E+00   0.000E+00   0.000E+00   0.000E+00      4.742E+08   0.000E+00   0.000E+00   00000   1.000E+00   0.000E+00  1s0  214.8  116.0   40.0
  251   1.241562E+04   1.199933E+00   7.395E+11   9.710E+29   4.420E-04      1.355E-01   0.000E+00   0.000E+00   1.804E-01   0.000E+00   0.000E+00   0.000E+00   0.000E+00      4.458E+08   0.000E+00   0.000E+00   00000   1.000E+00   0.000E+00  1s0  210.5  116.0   40.0
  252   1.241850E+04   1.199935E+00   7.116E+11   9.335E+29   4.254E-04      1.347E-01   0.000E+00   0.000E+00   1.767E-01   0.000E+00   0.000E+00   0.000E+00   0.000E+00      4.179E+08   0.000E+00   0.000E+00   00000   1.000E+00   0.000E+00  1s0  206.3  116.0   40.0
  253   1.242137E+04   1.199938E+00   6.848E+11   8.959E+29   4.093E-04      1.338E-01   0.000E+00   0.000E+00   1.729E-01   0.000E+00   0.000E+00   0.000E+00   0.000E+00      3.906E+08   0.000E+00   0.000E+00   00000   1.000E+00   0.000E+00  1s0  202.3  116.0   40.0
  254   1.242398E+04   1.199939E+00   6.590E+11   8.732E+29   3.939E-04      1.330E-01   0.000E+00   0.000E+00   1.692E-01   0.000E+00   0.000E+00   0.000E+00   0.000E+00      3.638E+08   0.000E+00   0.000E+00   00000   1.000E+00   0.000E+00  1s0  198.4  116.0   40.0
  255   1.242646E+04   1.199940E+00   6.342E+11   8.574E+29   3.791E-04      1.322E-01   0.000E+00   0.000E+00   1.655E-01   0.000E+00   0.000E+00   0.000E+00   0.000E+00      3.374E+08   0.000E+00   0.000E+00   00000   1.000E+00   0.000E+00  1s0  194.5  116.0   40.0
  256   1.242895E+04   1.199941E+00   6.103E+11   8.417E+29   3.648E-04      1.313E-01   0.000E+00   0.000E+00   1.618E-01   0.000E+00   0.000E+00   0.000E+00   0.000E+00      3.118E+08   0.000E+00   0.000E+00   00000   1.000E+00   0.000E+00  1s0  190.8  116.0   40.0
  257   1.243143E+04   1.199942E+00   5.873E+11   8.259E+29   3.511E-04      1.305E-01   0.000E+00   0.000E+00   1.581E-01   0.000E+00   0.000E+00   0.000E+00   0.000E+00      2.869E+08   0.000E+00   0.000E+00   00000   1.000E+00   0.000E+00  1s0  187.2  116.0   40.0
  258   1.243392E+04   1.199944E+00   5.652E+11   8.101E+29   3.379E-04      1.296E-01   0.000E+00   0.000E+00   1.545E-01   0.000E+00   0.000E+00   0.000E+00   0.000E+00      2.628E+08   0.000E+00   0.000E+00   00000   1.000E+00   0.000E+00  1s0  183.8  116.0   40.0
  259   1.243640E+04   1.199945E+00   5.439E+11   7.944E+29   3.252E-04      1.287E-01   0.000E+00   0.000E+00   1.509E-01   0.000E+00   0.000E+00   0.000E+00   0.000E+00      2.395E+08   0.000E+00   0.000E+00   00000   1.000E+00   0.000E+00  1s0  180.5  116.0   40.0
  260   1.243888E+04   1.199946E+00   5.234E+11   7.786E+29   3.130E-04      1.287E-01   0.000E+00   0.000E+00   1.457E-01   0.000E+00   0.000E+00   0.000E+00   0.000E+00      2.064E+08   0.000E+00   0.000E+00   00000   1.000E+00   0.000E+00  1s0  174.1  116.0   40.0
  261   1.244137E+04   1.199947E+00   5.037E+11   7.628E+29   3.012E-04      1.287E-01   0.000E+00   0.000E+00   1.399E-01   0.000E+00   0.000E+00   0.000E+00   0.000E+00      1.719E+08   0.000E+00   0.000E+00   00000   1.000E+00   0.000E+00  1s0  167.4  116.0   40.0
  262   1.244385E+04   1.199948E+00   4.847E+11   7.471E+29   2.899E-04      1.287E-01   0.000E+00   0.000E+00   1.338E-01   0.000E+00   0.000E+00   0.000E+00   0.000E+00      1.379E+08   0.000E+00   0.000E+00   00000   1.000E+00   0.000E+00  1s0  160.9  116.0   40.0
  263   1.244634E+04   1.199949E+00   4.664E+11   7.313E+29   2.790E-04      1.288E-01   0.000E+00   0.000E+00   1.274E-01   0.000E+00   0.000E+00   0.000E+00   0.000E+00      1.046E+08   0.000E+00   0.000E+00   00000   1.000E+00   0.000E+00  1s0  154.7  116.0   40.0
  264   1.244882E+04   1.199950E+00   4.488E+11   7.155E+29   2.685E-04      1.288E-01   0.000E+00   0.000E+00   1.205E-01   0.000E+00   0.000E+00   0.000E+00   0.000E+00      7.237E+07   0.000E+00   0.000E+00   00000   1.000E+00   0.000E+00  1s0  148.8  116.0   40.0
  265   1.245131E+04   1.199951E+00   4.319E+11   6.998E+29   2.584E-04      1.289E-01   0.000E+00   0.000E+00   1.131E-01   0.000E+00   0.000E+00   0.000E+00   0.000E+00      4.172E+07   0.000E+00   0.000E+00   00000   1.000E+00   0.000E+00  1s0  143.0  116.0   40.0
  266   1.245379E+04   1.199952E+00   4.157E+11   6.840E+29   2.487E-04      1.289E-01   0.000E+00   0.000E+00   1.048E-01   0.000E+00   0.000E+00   0.000E+00   0.000E+00      1.351E+07   0.000E+00   0.000E+00   00000   1.000E+00   0.000E+00  1s0  137.5  116.0   40.0
  267   1.245627E+04   1.199953E+00   4.000E+11   6.682E+29   2.394E-04      1.290E-01   0.000E+00   0.000E+00   9.542E-02   0.000E+00   0.000E+00   0.000E+00   0.000E+00      8.963E+03   0.000E+00   0.000E+00   00000   1.000E+00   0.000E+00  1s0  132.2  116.0   40.0
  268   1.245876E+04   1.199954E+00   3.849E+11   6.525E+29   2.304E-04      1.280E-01   0.000E+00   0.000E+00   0.000E+00   0.000E+00   0.000E+00   0.000E+00   0.000E+00      0.000E+00   0.000E+00   0.000E+00   00000   0.000E+00   0.000E+00       130.0  130.0   40.0
  269   1.246125E+04   1.199955E+00   3.704E+11   6.367E+29   2.217E-04      1.264E-01   0.000E+00   0.000E+00   0.000E+00   0.000E+00   0.000E+00   0.000E+00   0.000E+00      0.000E+00   0.000E+00   0.000E+00   00000   0.000E+00   0.000E+00       130.0  130.0   40.0
  270   1.246373E+04   1.199956E+00   3.564E+11   6.209E+29   2.133E-04      1.248E-01   0.000E+00   0.000E+00   0.000E+00   0.000E+00   0.000E+00   0.000E+00   0.000E+00      0.000E+00   0.000E+00   0.000E+00   00000   0.000E+00   0.000E+00       130.0  130.0   40.0
  271   1.246622E+04   1.199957E+00   3.430E+11   6.051E+29   2.053E-04      1.232E-01   0.000E+00   0.000E+00   0.000E+00   0.000E+00   0.000E+00   0.000E+00   0.000E+00      0.000E+00   0.000E+00   0.000E+00   00000   0.000E+00   0.000E+00       130.0  130.0   40.0
  272   1.247060E+04   1.199959E+00   3.301E+11   5.857E+29   1.975E-04      1.216E-01   0.000E+00   0.000E+00   0.000E+00   0.000E+00   0.000E+00   0.000E+00   0.000E+00      0.000E+00   0.000E+00   0.000E+00   00000   0.000E+00   0.000E+00       130.0  130.0   40.0
  273   1.247602E+04   1.199960E+00   3.176E+11   5.644E+29   1.901E-04      1.214E-01   0.000E+00   0.000E+00   0.000E+00   0.000E+00   0.000E+00   0.000E+00   0.000E+00      0.000E+00   0.000E+00   0.000E+00   00000   0.000E+00   0.000E+00        88.0   88.0   28.0
  274   1.248143E+04   1.199962E+00   3.057E+11   5.430E+29   1.830E-04      1.199E-01   0.000E+00   0.000E+00   0.000E+00   0.000E+00   0.000E+00   0.000E+00   0.000E+00      0.000E+00   0.000E+00   0.000E+00   00000   0.000E+00   0.000E+00        88.0   88.0   28.0
  275   1.248685E+04   1.199963E+00   2.941E+11   5.216E+29   1.761E-04      1.184E-01   0.000E+00   0.000E+00   0.000E+00   0.000E+00   0.000E+00   0.000E+00   0.000E+00      0.000E+00   0.000E+00   0.000E+00   00000   0.000E+00   0.000E+00        88.0   88.0   28.0
  276   1.249226E+04   1.199965E+00   2.831E+11   5.003E+29   1.695E-04      1.169E-01   0.000E+00   0.000E+00   0.000E+00   0.000E+00   0.000E+00   0.000E+00   0.000E+00      0.000E+00   0.000E+00   0.000E+00   00000   0.000E+00   0.000E+00        88.0   88.0   28.0
  277   1.249768E+04   1.199966E+00   2.724E+11   4.789E+29   1.631E-04      1.154E-01   0.000E+00   0.000E+00   0.000E+00   0.000E+00   0.000E+00   0.000E+00   0.000E+00      0.000E+00   0.000E+00   0.000E+00   00000   0.000E+00   0.000E+00        88.0   88.0   28.0
  278   1.250309E+04   1.199967E+00   2.621E+11   4.575E+29   1.570E-04      1.148E-01   0.000E+00   0.000E+00   0.000E+00   0.000E+00   0.000E+00   0.000E+00   0.000E+00      0.000E+00   0.000E+00   0.000E+00   00000   0.000E+00   0.000E+00        86.0   86.0   28.0
  279   1.250851E+04   1.199969E+00   2.522E+11   4.361E+29   1.511E-04      1.133E-01   0.000E+00   0.000E+00   0.000E+00   0.000E+00   0.000E+00   0.000E+00   0.000E+00      0.000E+00   0.000E+00   0.000E+00   00000   0.000E+00   0.000E+00        86.0   86.0   28.0
  280   1.251393E+04   1.199970E+00   2.427E+11   4.148E+29   1.454E-04      1.119E-01   0.000E+00   0.000E+00   0.000E+00   0.000E+00   0.000E+00   0.000E+00   0.000E+00      0.000E+00   0.000E+00   0.000E+00   00000   0.000E+00   0.000E+00        86.0   86.0   28.0
  281   1.251934E+04   1.199972E+00   2.336E+11   3.934E+29   1.399E-04      1.105E-01   0.000E+00   0.000E+00   0.000E+00   0.000E+00   0.000E+00   0.000E+00   0.000E+00      0.000E+00   0.000E+00   0.000E+00   00000   0.000E+00   0.000E+00        86.0   86.0   28.0
  282   1.252476E+04   1.199973E+00   2.248E+11   3.720E+29   1.346E-04      1.091E-01   0.000E+00   0.000E+00   0.000E+00   0.000E+00   0.000E+00   0.000E+00   0.000E+00      0.000E+00   0.000E+00   0.000E+00   00000   0.000E+00   0.000E+00        86.0   86.0   28.0
  283   1.253010E+04   1.199975E+00   2.163E+11   3.534E+29   1.295E-04      1.077E-01   0.000E+00   0.000E+00   0.000E+00   0.000E+00   0.000E+00   0.000E+00   0.000E+00      0.000E+00   0.000E+00   0.000E+00   00000   0.000E+00   0.000E+00        86.0   86.0   28.0
  284   1.253532E+04   1.199976E+00   2.081E+11   3.400E+29   1.246E-04      1.063E-01   0.000E+00   0.000E+00   0.000E+00   0.000E+00   0.000E+00   0.000E+00   0.000E+00      0.000E+00   0.000E+00   0.000E+00   00000   0.000E+00   0.000E+00        86.0   86.0   28.0
  285   1.254053E+04   1.199976E+00   2.003E+11   3.267E+29   1.200E-04      1.058E-01   0.000E+00   0.000E+00   0.000E+00   0.000E+00   0.000E+00   0.000E+00   0.000E+00      0.000E+00   0.000E+00   0.000E+00   00000   0.000E+00   0.000E+00        84.0   84.0   28.0
  286   1.254574E+04   1.199977E+00   1.927E+11   3.133E+29   1.155E-04      1.045E-01   0.000E+00   0.000E+00   0.000E+00   0.000E+00   0.000E+00   0.000E+00   0.000E+00      0.000E+00   0.000E+00   0.000E+00   00000   0.000E+00   0.000E+00        84.0   84.0   28.0
  287   1.255095E+04   1.199978E+00   1.855E+11   3.000E+29   1.111E-04      1.031E-01   0.000E+00   0.000E+00   0.000E+00   0.000E+00   0.000E+00   0.000E+00   0.000E+00      0.000E+00   0.000E+00   0.000E+00   00000   0.000E+00   0.000E+00        84.0   84.0   28.0
  288   1.255617E+04   1.199979E+00   1.785E+11   2.866E+29   1.069E-04      1.018E-01   0.000E+00   0.000E+00   0.000E+00   0.000E+00   0.000E+00   0.000E+00   0.000E+00      0.000E+00   0.000E+00   0.000E+00   00000   0.000E+00   0.000E+00        84.0   84.0   28.0
  289   1.256138E+04   1.199980E+00   1.718E+11   2.733E+29   1.029E-04      1.005E-01   0.000E+00   0.000E+00   0.000E+00   0.000E+00   0.000E+00   0.000E+00   0.000E+00      0.000E+00   0.000E+00   0.000E+00   00000   0.000E+00   0.000E+00        84.0   84.0   28.0
  290   1.256659E+04   1.199981E+00   1.653E+11   2.600E+29   9.902E-05      9.924E-02   0.000E+00   0.000E+00   0.000E+00   0.000E+00   0.000E+00   0.000E+00   0.000E+00      0.000E+00   0.000E+00   0.000E+00   00000   0.000E+00   0.000E+00        84.0   84.0   28.0
  291   1.257180E+04   1.199982E+00   1.591E+11   2.466E+29   9.530E-05      9.798E-02   0.000E+00   0.000E+00   0.000E+00   0.000E+00   0.000E+00   0.000E+00   0.000E+00      0.000E+00   0.000E+00   0.000E+00   00000   0.000E+00   0.000E+00        84.0   84.0   28.0
  292   1.257702E+04   1.199983E+00   1.531E+11   2.333E+29   9.171E-05      9.673E-02   0.000E+00   0.000E+00   0.000E+00   0.000E+00   0.000E+00   0.000E+00   0.000E+00      0.000E+00   0.000E+00   0.000E+00   00000   0.000E+00   0.000E+00        84.0   84.0   28.0
  293   1.258223E+04   1.199984E+00   1.473E+11   2.199E+29   8.827E-05      9.551E-02   0.000E+00   0.000E+00   0.000E+00   0.000E+00   0.000E+00   0.000E+00   0.000E+00      0.000E+00   0.000E+00   0.000E+00   00000   0.000E+00   0.000E+00        84.0   84.0   28.0
  294   1.258722E+04   1.199985E+00   1.417E+11   2.087E+29   8.495E-05      9.429E-02   0.000E+00   0.000E+00   0.000E+00   0.000E+00   0.000E+00   0.000E+00   0.000E+00      0.000E+00   0.000E+00   0.000E+00   00000   0.000E+00   0.000E+00        84.0   84.0   28.0
  295   1.259184E+04   1.199985E+00   1.364E+11   2.011E+29   8.175E-05      9.385E-02   0.000E+00   0.000E+00   0.000E+00   0.000E+00   0.000E+00   0.000E+00   0.000E+00      0.000E+00   0.000E+00   0.000E+00   00000   0.000E+00   0.000E+00        82.0   82.0   28.0
  296   1.259646E+04   1.199986E+00   1.313E+11   1.935E+29   7.868E-05      9.266E-02   0.000E+00   0.000E+00   0.000E+00   0.000E+00   0.000E+00   0.000E+00   0.000E+00      0.000E+00   0.000E+00   0.000E+00   00000   0.000E+00   0.000E+00        82.0   82.0   28.0
  297   1.260109E+04   1.199986E+00   1.263E+11   1.859E+29   7.572E-05      9.148E-02   0.000E+00   0.000E+00   0.000E+00   0.000E+00   0.000E+00   0.000E+00   0.000E+00      0.000E+00   0.000E+00   0.000E+00   00000   0.000E+00   0.000E+00        82.0   82.0   28.0
  298   1.260571E+04   1.199987E+00   1.215E+11   1.783E+29   7.288E-05      9.032E-02   0.000E+00   0.000E+00   0.000E+00   0.000E+00   0.000E+00   0.000E+00   0.000E+00      0.000E+00   0.000E+00   0.000E+00   00000   0.000E+00   0.000E+00        82.0   82.0   28.0
  299   1.261033E+04   1.199987E+00   1.170E+11   1.707E+29   7.014E-05      8.918E-02   0.000E+00   0.000E+00   0.000E+00   0.000E+00   0.000E+00   0.000E+00   0.000E+00      0.000E+00   0.000E+00   0.000E+00   00000   0.000E+00   0.000E+00        82.0   82.0   28.0
  300   1.261495E+04   1.199988E+00   1.126E+11   1.631E+29   6.751E-05      8.805E-02   0.000E+00   0.000E+00   0.000E+00   0.000E+00   0.000E+00   0.000E+00   0.000E+00      0.000E+00   0.000E+00   0.000E+00   00000   0.000E+00   0.000E+00        82.0   82.0   28.0
  301   1.261958E+04   1.199989E+00   1.083E+11   1.555E+29   6.497E-05      8.693E-02   0.000E+00   0.000E+00   0.000E+00   0.000E+00   0.000E+00   0.000E+00   0.000E+00      0.000E+00   0.000E+00   0.000E+00   00000   0.000E+00   0.000E+00        82.0   82.0   28.0
  302   1.262420E+04   1.199989E+00   1.042E+11   1.479E+29   6.253E-05      8.653E-02   0.000E+00   0.000E+00   0.000E+00   0.000E+00   0.000E+00   0.000E+00   0.000E+00      0.000E+00   0.000E+00   0.000E+00   00000   0.000E+00   0.000E+00        80.0   80.0   28.0
  303   1.262882E+04   1.199990E+00   1.003E+11   1.403E+29   6.017E-05      8.543E-02   0.000E+00   0.000E+00   0.000E+00   0.000E+00   0.000E+00   0.000E+00   0.000E+00      0.000E+00   0.000E+00   0.000E+00   00000   0.000E+00   0.000E+00        80.0   80.0   28.0
  304   1.263344E+04   1.199990E+00   9.652E+10   1.327E+29   5.791E-05      8.435E-02   0.000E+00   0.000E+00   0.000E+00   0.000E+00   0.000E+00   0.000E+00   0.000E+00      0.000E+00   0.000E+00   0.000E+00   00000   0.000E+00   0.000E+00        80.0   80.0   28.0
  305   1.263806E+04   1.199991E+00   9.288E+10   1.254E+29   5.573E-05      8.327E-02   0.000E+00   0.000E+00   0.000E+00   0.000E+00   0.000E+00   0.000E+00   0.000E+00      0.000E+00   0.000E+00   0.000E+00   00000   0.000E+00   0.000E+00        80.0   80.0   28.0
  306   1.264263E+04   1.199991E+00   8.938E+10   1.205E+29   5.363E-05      8.222E-02   0.000E+00   0.000E+00   0.000E+00   0.000E+00   0.000E+00   0.000E+00   0.000E+00      0.000E+00   0.000E+00   0.000E+00   00000   0.000E+00   0.000E+00        80.0   80.0   28.0
  307   1.264719E+04   1.199991E+00   8.601E+10   1.156E+29   5.161E-05      8.117E-02   0.000E+00   0.000E+00   0.000E+00   0.000E+00   0.000E+00   0.000E+00   0.000E+00      0.000E+00   0.000E+00   0.000E+00   00000   0.000E+00   0.000E+00        80.0   80.0   28.0
  308   1.265176E+04   1.199992E+00   8.277E+10   1.108E+29   4.966E-05      8.082E-02   0.000E+00   0.000E+00   0.000E+00   0.000E+00   0.000E+00   0.000E+00   0.000E+00      0.000E+00   0.000E+00   0.000E+00   00000   0.000E+00   0.000E+00        78.0   78.0   28.0
  309   1.265633E+04   1.199992E+00   7.965E+10   1.059E+29   4.779E-05      7.979E-02   0.000E+00   0.000E+00   0.000E+00   0.000E+00   0.000E+00   0.000E+00   0.000E+00      0.000E+00   0.000E+00   0.000E+00   00000   0.000E+00   0.000E+00        78.0   78.0   28.0
  310   1.266089E+04   1.199992E+00   7.664E+10   1.010E+29   4.599E-05      7.877E-02   0.000E+00   0.000E+00   0.000E+00   0.000E+00   0.000E+00   0.000E+00   0.000E+00      0.000E+00   0.000E+00   0.000E+00   00000   0.000E+00   0.000E+00        78.0   78.0   28.0
  311   1.266546E+04   1.199993E+00   7.375E+10   9.612E+28   4.426E-05      7.777E-02   0.000E+00   0.000E+00   0.000E+00   0.000E+00   0.000E+00   0.000E+00   0.000E+00      0.000E+00   0.000E+00   0.000E+00   00000   0.000E+00   0.000E+00        78.0   78.0   28.0
  312   1.267003E+04   1.199993E+00   7.097E+10   9.124E+28   4.259E-05      7.678E-02   0.000E+00   0.000E+00   0.000E+00   0.000E+00   0.000E+00   0.000E+00   0.000E+00      0.000E+00   0.000E+00   0.000E+00   00000   0.000E+00   0.000E+00        78.0   78.0   28.0
  313   1.267459E+04   1.199994E+00   6.830E+10   8.637E+28   4.099E-05      7.581E-02   0.000E+00   0.000E+00   0.000E+00   0.000E+00   0.000E+00   0.000E+00   0.000E+00      0.000E+00   0.000E+00   0.000E+00   00000   0.000E+00   0.000E+00        78.0   78.0   28.0
  314   1.267916E+04   1.199994E+00   6.572E+10   8.149E+28   3.944E-05      7.484E-02   0.000E+00   0.000E+00   0.000E+00   0.000E+00   0.000E+00   0.000E+00   0.000E+00      0.000E+00   0.000E+00   0.000E+00   00000   0.000E+00   0.000E+00        78.0   78.0   28.0
  315   1.268373E+04   1.199994E+00   6.325E+10   7.661E+28   3.796E-05      7.389E-02   0.000E+00   0.000E+00   0.000E+00   0.000E+00   0.000E+00   0.000E+00   0.000E+00      0.000E+00   0.000E+00   0.000E+00   00000   0.000E+00   0.000E+00        78.0   78.0   28.0
  316   1.268787E+04   1.199995E+00   6.086E+10   7.296E+28   3.653E-05      7.295E-02   0.000E+00   0.000E+00   0.000E+00   0.000E+00   0.000E+00   0.000E+00   0.000E+00      0.000E+00   0.000E+00   0.000E+00   00000   0.000E+00   0.000E+00        78.0   78.0   28.0
  317   1.269167E+04   1.199995E+00   5.857E+10   7.028E+28   3.515E-05      7.202E-02   0.000E+00   0.000E+00   0.000E+00   0.000E+00   0.000E+00   0.000E+00   0.000E+00      0.000E+00   0.000E+00   0.000E+00   00000   0.000E+00   0.000E+00        78.0   78.0   28.0
  318   1.269547E+04   1.199995E+00   5.636E+10   6.760E+28   3.383E-05      7.111E-02   0.000E+00   0.000E+00   0.000E+00   0.000E+00   0.000E+00   0.000E+00   0.000E+00      0.000E+00   0.000E+00   0.000E+00   00000   0.000E+00   0.000E+00        78.0   78.0   28.0
  319   1.269927E+04   1.199995E+00   5.423E+10   6.492E+28   3.255E-05      7.020E-02   0.000E+00   0.000E+00   0.000E+00   0.000E+00   0.000E+00   0.000E+00   0.000E+00      0.000E+00   0.000E+00   0.000E+00   00000   0.000E+00   0.000E+00        78.0   78.0   28.0
  320   1.270307E+04   1.199995E+00   5.219E+10   6.224E+28   3.133E-05      6.931E-02   0.000E+00   0.000E+00   0.000E+00   0.000E+00   0.000E+00   0.000E+00   0.000E+00      0.000E+00   0.000E+00   0.000E+00   00000   0.000E+00   0.000E+00        78.0   78.0   28.0
  321   1.270687E+04   1.199996E+00   5.022E+10   5.957E+28   3.015E-05      6.843E-02   0.000E+00   0.000E+00   0.000E+00   0.000E+00   0.000E+00   0.000E+00   0.000E+00      0.000E+00   0.000E+00   0.000E+00   00000   0.000E+00   0.000E+00        78.0   78.0   28.0
  322   1.271066E+04   1.199996E+00   4.833E+10   5.689E+28   2.902E-05      6.756E-02   0.000E+00   0.000E+00   0.000E+00   0.000E+00   0.000E+00   0.000E+00   0.000E+00      0.000E+00   0.000E+00   0.000E+00   00000   0.000E+00   0.000E+00        78.0   78.0   28.0
  323   1.271446E+04   1.199996E+00   4.651E+10   5.421E+28   2.793E-05      6.671E-02   0.000E+00   0.000E+00   0.000E+00   0.000E+00   0.000E+00   0.000E+00   0.000E+00      0.000E+00   0.000E+00   0.000E+00   00000   0.000E+00   0.000E+00        78.0   78.0   28.0
  324   1.271826E+04   1.199996E+00   4.475E+10   5.153E+28   2.688E-05      6.586E-02   0.000E+00   0.000E+00   0.000E+00   0.000E+00   0.000E+00   0.000E+00   0.000E+00      0.000E+00   0.000E+00   0.000E+00   00000   0.000E+00   0.000E+00        78.0   78.0   28.0
  325   1.272206E+04   1.199996E+00   4.307E+10   4.885E+28   2.587E-05      6.502E-02   0.000E+00   0.000E+00   0.000E+00   0.000E+00   0.000E+00   0.000E+00   0.000E+00      0.000E+00   0.000E+00   0.000E+00   00000   0.000E+00   0.000E+00        78.0   78.0   28.0
  326   1.272586E+04   1.199996E+00   4.144E+10   4.618E+28   2.489E-05      6.514E-02   0.000E+00   0.000E+00   0.000E+00   0.000E+00   0.000E+00   0.000E+00   0.000E+00      0.000E+00   0.000E+00   0.000E+00   00000   0.000E+00   0.000E+00        80.0   80.0   30.0
  327   1.272967E+04   1.199997E+00   3.988E+10   4.367E+28   2.395E-05      6.431E-02   0.000E+00   0.000E+00   0.000E+00   0.000E+00   0.000E+00   0.000E+00   0.000E+00      0.000E+00   0.000E+00   0.000E+00   00000   0.000E+00   0.000E+00        80.0   80.0   30.0
  328   1.273351E+04   1.199997E+00   3.838E+10   4.193E+28   2.305E-05      6.349E-02   0.000E+00   0.000E+00   0.000E+00   0.000E+00   0.000E+00   0.000E+00   0.000E+00      0.000E+00   0.000E+00   0.000E+00   00000   0.000E+00   0.000E+00        80.0   80.0   30.0
  329   1.273734E+04   1.199997E+00   3.693E+10   4.018E+28   2.218E-05      6.268E-02   0.000E+00   0.000E+00   0.000E+00   0.000E+00   0.000E+00   0.000E+00   0.000E+00      0.000E+00   0.000E+00   0.000E+00   00000   0.000E+00   0.000E+00        80.0   80.0   30.0
  330   1.274118E+04   1.199997E+00   3.554E+10   3.843E+28   2.134E-05      6.188E-02   0.000E+00   0.000E+00   0.000E+00   0.000E+00   0.000E+00   0.000E+00   0.000E+00      0.000E+00   0.000E+00   0.000E+00   00000   0.000E+00   0.000E+00        80.0   80.0   30.0
  331   1.274502E+04   1.199997E+00   3.420E+10   3.668E+28   2.054E-05      6.109E-02   0.000E+00   0.000E+00   0.000E+00   0.000E+00   0.000E+00   0.000E+00   0.000E+00      0.000E+00   0.000E+00   0.000E+00   00000   0.000E+00   0.000E+00        80.0   80.0   30.0
  332   1.274885E+04   1.199997E+00   3.291E+10   3.493E+28   1.976E-05      6.032E-02   0.000E+00   0.000E+00   0.000E+00   0.000E+00   0.000E+00   0.000E+00   0.000E+00      0.000E+00   0.000E+00   0.000E+00   00000   0.000E+00   0.000E+00        80.0   80.0   30.0
  333   1.275269E+04   1.199997E+00   3.167E+10   3.318E+28   1.902E-05      5.955E-02   0.000E+00   0.000E+00   0.000E+00   0.000E+00   0.000E+00   0.000E+00   0.000E+00      0.000E+00   0.000E+00   0.000E+00   00000   0.000E+00   0.000E+00        80.0   80.0   30.0
  334   1.275653E+04   1.199998E+00   3.048E+10   3.143E+28   1.830E-05      5.879E-02   0.000E+00   0.000E+00   0.000E+00   0.000E+00   0.000E+00   0.000E+00   0.000E+00      0.000E+00   0.000E+00   0.000E+00   00000   0.000E+00   0.000E+00        80.0   80.0   30.0
  335   1.276036E+04   1.199998E+00   2.933E+10   2.969E+28   1.762E-05      5.805E-02   0.000E+00   0.000E+00   0.000E+00   0.000E+00   0.000E+00   0.000E+00   0.000E+00      0.000E+00   0.000E+00   0.000E+00   00000   0.000E+00   0.000E+00        80.0   80.0   30.0
  336   1.276420E+04   1.199998E+00   2.822E+10   2.794E+28   1.695E-05      5.731E-02   0.000E+00   0.000E+00   0.000E+00   0.000E+00   0.000E+00   0.000E+00   0.000E+00      0.000E+00   0.000E+00   0.000E+00   00000   0.000E+00   0.000E+00        80.0   80.0   30.0
  337   1.276804E+04   1.199998E+00   2.716E+10   2.619E+28   1.632E-05      5.659E-02   0.000E+00   0.000E+00   0.000E+00   0.000E+00   0.000E+00   0.000E+00   0.000E+00      0.000E+00   0.000E+00   0.000E+00   00000   0.000E+00   0.000E+00        80.0   80.0   30.0
  338   1.277134E+04   1.199998E+00   2.613E+10   2.509E+28   1.570E-05      5.587E-02   0.000E+00   0.000E+00   0.000E+00   0.000E+00   0.000E+00   0.000E+00   0.000E+00      0.000E+00   0.000E+00   0.000E+00   00000   0.000E+00   0.000E+00        80.0   80.0   30.0
  339   1.277451E+04   1.199998E+00   2.515E+10   2.414E+28   1.511E-05      5.516E-02   0.000E+00   0.000E+00   0.000E+00   0.000E+00   0.000E+00   0.000E+00   0.000E+00      0.000E+00   0.000E+00   0.000E+00   00000   0.000E+00   0.000E+00        80.0   80.0   30.0
  340   1.277769E+04   1.199998E+00   2.420E+10   2.319E+28   1.454E-05      5.445E-02   0.000E+00   0.000E+00   0.000E+00   0.000E+00   0.000E+00   0.000E+00   0.000E+00      0.000E+00   0.000E+00   0.000E+00   00000   0.000E+00   0.000E+00        80.0   80.0   30.0
  341   1.278086E+04   1.199998E+00   2.329E+10   2.225E+28   1.399E-05      5.376E-02   0.000E+00   0.000E+00   0.000E+00   0.000E+00   0.000E+00   0.000E+00   0.000E+00      0.000E+00   0.000E+00   0.000E+00   00000   0.000E+00   0.000E+00        80.0   80.0   30.0
  342   1.278404E+04   1.199998E+00   2.241E+10   2.130E+28   1.347E-05      5.308E-02   0.000E+00   0.000E+00   0.000E+00   0.000E+00   0.000E+00   0.000E+00   0.000E+00      0.000E+00   0.000E+00   0.000E+00   00000   0.000E+00   0.000E+00        80.0   80.0   30.0
  343   1.278721E+04   1.199998E+00   2.157E+10   2.035E+28   1.296E-05      5.240E-02   0.000E+00   0.000E+00   0.000E+00   0.000E+00   0.000E+00   0.000E+00   0.000E+00      0.000E+00   0.000E+00   0.000E+00   00000   0.000E+00   0.000E+00        80.0   80.0   30.0
  344   1.279039E+04   1.199998E+00   2.075E+10   1.940E+28   1.247E-05      5.217E-02   0.000E+00   0.000E+00   0.000E+00   0.000E+00   0.000E+00   0.000E+00   0.000E+00      0.000E+00   0.000E+00   0.000E+00   00000   0.000E+00   0.000E+00        78.0   78.0   30.0
  345   1.279356E+04   1.199999E+00   1.997E+10   1.845E+28   1.200E-05      5.151E-02   0.000E+00   0.000E+00   0.000E+00   0.000E+00   0.000E+00   0.000E+00   0.000E+00      0.000E+00   0.000E+00   0.000E+00   00000   0.000E+00   0.000E+00        78.0   78.0   30.0
  346   1.279674E+04   1.199999E+00   1.922E+10   1.751E+28   1.155E-05      5.086E-02   0.000E+00   0.000E+00   0.000E+00   0.000E+00   0.000E+00   0.000E+00   0.000E+00      0.000E+00   0.000E+00   0.000E+00   00000   0.000E+00   0.000E+00        78.0   78.0   30.0
  347   1.279991E+04   1.199999E+00   1.849E+10   1.656E+28   1.112E-05      5.021E-02   0.000E+00   0.000E+00   0.000E+00   0.000E+00   0.000E+00   0.000E+00   0.000E+00      0.000E+00   0.000E+00   0.000E+00   00000   0.000E+00   0.000E+00        78.0   78.0   30.0
  348   1.280309E+04   1.199999E+00   1.780E+10   1.561E+28   1.070E-05      4.957E-02   0.000E+00   0.000E+00   0.000E+00   0.000E+00   0.000E+00   0.000E+00   0.000E+00      0.000E+00   0.000E+00   0.000E+00   00000   0.000E+00   0.000E+00        78.0   78.0   30.0
  349   1.280605E+04   1.199999E+00   1.713E+10   1.495E+28   1.030E-05      4.894E-02   0.000E+00   0.000E+00   0.000E+00   0.000E+00   0.000E+00   0.000E+00   0.000E+00      0.000E+00   0.000E+00   0.000E+00   00000   0.000E+00   0.000E+00        78.0   78.0   30.0
  350   1.280894E+04   1.199999E+00   1.648E+10   1.439E+28   9.909E-06      4.850E-02   0.000E+00   0.000E+00   0.000E+00   0.000E+00   0.000E+00   0.000E+00   0.000E+00      0.000E+00   0.000E+00   0.000E+00   00000   0.000E+00   0.000E+00        72.0   72.0   28.0
  351   1.281183E+04   1.199999E+00   1.586E+10   1.383E+28   9.535E-06      4.788E-02   0.000E+00   0.000E+00   0.000E+00   0.000E+00   0.000E+00   0.000E+00   0.000E+00      0.000E+00   0.000E+00   0.000E+00   00000   0.000E+00   0.000E+00        72.0   72.0   28.0
  352   1.281472E+04   1.199999E+00   1.526E+10   1.327E+28   9.175E-06      4.727E-02   0.000E+00   0.000E+00   0.000E+00   0.000E+00   0.000E+00   0.000E+00   0.000E+00      0.000E+00   0.000E+00   0.000E+00   00000   0.000E+00   0.000E+00        72.0   72.0   28.0
  353   1.281760E+04   1.199999E+00   1.469E+10   1.271E+28   8.829E-06      4.667E-02   0.000E+00   0.000E+00   0.000E+00   0.000E+00   0.000E+00   0.000E+00   0.000E+00      0.000E+00   0.000E+00   0.000E+00   00000   0.000E+00   0.000E+00        72.0   72.0   28.0
  354   1.282049E+04   1.199999E+00   1.413E+10   1.215E+28   8.496E-06      4.608E-02   0.000E+00   0.000E+00   0.000E+00   0.000E+00   0.000E+00   0.000E+00   0.000E+00      0.000E+00   0.000E+00   0.000E+00   00000   0.000E+00   0.000E+00        72.0   72.0   28.0
  355   1.282338E+04   1.199999E+00   1.360E+10   1.159E+28   8.176E-06      4.549E-02   0.000E+00   0.000E+00   0.000E+00   0.000E+00   0.000E+00   0.000E+00   0.000E+00      0.000E+00   0.000E+00   0.000E+00   00000   0.000E+00   0.000E+00        72.0   72.0   28.0
  356   1.282627E+04   1.199999E+00   1.309E+10   1.103E+28   7.867E-06      4.491E-02   0.000E+00   0.000E+00   0.000E+00   0.000E+00   0.000E+00   0.000E+00   0.000E+00      0.000E+00   0.000E+00   0.000E+00   00000   0.000E+00   0.000E+00        72.0   72.0   28.0
  357   1.282916E+04   1.199999E+00   1.259E+10   1.047E+28   7.571E-06      4.493E-02   0.000E+00   0.000E+00   0.000E+00   0.000E+00   0.000E+00   0.000E+00   0.000E+00      0.000E+00   0.000E+00   0.000E+00   00000   0.000E+00   0.000E+00        84.0   84.0   34.0
  358   1.283205E+04   1.199999E+00   1.212E+10   9.914E+27   7.285E-06      4.436E-02   0.000E+00   0.000E+00   0.000E+00   0.000E+00   0.000E+00   0.000E+00   0.000E+00      0.000E+00   0.000E+00   0.000E+00   00000   0.000E+00   0.000E+00        84.0   84.0   34.0
  359   1.283494E+04   1.199999E+00   1.166E+10   9.355E+27   7.010E-06      4.380E-02   0.000E+00   0.000E+00   0.000E+00   0.000E+00   0.000E+00   0.000E+00   0.000E+00      0.000E+00   0.000E+00   0.000E+00   00000   0.000E+00   0.000E+00        84.0   84.0   34.0
  360   1.283780E+04   1.199999E+00   1.122E+10   8.915E+27   6.746E-06      4.324E-02   0.000E+00   0.000E+00   0.000E+00   0.000E+00   0.000E+00   0.000E+00   0.000E+00      0.000E+00   0.000E+00   0.000E+00   00000   0.000E+00   0.000E+00        84.0   84.0   34.0
  361   1.284064E+04   1.199999E+00   1.080E+10   8.552E+27   6.491E-06      4.269E-02   0.000E+00   0.000E+00   0.000E+00   0.000E+00   0.000E+00   0.000E+00   0.000E+00      0.000E+00   0.000E+00   0.000E+00   00000   0.000E+00   0.000E+00        84.0   84.0   34.0
  362   1.284348E+04   1.199999E+00   1.039E+10   8.188E+27   6.246E-06      4.215E-02   0.000E+00   0.000E+00   0.000E+00   0.000E+00   0.000E+00   0.000E+00   0.000E+00      0.000E+00   0.000E+00   0.000E+00   00000   0.000E+00   0.000E+00        84.0   84.0   34.0
  363   1.284632E+04   1.199999E+00   1.000E+10   7.825E+27   6.011E-06      4.161E-02   0.000E+00   0.000E+00   0.000E+00   0.000E+00   0.000E+00   0.000E+00   0.000E+00      0.000E+00   0.000E+00   0.000E+00   00000   0.000E+00   0.000E+00        84.0   84.0   34.0
