         5       363       111       267

EOS                                                                            

  i            rad           emas         rho         pres          nb           kf(e)      kf(mu)       kf(p)       kf(n)      kf(la)      kf(S-)      kf(S0)      kf(S+)         Tc(n)       Tc(p)      Tc(la)    Durca        mstn        mstp  nSF   Acel   Aion   Zion

    0   0.000000E+00   0.000000E+00   8.027E+14   1.151E+35   4.386E-01      1.126E+00   9.909E-01   1.339E+00   2.196E+00   0.000E+00   0.000E+00   0.000E+00   0.000E+00      5.347E+08   1.000E+00   1.000E+00   20000   4.545E-01   4.634E-01  3p2   N/A    N/A    N/A 
    1   2.473397E+03   2.524385E-02   7.758E+14   1.058E+35   4.258E-01      1.105E+00   9.670E-01   1.311E+00   2.179E+00   0.000E+00   0.000E+00   0.000E+00   0.000E+00      5.621E+08   1.000E+00   1.000E+00   20000   4.668E-01   4.717E-01  3p2   N/A    N/A    N/A 
    2   3.116285E+03   5.025516E-02   7.600E+14   1.006E+35   4.183E-01      1.093E+00   9.527E-01   1.295E+00   2.170E+00   0.000E+00   0.000E+00   0.000E+00   0.000E+00      5.788E+08   1.000E+00   1.000E+00   20000   4.744E-01   4.766E-01  3p2   N/A    N/A    N/A 
    3   3.567256E+03   7.450376E-02   7.469E+14   9.630E+34   4.120E-01      1.082E+00   9.406E-01   1.281E+00   2.161E+00   0.000E+00   0.000E+00   0.000E+00   0.000E+00      5.930E+08   1.000E+00   1.000E+00   20000   4.808E-01   4.808E-01  3p2   N/A    N/A    N/A 
    4   3.926273E+03   9.732121E-02   7.355E+14   9.264E+34   4.065E-01      1.073E+00   9.300E-01   1.268E+00   2.154E+00   0.000E+00   0.000E+00   0.000E+00   0.000E+00      6.057E+08   1.000E+00   1.000E+00   20000   4.866E-01   4.845E-01  3p2   N/A    N/A    N/A 
    5   4.229449E+03   1.218937E-01   7.246E+14   8.924E+34   4.012E-01      1.064E+00   9.197E-01   1.256E+00   2.147E+00   0.000E+00   0.000E+00   0.000E+00   0.000E+00      6.180E+08   1.000E+00   1.000E+00   20000   4.923E-01   4.881E-01  3p2   N/A    N/A    N/A 
    6   4.494461E+03   1.433773E-01   7.151E+14   8.626E+34   3.965E-01      1.056E+00   9.106E-01   1.246E+00   2.140E+00   0.000E+00   0.000E+00   0.000E+00   0.000E+00      6.290E+08   1.000E+00   1.000E+00   20000   4.974E-01   4.913E-01  3p2   N/A    N/A    N/A 
    7   4.731439E+03   1.677945E-01   7.054E+14   8.336E+34   3.918E-01      1.048E+00   9.012E-01   1.235E+00   2.134E+00   0.000E+00   0.000E+00   0.000E+00   0.000E+00      6.404E+08   1.000E+00   1.000E+00   20000   5.027E-01   4.946E-01  3p2   N/A    N/A    N/A 
    8   4.946794E+03   1.899838E-01   6.966E+14   8.072E+34   3.874E-01      1.041E+00   8.926E-01   1.225E+00   2.128E+00   0.000E+00   0.000E+00   0.000E+00   0.000E+00      6.508E+08   1.000E+00   1.000E+00   10000   5.076E-01   4.976E-01  3p2   N/A    N/A    N/A 
    9   5.144873E+03   2.104833E-01   6.885E+14   7.830E+34   3.834E-01      1.034E+00   8.847E-01   1.216E+00   2.122E+00   0.000E+00   0.000E+00   0.000E+00   0.000E+00      6.606E+08   1.000E+00   1.000E+00   10000   5.122E-01   5.005E-01  3p2   N/A    N/A    N/A 
   10   5.328772E+03   2.340790E-01   6.800E+14   7.589E+34   3.792E-01      1.027E+00   8.762E-01   1.206E+00   2.116E+00   0.000E+00   0.000E+00   0.000E+00   0.000E+00      6.710E+08   1.000E+00   1.000E+00   10000   5.171E-01   5.035E-01  3p2   N/A    N/A    N/A 
   11   5.500786E+03   2.561498E-01   6.721E+14   7.364E+34   3.753E-01      1.020E+00   8.683E-01   1.197E+00   2.110E+00   0.000E+00   0.000E+00   0.000E+00   0.000E+00      6.808E+08   1.000E+00   1.000E+00   10000   5.218E-01   5.063E-01  3p2   N/A    N/A    N/A 
   12   5.662666E+03   2.769204E-01   6.646E+14   7.152E+34   3.715E-01      1.014E+00   8.607E-01   1.189E+00   2.105E+00   0.000E+00   0.000E+00   0.000E+00   0.000E+00      6.900E+08   1.000E+00   1.000E+00   10000   5.263E-01   5.090E-01  3p2   N/A    N/A    N/A 
   13   5.815784E+03   2.965668E-01   6.575E+14   6.951E+34   3.680E-01      1.008E+00   8.535E-01   1.180E+00   2.099E+00   0.000E+00   0.000E+00   0.000E+00   0.000E+00      6.989E+08   1.000E+00   1.000E+00   10000   5.306E-01   5.116E-01  3p2   N/A    N/A    N/A 
   14   5.961239E+03   3.184006E-01   6.502E+14   6.754E+34   3.643E-01      1.001E+00   8.460E-01   1.172E+00   2.094E+00   0.000E+00   0.000E+00   0.000E+00   0.000E+00      7.082E+08   1.000E+00   1.000E+00   10000   5.351E-01   5.143E-01  3p2   N/A    N/A    N/A 
   15   6.099922E+03   3.400043E-01   6.430E+14   6.565E+34   3.607E-01      9.949E-01   8.386E-01   1.163E+00   2.088E+00   0.000E+00   0.000E+00   0.000E+00   0.000E+00      7.174E+08   1.000E+00   1.000E+00   10000   5.396E-01   5.170E-01  3p2   N/A    N/A    N/A 
   16   6.232570E+03   3.606681E-01   6.361E+14   6.383E+34   3.572E-01      9.889E-01   8.314E-01   1.155E+00   2.083E+00   0.000E+00   0.000E+00   0.000E+00   0.000E+00      7.262E+08   1.000E+00   1.000E+00   10000   5.441E-01   5.196E-01  3p2   N/A    N/A    N/A 
   17   6.359800E+03   3.804877E-01   6.295E+14   6.210E+34   3.539E-01      9.831E-01   8.245E-01   1.147E+00   2.078E+00   0.000E+00   0.000E+00   0.000E+00   0.000E+00      7.348E+08   1.000E+00   1.000E+00   10000   5.483E-01   5.221E-01  3p2   N/A    N/A    N/A 
   18   6.482134E+03   3.995448E-01   6.232E+14   6.042E+34   3.507E-01      9.775E-01   8.178E-01   1.140E+00   2.073E+00   0.000E+00   0.000E+00   0.000E+00   0.000E+00      7.430E+08   1.000E+00   1.000E+00   10000   5.525E-01   5.245E-01  3p2   N/A    N/A    N/A 
   19   6.600017E+03   4.179998E-01   6.171E+14   5.881E+34   3.476E-01      9.720E-01   8.113E-01   1.132E+00   2.068E+00   0.000E+00   0.000E+00   0.000E+00   0.000E+00      7.510E+08   1.000E+00   1.000E+00   10000   5.566E-01   5.269E-01  3p2   N/A    N/A    N/A 
   20   6.713832E+03   4.388837E-01   6.105E+14   5.724E+34   3.442E-01      9.662E-01   8.043E-01   1.125E+00   2.062E+00   0.000E+00   0.000E+00   0.000E+00   0.000E+00      7.596E+08   1.000E+00   1.000E+00   10000   5.611E-01   5.294E-01  3p2   N/A    N/A    N/A 
   21   6.823915E+03   4.590827E-01   6.042E+14   5.571E+34   3.410E-01      9.605E-01   7.974E-01   1.117E+00   2.057E+00   0.000E+00   0.000E+00   0.000E+00   0.000E+00      7.679E+08   1.000E+00   1.000E+00   10000   5.655E-01   5.319E-01  3p2   N/A    N/A    N/A 
   22   6.930556E+03   4.786502E-01   5.981E+14   5.423E+34   3.378E-01      9.550E-01   7.907E-01   1.109E+00   2.052E+00   0.000E+00   0.000E+00   0.000E+00   0.000E+00      7.760E+08   1.000E+00   1.000E+00   10000   5.698E-01   5.344E-01  3p2   N/A    N/A    N/A 
   23   7.034013E+03   4.976334E-01   5.921E+14   5.280E+34   3.348E-01      9.496E-01   7.842E-01   1.102E+00   2.047E+00   0.000E+00   0.000E+00   0.000E+00   0.000E+00      7.839E+08   1.000E+00   1.000E+00   10000   5.740E-01   5.368E-01  3p2   N/A    N/A    N/A 
   24   7.134512E+03   5.160739E-01   5.863E+14   5.141E+34   3.318E-01      9.443E-01   7.778E-01   1.095E+00   2.042E+00   0.000E+00   0.000E+00   0.000E+00   0.000E+00      7.915E+08   1.000E+00   1.000E+00   00000   5.782E-01   5.391E-01  3p2   N/A    N/A    N/A 
   25   7.232257E+03   5.340091E-01   5.807E+14   5.005E+34   3.289E-01      9.392E-01   7.716E-01   1.088E+00   2.037E+00   0.000E+00   0.000E+00   0.000E+00   0.000E+00      7.990E+08   1.000E+00   1.000E+00   00000   5.823E-01   5.414E-01  3p2   N/A    N/A    N/A 
   26   7.327429E+03   5.514722E-01   5.752E+14   4.874E+34   3.261E-01      9.341E-01   7.655E-01   1.081E+00   2.032E+00   0.000E+00   0.000E+00   0.000E+00   0.000E+00      8.063E+08   1.000E+00   1.000E+00   00000   5.863E-01   5.437E-01  3p2   N/A    N/A    N/A 
   27   7.420192E+03   5.696060E-01   5.696E+14   4.746E+34   3.231E-01      9.290E-01   7.591E-01   1.074E+00   2.027E+00   0.000E+00   0.000E+00   0.000E+00   0.000E+00      8.137E+08   1.000E+00   1.000E+00   00000   5.905E-01   5.461E-01  3p2   N/A    N/A    N/A 
   28   7.510690E+03   5.884958E-01   5.639E+14   4.623E+34   3.202E-01      9.237E-01   7.526E-01   1.067E+00   2.022E+00   0.000E+00   0.000E+00   0.000E+00   0.000E+00      8.213E+08   1.000E+00   1.000E+00   00000   5.949E-01   5.485E-01  3p2   N/A    N/A    N/A 
   29   7.599059E+03   6.069412E-01   5.583E+14   4.503E+34   3.172E-01      9.184E-01   7.462E-01   1.060E+00   2.017E+00   0.000E+00   0.000E+00   0.000E+00   0.000E+00      8.287E+08   1.000E+00   1.000E+00   00000   5.992E-01   5.509E-01  3p2   N/A    N/A    N/A 
   30   7.685419E+03   6.249672E-01   5.528E+14   4.386E+34   3.144E-01      9.133E-01   7.399E-01   1.053E+00   2.012E+00   0.000E+00   0.000E+00   0.000E+00   0.000E+00      8.359E+08   1.000E+00   1.000E+00   00000   6.035E-01   5.532E-01  3p2   N/A    N/A    N/A 
   31   7.769882E+03   6.425971E-01   5.474E+14   4.271E+34   3.115E-01      9.083E-01   7.337E-01   1.046E+00   2.007E+00   0.000E+00   0.000E+00   0.000E+00   0.000E+00      8.430E+08   1.000E+00   1.000E+00   00000   6.078E-01   5.556E-01  3p2   N/A    N/A    N/A 
   32   7.852546E+03   6.598517E-01   5.421E+14   4.158E+34   3.088E-01      9.034E-01   7.276E-01   1.039E+00   2.002E+00   0.000E+00   0.000E+00   0.000E+00   0.000E+00      8.498E+08   1.000E+00   1.000E+00   00000   6.120E-01   5.579E-01  3p2   N/A    N/A    N/A 
   33   7.933506E+03   6.767505E-01   5.370E+14   4.048E+34   3.061E-01      8.985E-01   7.215E-01   1.033E+00   1.997E+00   0.000E+00   0.000E+00   0.000E+00   0.000E+00      8.565E+08   1.000E+00   1.000E+00   00000   6.161E-01   5.602E-01  3p2   N/A    N/A    N/A 
   34   8.012846E+03   6.933112E-01   5.319E+14   3.940E+34   3.034E-01      8.937E-01   7.156E-01   1.026E+00   1.992E+00   0.000E+00   0.000E+00   0.000E+00   0.000E+00      8.630E+08   1.000E+00   1.000E+00   00000   6.203E-01   5.624E-01  3p2   N/A    N/A    N/A 
   35   8.090646E+03   7.095504E-01   5.270E+14   3.835E+34   3.008E-01      8.890E-01   7.097E-01   1.020E+00   1.987E+00   0.000E+00   0.000E+00   0.000E+00   0.000E+00      8.693E+08   1.000E+00   1.000E+00   00000   6.244E-01   5.646E-01  3p2   N/A    N/A    N/A 
   36   8.166977E+03   7.256318E-01   5.221E+14   3.731E+34   2.982E-01      8.844E-01   7.039E-01   1.013E+00   1.982E+00   0.000E+00   0.000E+00   0.000E+00   0.000E+00      8.755E+08   1.000E+00   1.000E+00   00000   6.285E-01   5.668E-01  3p2   N/A    N/A    N/A 
   37   8.241908E+03   7.427518E-01   5.168E+14   3.635E+34   2.954E-01      8.794E-01   6.976E-01   1.006E+00   1.977E+00   0.000E+00   0.000E+00   0.000E+00   0.000E+00      8.821E+08   1.000E+00   1.000E+00   00000   6.329E-01   5.692E-01  3p2   N/A    N/A    N/A 
   38   8.315500E+03   7.595659E-01   5.117E+14   3.540E+34   2.927E-01      8.744E-01   6.913E-01   9.997E-01   1.972E+00   0.000E+00   0.000E+00   0.000E+00   0.000E+00      8.885E+08   1.000E+00   1.000E+00   00000   6.373E-01   5.716E-01  3p2   N/A    N/A    N/A 
   39   8.387812E+03   7.760876E-01   5.066E+14   3.447E+34   2.900E-01      8.696E-01   6.852E-01   9.930E-01   1.967E+00   0.000E+00   0.000E+00   0.000E+00   0.000E+00      8.947E+08   1.000E+00   1.000E+00   00000   6.417E-01   5.740E-01  3p2   N/A    N/A    N/A 
   40   8.458899E+03   7.923293E-01   5.016E+14   3.355E+34   2.874E-01      8.648E-01   6.791E-01   9.864E-01   1.962E+00   0.000E+00   0.000E+00   0.000E+00   0.000E+00      9.007E+08   1.000E+00   1.000E+00   00000   6.461E-01   5.763E-01  3p2   N/A    N/A    N/A 
   41   8.528811E+03   8.083026E-01   4.968E+14   3.265E+34   2.848E-01      8.600E-01   6.730E-01   9.799E-01   1.957E+00   0.000E+00   0.000E+00   0.000E+00   0.000E+00      9.066E+08   1.000E+00   1.000E+00   00000   6.505E-01   5.786E-01  3p2   N/A    N/A    N/A 
   42   8.597594E+03   8.240180E-01   4.919E+14   3.176E+34   2.822E-01      8.553E-01   6.670E-01   9.735E-01   1.952E+00   0.000E+00   0.000E+00   0.000E+00   0.000E+00      9.122E+08   1.000E+00   1.000E+00   00000   6.548E-01   5.809E-01  3p2   N/A    N/A    N/A 
   43   8.665295E+03   8.394860E-01   4.872E+14   3.089E+34   2.796E-01      8.507E-01   6.611E-01   9.671E-01   1.947E+00   0.000E+00   0.000E+00   0.000E+00   0.000E+00      9.177E+08   1.000E+00   1.000E+00   00000   6.591E-01   5.832E-01  3p2   N/A    N/A    N/A 
   44   8.731954E+03   8.547161E-01   4.825E+14   3.003E+34   2.771E-01      8.462E-01   6.552E-01   9.608E-01   1.942E+00   0.000E+00   0.000E+00   0.000E+00   0.000E+00      9.230E+08   1.000E+00   1.000E+00   00000   6.634E-01   5.855E-01  3p2   N/A    N/A    N/A 
   45   8.797610E+03   8.697170E-01   4.779E+14   2.918E+34   2.747E-01      8.416E-01   6.494E-01   9.546E-01   1.937E+00   0.000E+00   0.000E+00   0.000E+00   0.000E+00      9.281E+08   1.000E+00   1.000E+00   00000   6.676E-01   5.878E-01  3p2   N/A    N/A    N/A 
   46   8.862300E+03   8.844974E-01   4.734E+14   2.835E+34   2.722E-01      8.372E-01   6.436E-01   9.485E-01   1.932E+00   0.000E+00   0.000E+00   0.000E+00   0.000E+00      9.331E+08   1.000E+00   1.000E+00   00000   6.719E-01   5.900E-01  3p2   N/A    N/A    N/A 
   47   8.926060E+03   8.991643E-01   4.689E+14   2.754E+34   2.698E-01      8.327E-01   6.377E-01   9.423E-01   1.927E+00   0.000E+00   0.000E+00   0.000E+00   0.000E+00      9.379E+08   1.000E+00   1.000E+00   00000   6.761E-01   5.922E-01  3p2   N/A    N/A    N/A 
   48   8.988922E+03   9.142599E-01   4.640E+14   2.680E+34   2.672E-01      8.279E-01   6.315E-01   9.357E-01   1.921E+00   0.000E+00   0.000E+00   0.000E+00   0.000E+00      9.429E+08   1.000E+00   1.000E+00   00000   6.808E-01   5.947E-01  3p2   N/A    N/A    N/A 
   49   9.050916E+03   9.291470E-01   4.593E+14   2.606E+34   2.646E-01      8.232E-01   6.252E-01   9.292E-01   1.916E+00   0.000E+00   0.000E+00   0.000E+00   0.000E+00      9.478E+08   1.000E+00   1.000E+00   00000   6.854E-01   5.971E-01  3p2   N/A    N/A    N/A 
   50   9.112073E+03   9.438331E-01   4.545E+14   2.534E+34   2.620E-01      8.185E-01   6.190E-01   9.227E-01   1.910E+00   0.000E+00   0.000E+00   0.000E+00   0.000E+00      9.524E+08   1.000E+00   1.000E+00   00000   6.900E-01   5.995E-01  3p2   N/A    N/A    N/A 
   51   9.172420E+03   9.583247E-01   4.499E+14   2.463E+34   2.595E-01      8.138E-01   6.128E-01   9.162E-01   1.905E+00   0.000E+00   0.000E+00   0.000E+00   0.000E+00      9.568E+08   1.000E+00   1.000E+00   00000   6.946E-01   6.019E-01  3p2   N/A    N/A    N/A 
   52   9.231982E+03   9.726280E-01   4.453E+14   2.393E+34   2.570E-01      8.092E-01   6.067E-01   9.098E-01   1.900E+00   0.000E+00   0.000E+00   0.000E+00   0.000E+00      9.610E+08   1.000E+00   1.000E+00   00000   6.991E-01   6.043E-01  3p2   N/A    N/A    N/A 
   53   9.290786E+03   9.867490E-01   4.408E+14   2.323E+34   2.545E-01      8.046E-01   6.006E-01   9.035E-01   1.894E+00   0.000E+00   0.000E+00   0.000E+00   0.000E+00      9.650E+08   1.000E+00   1.000E+00   00000   7.037E-01   6.067E-01  3p2   N/A    N/A    N/A 
   54   9.348855E+03   1.000694E+00   4.363E+14   2.255E+34   2.521E-01      8.001E-01   5.945E-01   8.972E-01   1.889E+00   0.000E+00   0.000E+00   0.000E+00   0.000E+00      9.688E+08   1.000E+00   1.000E+00   00000   7.082E-01   6.091E-01  3p2   N/A    N/A    N/A 
   55   9.406212E+03   1.014467E+00   4.319E+14   2.187E+34   2.497E-01      7.956E-01   5.885E-01   8.910E-01   1.884E+00   0.000E+00   0.000E+00   0.000E+00   0.000E+00      9.723E+08   1.000E+00   1.000E+00   00000   7.128E-01   6.114E-01  3p2   N/A    N/A    N/A 
   56   9.462877E+03   1.028075E+00   4.275E+14   2.120E+34   2.473E-01      7.912E-01   5.824E-01   8.848E-01   1.878E+00   0.000E+00   0.000E+00   0.000E+00   0.000E+00      9.757E+08   1.000E+00   1.000E+00   00000   7.173E-01   6.138E-01  3p2   N/A    N/A    N/A 
   57   9.518872E+03   1.041521E+00   4.232E+14   2.054E+34   2.449E-01      7.868E-01   5.764E-01   8.787E-01   1.873E+00   0.000E+00   0.000E+00   0.000E+00   0.000E+00      9.788E+08   1.000E+00   1.000E+00   00000   7.218E-01   6.161E-01  3p2   N/A    N/A    N/A 
   58   9.574215E+03   1.054811E+00   4.189E+14   1.989E+34   2.425E-01      7.824E-01   5.705E-01   8.726E-01   1.868E+00   0.000E+00   0.000E+00   0.000E+00   0.000E+00      9.817E+08   1.000E+00   1.000E+00   00000   7.263E-01   6.185E-01  3p2   N/A    N/A    N/A 
   59   9.628926E+03   1.067968E+00   4.146E+14   1.925E+34   2.402E-01      7.780E-01   5.644E-01   8.665E-01   1.863E+00   0.000E+00   0.000E+00   0.000E+00   0.000E+00      9.845E+08   1.000E+00   1.000E+00   00000   7.308E-01   6.209E-01  3p2   N/A    N/A    N/A 
   60   9.683022E+03   1.081075E+00   4.100E+14   1.869E+34   2.376E-01      7.732E-01   5.578E-01   8.599E-01   1.857E+00   0.000E+00   0.000E+00   0.000E+00   0.000E+00      9.872E+08   1.000E+00   1.000E+00   00000   7.358E-01   6.234E-01  3p2   N/A    N/A    N/A 
   61   9.736521E+03   1.094038E+00   4.054E+14   1.813E+34   2.351E-01      7.685E-01   5.512E-01   8.533E-01   1.851E+00   0.000E+00   0.000E+00   0.000E+00   0.000E+00      9.897E+08   1.000E+00   1.000E+00   00000   7.407E-01   6.260E-01  3p2   N/A    N/A    N/A 
   62   9.789438E+03   1.106860E+00   4.009E+14   1.757E+34   2.326E-01      7.638E-01   5.447E-01   8.468E-01   1.845E+00   0.000E+00   0.000E+00   0.000E+00   0.000E+00      9.919E+08   1.000E+00   1.000E+00   00000   7.457E-01   6.286E-01  3p2   N/A    N/A    N/A 
   63   9.841789E+03   1.119544E+00   3.964E+14   1.703E+34   2.301E-01      7.591E-01   5.381E-01   8.402E-01   1.839E+00   0.000E+00   0.000E+00   0.000E+00   0.000E+00      9.939E+08   1.000E+00   1.000E+00   00000   7.506E-01   6.312E-01  3p2   N/A    N/A    N/A 
   64   9.893588E+03   1.132095E+00   3.920E+14   1.649E+34   2.277E-01      7.545E-01   5.315E-01   8.338E-01   1.833E+00   0.000E+00   0.000E+00   0.000E+00   0.000E+00      9.956E+08   1.000E+00   1.000E+00   00000   7.555E-01   6.337E-01  3p2   N/A    N/A    N/A 
   65   9.944851E+03   1.144516E+00   3.876E+14   1.595E+34   2.253E-01      7.498E-01   5.250E-01   8.273E-01   1.827E+00   0.000E+00   0.000E+00   0.000E+00   0.000E+00      9.970E+08   1.000E+00   1.000E+00   00000   7.604E-01   6.363E-01  3p2   N/A    N/A    N/A 
   66   9.995592E+03   1.156810E+00   3.833E+14   1.542E+34   2.228E-01      7.453E-01   5.184E-01   8.209E-01   1.822E+00   0.000E+00   0.000E+00   0.000E+00   0.000E+00      9.981E+08   1.000E+00   1.000E+00   00000   7.653E-01   6.388E-01  3p2   N/A    N/A    N/A 
   67   1.004582E+04   1.168981E+00   3.790E+14   1.489E+34   2.205E-01      7.407E-01   5.118E-01   8.146E-01   1.816E+00   0.000E+00   0.000E+00   0.000E+00   0.000E+00      9.990E+08   1.000E+00   1.000E+00   00000   7.702E-01   6.414E-01  3p2   N/A    N/A    N/A 
   68   1.009555E+04   1.181031E+00   3.748E+14   1.437E+34   2.181E-01      7.362E-01   5.052E-01   8.082E-01   1.810E+00   0.000E+00   0.000E+00   0.000E+00   0.000E+00      9.996E+08   1.000E+00   1.000E+00   00000   7.750E-01   6.439E-01  3p2   N/A    N/A    N/A 
   69   1.014480E+04   1.192963E+00   3.705E+14   1.386E+34   2.157E-01      7.317E-01   4.987E-01   8.020E-01   1.804E+00   0.000E+00   0.000E+00   0.000E+00   0.000E+00      9.999E+08   1.423E+07   1.000E+00   00000   7.799E-01   6.465E-01  3p2   N/A    N/A    N/A 
   70   1.019358E+04   1.204781E+00   3.664E+14   1.335E+34   2.134E-01      7.272E-01   4.921E-01   7.957E-01   1.798E+00   0.000E+00   0.000E+00   0.000E+00   0.000E+00      1.000E+09   8.618E+07   1.000E+00   00000   7.847E-01   6.490E-01  3p2   N/A    N/A    N/A 
   71   1.024189E+04   1.216487E+00   3.623E+14   1.284E+34   2.111E-01      7.228E-01   4.855E-01   7.894E-01   1.792E+00   0.000E+00   0.000E+00   0.000E+00   0.000E+00      9.998E+08   1.882E+08   1.000E+00   00000   7.896E-01   6.516E-01  3p2   N/A    N/A    N/A 
   72   1.028975E+04   1.227741E+00   3.577E+14   1.241E+34   2.085E-01      7.178E-01   4.781E-01   7.825E-01   1.786E+00   0.000E+00   0.000E+00   0.000E+00   0.000E+00      9.992E+08   3.284E+08   1.000E+00   00000   7.950E-01   6.544E-01  3p2   N/A    N/A    N/A 
   73   1.033717E+04   1.238889E+00   3.531E+14   1.198E+34   2.060E-01      7.128E-01   4.706E-01   7.755E-01   1.779E+00   0.000E+00   0.000E+00   0.000E+00   0.000E+00      9.983E+08   4.859E+08   1.000E+00   00000   8.004E-01   6.573E-01  3p2   N/A    N/A    N/A 
   74   1.038415E+04   1.249936E+00   3.486E+14   1.156E+34   2.034E-01      7.079E-01   4.631E-01   7.686E-01   1.773E+00   0.000E+00   0.000E+00   0.000E+00   0.000E+00      9.970E+08   6.491E+08   1.000E+00   00000   8.058E-01   6.601E-01  3p2   N/A    N/A    N/A 
   75   1.043072E+04   1.260884E+00   3.441E+14   1.114E+34   2.009E-01      7.030E-01   4.555E-01   7.617E-01   1.766E+00   0.000E+00   0.000E+00   0.000E+00   0.000E+00      9.954E+08   8.073E+08   1.000E+00   00000   8.112E-01   6.630E-01  3p2   N/A    N/A    N/A 
   76   1.047687E+04   1.271734E+00   3.397E+14   1.072E+34   1.984E-01      6.981E-01   4.479E-01   7.548E-01   1.759E+00   0.000E+00   0.000E+00   0.000E+00   0.000E+00      9.934E+08   9.516E+08   1.000E+00   00000   8.166E-01   6.659E-01  3p2   N/A    N/A    N/A 
   77   1.052263E+04   1.282491E+00   3.353E+14   1.031E+34   1.959E-01      6.932E-01   4.403E-01   7.480E-01   1.753E+00   0.000E+00   0.000E+00   0.000E+00   0.000E+00      9.910E+08   1.080E+09   1.000E+00   00000   8.219E-01   6.687E-01  3p2   N/A    N/A    N/A 
   78   1.056798E+04   1.293154E+00   3.310E+14   9.900E+33   1.935E-01      6.884E-01   4.326E-01   7.412E-01   1.746E+00   0.000E+00   0.000E+00   0.000E+00   0.000E+00      9.883E+08   1.196E+09   1.000E+00   00000   8.273E-01   6.716E-01  3p2   N/A    N/A    N/A 
   79   1.061295E+04   1.303726E+00   3.266E+14   9.495E+33   1.910E-01      6.835E-01   4.249E-01   7.344E-01   1.739E+00   0.000E+00   0.000E+00   0.000E+00   0.000E+00      9.853E+08   1.301E+09   1.000E+00   00000   8.326E-01   6.745E-01  3p2   N/A    N/A    N/A 
   80   1.065755E+04   1.314210E+00   3.224E+14   9.093E+33   1.886E-01      6.787E-01   4.170E-01   7.276E-01   1.732E+00   0.000E+00   0.000E+00   0.000E+00   0.000E+00      9.819E+08   1.398E+09   1.000E+00   00000   8.379E-01   6.773E-01  3p2   N/A    N/A    N/A 
   81   1.070177E+04   1.324607E+00   3.181E+14   8.694E+33   1.862E-01      6.739E-01   4.092E-01   7.208E-01   1.726E+00   0.000E+00   0.000E+00   0.000E+00   0.000E+00      9.781E+08   1.489E+09   1.000E+00   00000   8.432E-01   6.802E-01  3p2   N/A    N/A    N/A 
   82   1.074563E+04   1.334918E+00   3.139E+14   8.298E+33   1.838E-01      6.691E-01   4.012E-01   7.141E-01   1.719E+00   0.000E+00   0.000E+00   0.000E+00   0.000E+00      9.740E+08   1.577E+09   1.000E+00   00000   8.485E-01   6.831E-01  3p2   N/A    N/A    N/A 
   83   1.078913E+04   1.344797E+00   3.094E+14   7.939E+33   1.812E-01      6.639E-01   3.925E-01   7.068E-01   1.711E+00   0.000E+00   0.000E+00   0.000E+00   0.000E+00      9.691E+08   1.670E+09   1.000E+00   00000   8.542E-01   6.862E-01  3p2   N/A    N/A    N/A 
   84   1.083229E+04   1.354294E+00   3.046E+14   7.610E+33   1.785E-01      6.584E-01   3.831E-01   6.991E-01   1.704E+00   0.000E+00   0.000E+00   0.000E+00   0.000E+00      9.635E+08   1.766E+09   1.000E+00   00000   8.602E-01   6.895E-01  3p2   N/A    N/A    N/A 
   85   1.087511E+04   1.363716E+00   2.999E+14   7.284E+33   1.758E-01      6.529E-01   3.736E-01   6.914E-01   1.696E+00   0.000E+00   0.000E+00   0.000E+00   0.000E+00      9.574E+08   1.859E+09   1.000E+00   00000   8.662E-01   6.928E-01  3p2   N/A    N/A    N/A 
   86   1.091759E+04   1.373065E+00   2.953E+14   6.961E+33   1.732E-01      6.474E-01   3.640E-01   6.837E-01   1.688E+00   0.000E+00   0.000E+00   0.000E+00   0.000E+00      9.508E+08   1.950E+09   1.000E+00   00000   8.722E-01   6.962E-01  3p2   N/A    N/A    N/A 
   87   1.095974E+04   1.382341E+00   2.906E+14   6.640E+33   1.705E-01      6.419E-01   3.541E-01   6.760E-01   1.680E+00   0.000E+00   0.000E+00   0.000E+00   0.000E+00      9.438E+08   2.040E+09   1.000E+00   00000   8.781E-01   6.995E-01  3p2   N/A    N/A    N/A 
   88   1.100157E+04   1.391546E+00   2.860E+14   6.322E+33   1.679E-01      6.365E-01   3.441E-01   6.684E-01   1.672E+00   0.000E+00   0.000E+00   0.000E+00   0.000E+00      9.363E+08   2.129E+09   1.000E+00   00000   8.840E-01   7.029E-01  3p2   N/A    N/A    N/A 
   89   1.104309E+04   1.400683E+00   2.814E+14   6.006E+33   1.652E-01      6.310E-01   3.338E-01   6.607E-01   1.664E+00   0.000E+00   0.000E+00   0.000E+00   0.000E+00      9.283E+08   2.217E+09   1.000E+00   00000   8.899E-01   7.062E-01  3p2   N/A    N/A    N/A 
   90   1.108429E+04   1.409750E+00   2.769E+14   5.693E+33   1.626E-01      6.255E-01   3.234E-01   6.531E-01   1.655E+00   0.000E+00   0.000E+00   0.000E+00   0.000E+00      9.199E+08   2.303E+09   1.000E+00   00000   8.958E-01   7.096E-01  3p2   N/A    N/A    N/A 
   91   1.112520E+04   1.418751E+00   2.724E+14   5.381E+33   1.601E-01      6.200E-01   3.126E-01   6.454E-01   1.647E+00   0.000E+00   0.000E+00   0.000E+00   0.000E+00      9.109E+08   2.388E+09   1.000E+00   00000   9.016E-01   7.130E-01  3p2   N/A    N/A    N/A 
   92   1.116580E+04   1.427686E+00   2.679E+14   5.072E+33   1.575E-01      6.145E-01   3.015E-01   6.378E-01   1.639E+00   0.000E+00   0.000E+00   0.000E+00   0.000E+00      9.016E+08   2.469E+09   1.000E+00   00000   9.075E-01   7.164E-01  3p2   N/A    N/A    N/A 
   93   1.120611E+04   1.436145E+00   2.631E+14   4.792E+33   1.547E-01      6.085E-01   2.892E-01   6.296E-01   1.630E+00   0.000E+00   0.000E+00   0.000E+00   0.000E+00      8.909E+08   2.555E+09   1.000E+00   00000   9.137E-01   7.201E-01  3p2   N/A    N/A    N/A 
   94   1.124613E+04   1.444129E+00   2.579E+14   4.539E+33   1.517E-01      6.020E-01   2.752E-01   6.206E-01   1.620E+00   0.000E+00   0.000E+00   0.000E+00   0.000E+00      8.787E+08   2.642E+09   1.000E+00   00000   9.204E-01   7.241E-01  3p2   N/A    N/A    N/A 
   95   1.128587E+04   1.452057E+00   2.528E+14   4.288E+33   1.487E-01      5.955E-01   2.607E-01   6.117E-01   1.610E+00   0.000E+00   0.000E+00   0.000E+00   0.000E+00      8.658E+08   2.725E+09   1.000E+00   00000   9.271E-01   7.282E-01  3p2   N/A    N/A    N/A 
   96   1.132533E+04   1.459929E+00   2.477E+14   4.038E+33   1.458E-01      5.890E-01   2.454E-01   6.029E-01   1.600E+00   0.000E+00   0.000E+00   0.000E+00   0.000E+00      8.524E+08   2.804E+09   1.000E+00   00000   9.337E-01   7.323E-01  3p2   N/A    N/A    N/A 
   97   1.136452E+04   1.467747E+00   2.426E+14   3.791E+33   1.428E-01      5.824E-01   2.292E-01   5.940E-01   1.590E+00   0.000E+00   0.000E+00   0.000E+00   0.000E+00      8.383E+08   2.881E+09   1.000E+00   00000   9.403E-01   7.364E-01  3p2   N/A    N/A    N/A 
   98   1.140344E+04   1.475512E+00   2.375E+14   3.545E+33   1.399E-01      5.758E-01   2.119E-01   5.852E-01   1.580E+00   0.000E+00   0.000E+00   0.000E+00   0.000E+00      8.237E+08   2.956E+09   1.000E+00   00000   9.468E-01   7.405E-01  3p2   N/A    N/A    N/A 
   99   1.144210E+04   1.483223E+00   2.325E+14   3.300E+33   1.370E-01      5.692E-01   1.931E-01   5.765E-01   1.569E+00   0.000E+00   0.000E+00   0.000E+00   0.000E+00      8.084E+08   3.029E+09   1.000E+00   00000   9.532E-01   7.446E-01  3p2   N/A    N/A    N/A 
  100   1.148049E+04   1.490883E+00   2.276E+14   3.058E+33   1.341E-01      5.625E-01   1.724E-01   5.679E-01   1.559E+00   0.000E+00   0.000E+00   0.000E+00   0.000E+00      7.925E+08   3.101E+09   1.000E+00   00000   9.596E-01   7.488E-01  3p2   N/A    N/A    N/A 
  101   1.151863E+04   1.498247E+00   2.223E+14   2.828E+33   1.311E-01      5.554E-01   1.479E-01   5.589E-01   1.548E+00   0.000E+00   0.000E+00   0.000E+00   0.000E+00      7.752E+08   3.168E+09   1.000E+00   00000   9.661E-01   7.533E-01  3p2   N/A    N/A    N/A 
  102   1.155652E+04   1.504909E+00   2.164E+14   2.632E+33   1.277E-01      5.473E-01   1.138E-01   5.489E-01   1.535E+00   0.000E+00   0.000E+00   0.000E+00   0.000E+00      7.546E+08   3.231E+09   1.000E+00   00000   9.736E-01   7.584E-01  3p2   N/A    N/A    N/A 
  103   1.159417E+04   1.511528E+00   2.105E+14   2.437E+33   1.242E-01      5.391E-01   6.632E-02   5.394E-01   1.521E+00   0.000E+00   0.000E+00   0.000E+00   0.000E+00      7.331E+08   3.272E+09   1.000E+00   00000   9.808E-01   7.636E-01  3p2   N/A    N/A    N/A 
  104   1.163157E+04   1.518104E+00   2.047E+14   2.243E+33   1.208E-01      5.307E-01  -0.000E+00   5.307E-01   1.508E+00   0.000E+00   0.000E+00   0.000E+00   0.000E+00      7.107E+08   3.290E+09   1.000E+00   00000   9.879E-01   7.688E-01  3p2   N/A    N/A    N/A 
  105   1.166873E+04   1.524638E+00   1.989E+14   2.050E+33   1.174E-01      5.224E-01  -0.000E+00   5.224E-01   1.494E+00   0.000E+00   0.000E+00   0.000E+00   0.000E+00      6.876E+08   3.285E+09   1.000E+00   00000   9.947E-01   7.742E-01  3p2   N/A    N/A    N/A 
  106   1.170566E+04   1.531131E+00   1.931E+14   1.858E+33   1.141E-01      5.138E-01  -0.000E+00   5.138E-01   1.480E+00   0.000E+00   0.000E+00   0.000E+00   0.000E+00      6.639E+08   3.261E+09   1.000E+00   00000   1.002E+00   7.795E-01  3p2   N/A    N/A    N/A 
  107   1.174235E+04   1.537583E+00   1.874E+14   1.668E+33   1.107E-01      5.053E-01  -0.000E+00   5.053E-01   1.466E+00   0.000E+00   0.000E+00   0.000E+00   0.000E+00      6.397E+08   3.220E+09   1.000E+00   00000   1.008E+00   7.849E-01  3p2   N/A    N/A    N/A 
  108   1.177882E+04   1.543190E+00   1.806E+14   1.510E+33   1.067E-01      4.948E-01  -0.000E+00   4.948E-01   1.448E+00   0.000E+00   0.000E+00   0.000E+00   0.000E+00      6.100E+08   3.151E+09   1.000E+00   00000   1.016E+00   7.915E-01  3p2   N/A    N/A    N/A 
  109   1.181506E+04   1.548670E+00   1.737E+14   1.357E+33   1.027E-01      4.840E-01  -0.000E+00   4.840E-01   1.430E+00   0.000E+00   0.000E+00   0.000E+00   0.000E+00      5.791E+08   3.065E+09   1.000E+00   00000   1.023E+00   7.982E-01  3p2   N/A    N/A    N/A 
  110   1.185108E+04   1.554117E+00   1.668E+14   1.205E+33   9.866E-02      4.730E-01  -0.000E+00   4.730E-01   1.412E+00   0.000E+00   0.000E+00   0.000E+00   0.000E+00      5.476E+08   2.967E+09   1.000E+00   00000   1.031E+00   8.050E-01  3p2   N/A    N/A    N/A 
  111   1.188689E+04   1.559532E+00   1.600E+14   1.054E+33   9.465E-02      4.618E-01  -0.000E+00   4.618E-01   1.393E+00   0.000E+00   0.000E+00   0.000E+00   0.000E+00      5.158E+08   2.861E+09   1.000E+00   00000   1.038E+00   8.118E-01  3p2   N/A    N/A    N/A 
  112   1.191783E+04   1.564188E+00   1.540E+14   9.243E+32   9.108E-02      4.532E-01   0.000E+00   0.000E+00   1.264E+00   0.000E+00   0.000E+00   0.000E+00   0.000E+00      1.666E+09   0.000E+00   0.000E+00   00000   9.509E-01   0.000E+00  1s0  926.9  232.0   32.0
  113   1.193520E+04   1.566380E+00   1.482E+14   8.656E+32   8.765E-02      4.450E-01   0.000E+00   0.000E+00   1.251E+00   0.000E+00   0.000E+00   0.000E+00   0.000E+00      1.837E+09   0.000E+00   0.000E+00   00000   9.524E-01   0.000E+00  1s0  942.4  232.0   32.0
  114   1.195257E+04   1.568573E+00   1.426E+14   8.069E+32   8.434E-02      4.370E-01   0.000E+00   0.000E+00   1.237E+00   0.000E+00   0.000E+00   0.000E+00   0.000E+00      2.022E+09   0.000E+00   0.000E+00   00000   9.539E-01   0.000E+00  1s0  957.4  232.0   32.0
  115   1.196995E+04   1.570766E+00   1.372E+14   7.482E+32   8.116E-02      4.293E-01   0.000E+00   0.000E+00   1.223E+00   0.000E+00   0.000E+00   0.000E+00   0.000E+00      2.217E+09   0.000E+00   0.000E+00   00000   9.555E-01   0.000E+00  1s0  971.8  232.0   32.0
  116   1.198732E+04   1.572958E+00   1.320E+14   6.895E+32   7.810E-02      4.205E-01   0.000E+00   0.000E+00   1.210E+00   0.000E+00   0.000E+00   0.000E+00   0.000E+00      2.399E+09   0.000E+00   0.000E+00   00000   9.569E-01   0.000E+00  1s0  995.2  232.0   32.0
  117   1.200469E+04   1.575151E+00   1.271E+14   6.308E+32   7.517E-02      4.087E-01   0.000E+00   0.000E+00   1.201E+00   0.000E+00   0.000E+00   0.000E+00   0.000E+00      2.541E+09   0.000E+00   0.000E+00   00000   9.579E-01   0.000E+00  1s0 1043.5  232.0   32.0
  118   1.202207E+04   1.577344E+00   1.223E+14   5.721E+32   7.235E-02      3.977E-01   0.000E+00   0.000E+00   1.190E+00   0.000E+00   0.000E+00   0.000E+00   0.000E+00      2.690E+09   0.000E+00   0.000E+00   00000   9.591E-01   0.000E+00  1s0 1090.1  232.0   32.0
  119   1.203860E+04   1.579389E+00   1.177E+14   5.175E+32   6.963E-02      3.874E-01   0.000E+00   0.000E+00   1.179E+00   0.000E+00   0.000E+00   0.000E+00   0.000E+00      2.842E+09   0.000E+00   0.000E+00   00000   9.603E-01   0.000E+00  1s0 1134.9  232.0   32.0
  120   1.204909E+04   1.580367E+00   1.132E+14   4.921E+32   6.702E-02      3.778E-01   0.000E+00   0.000E+00   1.168E+00   0.000E+00   0.000E+00   0.000E+00   0.000E+00      2.993E+09   0.000E+00   0.000E+00   00000   9.615E-01   0.000E+00  1s0 1178.0  232.0   32.0
  121   1.205957E+04   1.581345E+00   1.090E+14   4.668E+32   6.451E-02      3.687E-01   0.000E+00   0.000E+00   1.156E+00   0.000E+00   0.000E+00   0.000E+00   0.000E+00      3.139E+09   0.000E+00   0.000E+00   00000   9.628E-01   0.000E+00  1s0 1219.4  232.0   32.0
  122   1.207005E+04   1.582322E+00   1.049E+14   4.414E+32   6.209E-02      3.601E-01   0.000E+00   0.000E+00   1.145E+00   0.000E+00   0.000E+00   0.000E+00   0.000E+00      3.280E+09   0.000E+00   0.000E+00   00000   9.641E-01   0.000E+00  1s0 1259.3  232.0   32.0
  123   1.208053E+04   1.583300E+00   1.009E+14   4.161E+32   5.976E-02      3.520E-01   0.000E+00   0.000E+00   1.133E+00   0.000E+00   0.000E+00   0.000E+00   0.000E+00      3.416E+09   0.000E+00   0.000E+00   00000   9.654E-01   0.000E+00  1s0 1297.8  232.0   32.0
  124   1.209101E+04   1.584277E+00   9.711E+13   3.907E+32   5.752E-02      3.443E-01   0.000E+00   0.000E+00   1.121E+00   0.000E+00   0.000E+00   0.000E+00   0.000E+00      3.547E+09   0.000E+00   0.000E+00   00000   9.667E-01   0.000E+00  1s0 1334.7  232.0   32.0
  125   1.210150E+04   1.585255E+00   9.345E+13   3.654E+32   5.536E-02      3.370E-01   0.000E+00   0.000E+00   1.108E+00   0.000E+00   0.000E+00   0.000E+00   0.000E+00      3.674E+09   0.000E+00   0.000E+00   00000   9.681E-01   0.000E+00  1s0 1370.3  232.0   32.0
  126   1.211198E+04   1.586233E+00   8.993E+13   3.400E+32   5.329E-02      3.300E-01   0.000E+00   0.000E+00   1.096E+00   0.000E+00   0.000E+00   0.000E+00   0.000E+00      3.796E+09   0.000E+00   0.000E+00   00000   9.694E-01   0.000E+00  1s0 1404.5  232.0   32.0
  127   1.212246E+04   1.587210E+00   8.655E+13   3.147E+32   5.129E-02      3.234E-01   0.000E+00   0.000E+00   1.084E+00   0.000E+00   0.000E+00   0.000E+00   0.000E+00      3.915E+09   0.000E+00   0.000E+00   00000   9.708E-01   0.000E+00  1s0 1437.4  232.0   32.0
  128   1.213181E+04   1.587977E+00   8.328E+13   2.950E+32   4.937E-02      3.169E-01   0.000E+00   0.000E+00   1.072E+00   0.000E+00   0.000E+00   0.000E+00   0.000E+00      4.029E+09   0.000E+00   0.000E+00   00000   9.721E-01   0.000E+00  1s0 1469.1  232.0   32.0
  129   1.214001E+04   1.588529E+00   8.015E+13   2.811E+32   4.752E-02      3.108E-01   0.000E+00   0.000E+00   1.060E+00   0.000E+00   0.000E+00   0.000E+00   0.000E+00      4.139E+09   0.000E+00   0.000E+00   00000   9.735E-01   0.000E+00  1s0 1499.6  232.0   32.0
  130   1.214821E+04   1.589082E+00   7.713E+13   2.671E+32   4.573E-02      3.291E-01   0.000E+00   0.000E+00   1.060E+00   0.000E+00   0.000E+00   0.000E+00   0.000E+00      4.135E+09   0.000E+00   0.000E+00   00000   9.734E-01   0.000E+00  1s0 1519.5  183.0   40.0
  131   1.215640E+04   1.589635E+00   7.422E+13   2.532E+32   4.401E-02      3.236E-01   0.000E+00   0.000E+00   1.047E+00   0.000E+00   0.000E+00   0.000E+00   0.000E+00      4.247E+09   0.000E+00   0.000E+00   00000   9.748E-01   0.000E+00  1s0 1538.6  183.0   40.0
  132   1.216460E+04   1.590187E+00   7.142E+13   2.392E+32   4.236E-02      3.182E-01   0.000E+00   0.000E+00   1.034E+00   0.000E+00   0.000E+00   0.000E+00   0.000E+00      4.353E+09   0.000E+00   0.000E+00   00000   9.762E-01   0.000E+00  1s0 1556.9  183.0   40.0
  133   1.217280E+04   1.590740E+00   6.873E+13   2.253E+32   4.077E-02      3.130E-01   0.000E+00   0.000E+00   1.022E+00   0.000E+00   0.000E+00   0.000E+00   0.000E+00      4.453E+09   0.000E+00   0.000E+00   00000   9.776E-01   0.000E+00  1s0 1574.5  183.0   40.0
  134   1.218100E+04   1.591293E+00   6.614E+13   2.113E+32   3.923E-02      3.079E-01   0.000E+00   0.000E+00   1.009E+00   0.000E+00   0.000E+00   0.000E+00   0.000E+00      4.548E+09   0.000E+00   0.000E+00   00000   9.790E-01   0.000E+00  1s0 1591.5  183.0   40.0
  135   1.218920E+04   1.591846E+00   6.365E+13   1.974E+32   3.776E-02      3.030E-01   0.000E+00   0.000E+00   9.969E-01   0.000E+00   0.000E+00   0.000E+00   0.000E+00      4.637E+09   0.000E+00   0.000E+00   00000   9.803E-01   0.000E+00  1s0 1607.8  183.0   40.0
  136   1.219740E+04   1.592398E+00   6.125E+13   1.834E+32   3.634E-02      2.982E-01   0.000E+00   0.000E+00   9.847E-01   0.000E+00   0.000E+00   0.000E+00   0.000E+00      4.720E+09   0.000E+00   0.000E+00   00000   9.817E-01   0.000E+00  1s0 1623.5  183.0   40.0
  137   1.220500E+04   1.592855E+00   5.894E+13   1.720E+32   3.497E-02      2.935E-01   0.000E+00   0.000E+00   9.725E-01   0.000E+00   0.000E+00   0.000E+00   0.000E+00      4.798E+09   0.000E+00   0.000E+00   00000   9.830E-01   0.000E+00  1s0 1638.7  183.0   40.0
  138   1.221177E+04   1.593179E+00   5.672E+13   1.640E+32   3.366E-02      2.889E-01   0.000E+00   0.000E+00   9.606E-01   0.000E+00   0.000E+00   0.000E+00   0.000E+00      4.869E+09   0.000E+00   0.000E+00   00000   9.843E-01   0.000E+00  1s0 1653.2  183.0   40.0
  139   1.221855E+04   1.593504E+00   5.459E+13   1.559E+32   3.239E-02      2.844E-01   0.000E+00   0.000E+00   9.487E-01   0.000E+00   0.000E+00   0.000E+00   0.000E+00      4.934E+09   0.000E+00   0.000E+00   00000   9.856E-01   0.000E+00  1s0 1667.2  183.0   40.0
  140   1.222532E+04   1.593829E+00   5.253E+13   1.479E+32   3.118E-02      2.801E-01   0.000E+00   0.000E+00   9.370E-01   0.000E+00   0.000E+00   0.000E+00   0.000E+00      4.994E+09   0.000E+00   0.000E+00   00000   9.869E-01   0.000E+00  1s0 1680.7  183.0   40.0
  141   1.223210E+04   1.594154E+00   5.055E+13   1.399E+32   3.001E-02      2.758E-01   0.000E+00   0.000E+00   9.254E-01   0.000E+00   0.000E+00   0.000E+00   0.000E+00      5.047E+09   0.000E+00   0.000E+00   00000   9.882E-01   0.000E+00  1s0 1693.7  183.0   40.0
  142   1.223888E+04   1.594479E+00   4.865E+13   1.319E+32   2.888E-02      2.717E-01   0.000E+00   0.000E+00   9.139E-01   0.000E+00   0.000E+00   0.000E+00   0.000E+00      5.094E+09   0.000E+00   0.000E+00   00000   9.895E-01   0.000E+00  1s0 1706.1  183.0   40.0
  143   1.224565E+04   1.594804E+00   4.681E+13   1.239E+32   2.779E-02      2.676E-01   0.000E+00   0.000E+00   9.026E-01   0.000E+00   0.000E+00   0.000E+00   0.000E+00      5.134E+09   0.000E+00   0.000E+00   00000   9.907E-01   0.000E+00  1s0 1718.2  183.0   40.0
  144   1.225243E+04   1.595129E+00   4.505E+13   1.159E+32   2.675E-02      2.636E-01   0.000E+00   0.000E+00   8.914E-01   0.000E+00   0.000E+00   0.000E+00   0.000E+00      5.169E+09   0.000E+00   0.000E+00   00000   9.919E-01   0.000E+00  1s0 1729.7  183.0   40.0
  145   1.225920E+04   1.595454E+00   4.335E+13   1.079E+32   2.575E-02      2.597E-01   0.000E+00   0.000E+00   8.803E-01   0.000E+00   0.000E+00   0.000E+00   0.000E+00      5.197E+09   0.000E+00   0.000E+00   00000   9.932E-01   0.000E+00  1s0 1740.8  183.0   40.0
  146   1.226570E+04   1.595746E+00   4.172E+13   1.007E+32   2.478E-02      2.559E-01   0.000E+00   0.000E+00   8.693E-01   0.000E+00   0.000E+00   0.000E+00   0.000E+00      5.219E+09   0.000E+00   0.000E+00   00000   9.944E-01   0.000E+00  1s0 1751.5  183.0   40.0
  147   1.227133E+04   1.595938E+00   4.015E+13   9.606E+31   2.385E-02      2.521E-01   0.000E+00   0.000E+00   8.585E-01   0.000E+00   0.000E+00   0.000E+00   0.000E+00      5.235E+09   0.000E+00   0.000E+00   00000   9.956E-01   0.000E+00  1s0 1761.8  183.0   40.0
  148   1.227696E+04   1.596129E+00   3.863E+13   9.143E+31   2.295E-02      2.485E-01   0.000E+00   0.000E+00   8.478E-01   0.000E+00   0.000E+00   0.000E+00   0.000E+00      5.244E+09   0.000E+00   0.000E+00   00000   9.967E-01   0.000E+00  1s0 1771.7  183.0   40.0
  149   1.228259E+04   1.596321E+00   3.718E+13   8.681E+31   2.209E-02      2.449E-01   0.000E+00   0.000E+00   8.372E-01   0.000E+00   0.000E+00   0.000E+00   0.000E+00      5.248E+09   0.000E+00   0.000E+00   00000   9.979E-01   0.000E+00  1s0 1781.3  183.0   40.0
  150   1.228822E+04   1.596512E+00   3.578E+13   8.218E+31   2.126E-02      2.414E-01   0.000E+00   0.000E+00   8.268E-01   0.000E+00   0.000E+00   0.000E+00   0.000E+00      5.245E+09   0.000E+00   0.000E+00   00000   9.991E-01   0.000E+00  1s0 1790.5  183.0   40.0
  151   1.229384E+04   1.596704E+00   3.443E+13   7.755E+31   2.046E-02      2.379E-01   0.000E+00   0.000E+00   8.165E-01   0.000E+00   0.000E+00   0.000E+00   0.000E+00      5.236E+09   0.000E+00   0.000E+00   00000   1.000E+00   0.000E+00  1s0 1799.3  183.0   40.0
  152   1.229947E+04   1.596895E+00   3.313E+13   7.293E+31   1.969E-02      2.543E-01   0.000E+00   0.000E+00   8.040E-01   0.000E+00   0.000E+00   0.000E+00   0.000E+00      5.217E+09   0.000E+00   0.000E+00   00000   1.000E+00   0.000E+00  1s0 1772.4  193.0   50.0
  153   1.230510E+04   1.597087E+00   3.188E+13   6.830E+31   1.895E-02      2.525E-01   0.000E+00   0.000E+00   7.932E-01   0.000E+00   0.000E+00   0.000E+00   0.000E+00      5.193E+09   0.000E+00   0.000E+00   00000   1.000E+00   0.000E+00  1s0 1743.4  193.0   50.0
  154   1.231073E+04   1.597278E+00   3.068E+13   6.367E+31   1.824E-02      2.506E-01   0.000E+00   0.000E+00   7.826E-01   0.000E+00   0.000E+00   0.000E+00   0.000E+00      5.162E+09   0.000E+00   0.000E+00   00000   1.000E+00   0.000E+00  1s0 1715.4  193.0   50.0
  155   1.231636E+04   1.597469E+00   2.953E+13   5.905E+31   1.755E-02      2.487E-01   0.000E+00   0.000E+00   7.722E-01   0.000E+00   0.000E+00   0.000E+00   0.000E+00      5.126E+09   0.000E+00   0.000E+00   00000   1.000E+00   0.000E+00  1s0 1688.6  193.0   50.0
  156   1.232104E+04   1.597582E+00   2.841E+13   5.639E+31   1.689E-02      2.469E-01   0.000E+00   0.000E+00   7.618E-01   0.000E+00   0.000E+00   0.000E+00   0.000E+00      5.085E+09   0.000E+00   0.000E+00   00000   1.000E+00   0.000E+00  1s0 1662.7  193.0   50.0
  157   1.232571E+04   1.597694E+00   2.734E+13   5.372E+31   1.626E-02      2.449E-01   0.000E+00   0.000E+00   7.517E-01   0.000E+00   0.000E+00   0.000E+00   0.000E+00      5.039E+09   0.000E+00   0.000E+00   00000   1.000E+00   0.000E+00  1s0 1637.8  193.0   50.0
  158   1.233039E+04   1.597806E+00   2.631E+13   5.106E+31   1.565E-02      2.430E-01   0.000E+00   0.000E+00   7.416E-01   0.000E+00   0.000E+00   0.000E+00   0.000E+00      4.990E+09   0.000E+00   0.000E+00   00000   1.000E+00   0.000E+00  1s0 1613.9  193.0   50.0
  159   1.233507E+04   1.597918E+00   2.532E+13   4.839E+31   1.506E-02      2.411E-01   0.000E+00   0.000E+00   7.317E-01   0.000E+00   0.000E+00   0.000E+00   0.000E+00      4.938E+09   0.000E+00   0.000E+00   00000   1.000E+00   0.000E+00  1s0 1590.8  193.0   50.0
  160   1.233974E+04   1.598030E+00   2.437E+13   4.573E+31   1.449E-02      2.392E-01   0.000E+00   0.000E+00   7.220E-01   0.000E+00   0.000E+00   0.000E+00   0.000E+00      4.882E+09   0.000E+00   0.000E+00   00000   1.000E+00   0.000E+00  1s0 1568.7  193.0   50.0
  161   1.234442E+04   1.598142E+00   2.345E+13   4.307E+31   1.395E-02      2.372E-01   0.000E+00   0.000E+00   7.124E-01   0.000E+00   0.000E+00   0.000E+00   0.000E+00      4.825E+09   0.000E+00   0.000E+00   00000   1.000E+00   0.000E+00  1s0 1547.3  193.0   50.0
  162   1.234909E+04   1.598255E+00   2.257E+13   4.040E+31   1.342E-02      2.352E-01   0.000E+00   0.000E+00   7.029E-01   0.000E+00   0.000E+00   0.000E+00   0.000E+00      4.765E+09   0.000E+00   0.000E+00   00000   1.000E+00   0.000E+00  1s0 1526.8  193.0   50.0
  163   1.235377E+04   1.598367E+00   2.172E+13   3.774E+31   1.292E-02      2.333E-01   0.000E+00   0.000E+00   6.935E-01   0.000E+00   0.000E+00   0.000E+00   0.000E+00      4.705E+09   0.000E+00   0.000E+00   00000   1.000E+00   0.000E+00  1s0 1507.0  193.0   50.0
  164   1.235844E+04   1.598479E+00   2.090E+13   3.508E+31   1.243E-02      2.313E-01   0.000E+00   0.000E+00   6.843E-01   0.000E+00   0.000E+00   0.000E+00   0.000E+00      4.643E+09   0.000E+00   0.000E+00   00000   1.000E+00   0.000E+00  1s0 1488.0  193.0   50.0
  165   1.236258E+04   1.598559E+00   2.011E+13   3.319E+31   1.197E-02      2.293E-01   0.000E+00   0.000E+00   6.752E-01   0.000E+00   0.000E+00   0.000E+00   0.000E+00      4.580E+09   0.000E+00   0.000E+00   00000   1.000E+00   0.000E+00  1s0 1469.7  193.0   50.0
  166   1.236648E+04   1.598625E+00   1.935E+13   3.165E+31   1.152E-02      2.273E-01   0.000E+00   0.000E+00   6.662E-01   0.000E+00   0.000E+00   0.000E+00   0.000E+00      4.516E+09   0.000E+00   0.000E+00   00000   1.000E+00   0.000E+00  1s0 1452.1  193.0   50.0
  167   1.237037E+04   1.598691E+00   1.862E+13   3.011E+31   1.108E-02      2.253E-01   0.000E+00   0.000E+00   6.573E-01   0.000E+00   0.000E+00   0.000E+00   0.000E+00      4.453E+09   0.000E+00   0.000E+00   00000   1.000E+00   0.000E+00  1s0 1435.1  193.0   50.0
  168   1.237427E+04   1.598756E+00   1.792E+13   2.857E+31   1.067E-02      2.233E-01   0.000E+00   0.000E+00   6.486E-01   0.000E+00   0.000E+00   0.000E+00   0.000E+00      4.389E+09   0.000E+00   0.000E+00   00000   1.000E+00   0.000E+00  1s0 1418.8  193.0   50.0
  169   1.237817E+04   1.598822E+00   1.725E+13   2.703E+31   1.027E-02      2.213E-01   0.000E+00   0.000E+00   6.400E-01   0.000E+00   0.000E+00   0.000E+00   0.000E+00      4.325E+09   0.000E+00   0.000E+00   00000   1.000E+00   0.000E+00  1s0 1403.1  193.0   50.0
  170   1.238206E+04   1.598888E+00   1.660E+13   2.549E+31   9.881E-03      2.192E-01   0.000E+00   0.000E+00   6.315E-01   0.000E+00   0.000E+00   0.000E+00   0.000E+00      4.261E+09   0.000E+00   0.000E+00   00000   1.000E+00   0.000E+00  1s0 1388.0  193.0   50.0
  171   1.238596E+04   1.598954E+00   1.597E+13   2.395E+31   9.510E-03      2.172E-01   0.000E+00   0.000E+00   6.232E-01   0.000E+00   0.000E+00   0.000E+00   0.000E+00      4.198E+09   0.000E+00   0.000E+00   00000   1.000E+00   0.000E+00  1s0 1373.5  193.0   50.0
  172   1.238985E+04   1.599019E+00   1.537E+13   2.242E+31   9.153E-03      2.152E-01   0.000E+00   0.000E+00   6.149E-01   0.000E+00   0.000E+00   0.000E+00   0.000E+00      4.136E+09   0.000E+00   0.000E+00   00000   1.000E+00   0.000E+00  1s0 1359.5  193.0   50.0
  173   1.239375E+04   1.599085E+00   1.479E+13   2.088E+31   8.809E-03      2.134E-01   0.000E+00   0.000E+00   6.118E-01   0.000E+00   0.000E+00   0.000E+00   0.000E+00      4.111E+09   0.000E+00   0.000E+00   00000   1.000E+00   0.000E+00  1s0 1341.9  164.0   50.0
  174   1.239740E+04   1.599141E+00   1.423E+13   1.956E+31   8.477E-03      2.121E-01   0.000E+00   0.000E+00   6.034E-01   0.000E+00   0.000E+00   0.000E+00   0.000E+00      4.048E+09   0.000E+00   0.000E+00   00000   1.000E+00   0.000E+00  1s0 1315.5  164.0   50.0
  175   1.240057E+04   1.599179E+00   1.370E+13   1.870E+31   8.158E-03      2.108E-01   0.000E+00   0.000E+00   5.952E-01   0.000E+00   0.000E+00   0.000E+00   0.000E+00      3.985E+09   0.000E+00   0.000E+00   00000   1.000E+00   0.000E+00  1s0 1290.1  164.0   50.0
  176   1.240375E+04   1.599216E+00   1.318E+13   1.783E+31   7.851E-03      2.094E-01   0.000E+00   0.000E+00   5.871E-01   0.000E+00   0.000E+00   0.000E+00   0.000E+00      3.923E+09   0.000E+00   0.000E+00   00000   1.000E+00   0.000E+00  1s0 1265.7  164.0   50.0
  177   1.240692E+04   1.599254E+00   1.268E+13   1.697E+31   7.555E-03      2.080E-01   0.000E+00   0.000E+00   5.791E-01   0.000E+00   0.000E+00   0.000E+00   0.000E+00      3.862E+09   0.000E+00   0.000E+00   00000   1.000E+00   0.000E+00  1s0 1242.1  164.0   50.0
  178   1.241009E+04   1.599291E+00   1.221E+13   1.611E+31   7.271E-03      2.067E-01   0.000E+00   0.000E+00   5.712E-01   0.000E+00   0.000E+00   0.000E+00   0.000E+00      3.802E+09   0.000E+00   0.000E+00   00000   1.000E+00   0.000E+00  1s0 1219.5  164.0   50.0
  179   1.241326E+04   1.599328E+00   1.175E+13   1.524E+31   6.997E-03      2.053E-01   0.000E+00   0.000E+00   5.634E-01   0.000E+00   0.000E+00   0.000E+00   0.000E+00      3.742E+09   0.000E+00   0.000E+00   00000   1.000E+00   0.000E+00  1s0 1197.7  164.0   50.0
  180   1.241643E+04   1.599366E+00   1.130E+13   1.438E+31   6.733E-03      2.039E-01   0.000E+00   0.000E+00   5.557E-01   0.000E+00   0.000E+00   0.000E+00   0.000E+00      3.682E+09   0.000E+00   0.000E+00   00000   1.000E+00   0.000E+00  1s0 1176.7  164.0   50.0
  181   1.241961E+04   1.599403E+00   1.088E+13   1.351E+31   6.480E-03      2.024E-01   0.000E+00   0.000E+00   5.481E-01   0.000E+00   0.000E+00   0.000E+00   0.000E+00      3.623E+09   0.000E+00   0.000E+00   00000   1.000E+00   0.000E+00  1s0 1156.5  164.0   50.0
  182   1.242278E+04   1.599440E+00   1.047E+13   1.265E+31   6.236E-03      2.010E-01   0.000E+00   0.000E+00   5.406E-01   0.000E+00   0.000E+00   0.000E+00   0.000E+00      3.564E+09   0.000E+00   0.000E+00   00000   1.000E+00   0.000E+00  1s0 1137.1  164.0   50.0
  183   1.242595E+04   1.599478E+00   1.007E+13   1.179E+31   6.001E-03      1.995E-01   0.000E+00   0.000E+00   5.332E-01   0.000E+00   0.000E+00   0.000E+00   0.000E+00      3.505E+09   0.000E+00   0.000E+00   00000   1.000E+00   0.000E+00  1s0 1118.4  164.0   50.0
  184   1.242864E+04   1.599503E+00   9.694E+12   1.121E+31   5.775E-03      1.981E-01   0.000E+00   0.000E+00   5.260E-01   0.000E+00   0.000E+00   0.000E+00   0.000E+00      3.447E+09   0.000E+00   0.000E+00   00000   1.000E+00   0.000E+00  1s0 1100.4  164.0   50.0
  185   1.243113E+04   1.599523E+00   9.328E+12   1.075E+31   5.558E-03      1.965E-01   0.000E+00   0.000E+00   5.194E-01   0.000E+00   0.000E+00   0.000E+00   0.000E+00      3.393E+09   0.000E+00   0.000E+00   00000   1.000E+00   0.000E+00  1s0 1084.4  161.0   50.0
  186   1.243362E+04   1.599543E+00   8.977E+12   1.029E+31   5.349E-03      1.949E-01   0.000E+00   0.000E+00   5.124E-01   0.000E+00   0.000E+00   0.000E+00   0.000E+00      3.335E+09   0.000E+00   0.000E+00   00000   1.000E+00   0.000E+00  1s0 1069.0  161.0   50.0
  187   1.243611E+04   1.599563E+00   8.639E+12   9.831E+30   5.147E-03      1.934E-01   0.000E+00   0.000E+00   5.054E-01   0.000E+00   0.000E+00   0.000E+00   0.000E+00      3.277E+09   0.000E+00   0.000E+00   00000   1.000E+00   0.000E+00  1s0 1054.2  161.0   50.0
  188   1.243860E+04   1.599583E+00   8.313E+12   9.371E+30   4.954E-03      1.918E-01   0.000E+00   0.000E+00   4.986E-01   0.000E+00   0.000E+00   0.000E+00   0.000E+00      3.219E+09   0.000E+00   0.000E+00   00000   1.000E+00   0.000E+00  1s0 1040.0  161.0   50.0
  189   1.244109E+04   1.599603E+00   8.000E+12   8.911E+30   4.767E-03      1.902E-01   0.000E+00   0.000E+00   4.919E-01   0.000E+00   0.000E+00   0.000E+00   0.000E+00      3.161E+09   0.000E+00   0.000E+00   00000   1.000E+00   0.000E+00  1s0 1026.3  161.0   50.0
  190   1.244359E+04   1.599624E+00   7.699E+12   8.451E+30   4.588E-03      1.886E-01   0.000E+00   0.000E+00   4.852E-01   0.000E+00   0.000E+00   0.000E+00   0.000E+00      3.102E+09   0.000E+00   0.000E+00   00000   1.000E+00   0.000E+00  1s0 1013.1  161.0   50.0
  191   1.244608E+04   1.599644E+00   7.408E+12   7.991E+30   4.415E-03      1.870E-01   0.000E+00   0.000E+00   4.787E-01   0.000E+00   0.000E+00   0.000E+00   0.000E+00      3.044E+09   0.000E+00   0.000E+00   00000   1.000E+00   0.000E+00  1s0 1000.4  161.0   50.0
  192   1.244857E+04   1.599664E+00   7.129E+12   7.531E+30   4.249E-03      1.853E-01   0.000E+00   0.000E+00   4.722E-01   0.000E+00   0.000E+00   0.000E+00   0.000E+00      2.986E+09   0.000E+00   0.000E+00   00000   1.000E+00   0.000E+00  1s0  988.2  161.0   50.0
  193   1.245106E+04   1.599684E+00   6.861E+12   7.070E+30   4.089E-03      1.837E-01   0.000E+00   0.000E+00   4.659E-01   0.000E+00   0.000E+00   0.000E+00   0.000E+00      2.928E+09   0.000E+00   0.000E+00   00000   1.000E+00   0.000E+00  1s0  976.4  161.0   50.0
  194   1.245331E+04   1.599700E+00   6.602E+12   6.697E+30   3.935E-03      1.821E-01   0.000E+00   0.000E+00   4.596E-01   0.000E+00   0.000E+00   0.000E+00   0.000E+00      2.871E+09   0.000E+00   0.000E+00   00000   1.000E+00   0.000E+00  1s0  965.1  161.0   50.0
  195   1.245510E+04   1.599710E+00   6.353E+12   6.483E+30   3.787E-03      1.805E-01   0.000E+00   0.000E+00   4.534E-01   0.000E+00   0.000E+00   0.000E+00   0.000E+00      2.813E+09   0.000E+00   0.000E+00   00000   1.000E+00   0.000E+00  1s0  954.2  161.0   50.0
  196   1.245690E+04   1.599719E+00   6.114E+12   6.270E+30   3.645E-03      1.796E-01   0.000E+00   0.000E+00   4.473E-01   0.000E+00   0.000E+00   0.000E+00   0.000E+00      2.757E+09   0.000E+00   0.000E+00   00000   1.000E+00   0.000E+00  1s0  932.1  159.0   50.0
  197   1.245869E+04   1.599728E+00   5.884E+12   6.057E+30   3.508E-03      1.791E-01   0.000E+00   0.000E+00   4.407E-01   0.000E+00   0.000E+00   0.000E+00   0.000E+00      2.694E+09   0.000E+00   0.000E+00   00000   1.000E+00   0.000E+00  1s0  903.2  159.0   50.0
  198   1.246049E+04   1.599738E+00   5.662E+12   5.843E+30   3.376E-03      1.787E-01   0.000E+00   0.000E+00   4.341E-01   0.000E+00   0.000E+00   0.000E+00   0.000E+00      2.632E+09   0.000E+00   0.000E+00   00000   1.000E+00   0.000E+00  1s0  875.5  159.0   50.0
  199   1.246229E+04   1.599747E+00   5.449E+12   5.630E+30   3.248E-03      1.783E-01   0.000E+00   0.000E+00   4.276E-01   0.000E+00   0.000E+00   0.000E+00   0.000E+00      2.571E+09   0.000E+00   0.000E+00   00000   1.000E+00   0.000E+00  1s0  848.7  159.0   50.0
  200   1.246408E+04   1.599757E+00   5.243E+12   5.417E+30   3.126E-03      1.778E-01   0.000E+00   0.000E+00   4.211E-01   0.000E+00   0.000E+00   0.000E+00   0.000E+00      2.509E+09   0.000E+00   0.000E+00   00000   1.000E+00   0.000E+00  1s0  823.0  159.0   50.0
  201   1.246588E+04   1.599766E+00   5.046E+12   5.204E+30   3.008E-03      1.774E-01   0.000E+00   0.000E+00   4.147E-01   0.000E+00   0.000E+00   0.000E+00   0.000E+00      2.448E+09   0.000E+00   0.000E+00   00000   1.000E+00   0.000E+00  1s0  798.3  159.0   50.0
  202   1.246767E+04   1.599776E+00   4.856E+12   4.990E+30   2.895E-03      1.769E-01   0.000E+00   0.000E+00   4.084E-01   0.000E+00   0.000E+00   0.000E+00   0.000E+00      2.388E+09   0.000E+00   0.000E+00   00000   1.000E+00   0.000E+00  1s0  774.4  159.0   50.0
  203   1.246947E+04   1.599785E+00   4.673E+12   4.777E+30   2.786E-03      1.764E-01   0.000E+00   0.000E+00   4.022E-01   0.000E+00   0.000E+00   0.000E+00   0.000E+00      2.328E+09   0.000E+00   0.000E+00   00000   1.000E+00   0.000E+00  1s0  751.5  159.0   50.0
  204   1.247126E+04   1.599794E+00   4.497E+12   4.564E+30   2.681E-03      1.759E-01   0.000E+00   0.000E+00   3.960E-01   0.000E+00   0.000E+00   0.000E+00   0.000E+00      2.269E+09   0.000E+00   0.000E+00   00000   1.000E+00   0.000E+00  1s0  729.5  159.0   50.0
  205   1.247306E+04   1.599804E+00   4.327E+12   4.350E+30   2.580E-03      1.754E-01   0.000E+00   0.000E+00   3.898E-01   0.000E+00   0.000E+00   0.000E+00   0.000E+00      2.211E+09   0.000E+00   0.000E+00   00000   1.000E+00   0.000E+00  1s0  708.2  159.0   50.0
  206   1.247485E+04   1.599813E+00   4.164E+12   4.137E+30   2.483E-03      1.748E-01   0.000E+00   0.000E+00   3.838E-01   0.000E+00   0.000E+00   0.000E+00   0.000E+00      2.153E+09   0.000E+00   0.000E+00   00000   1.000E+00   0.000E+00  1s0  687.8  159.0   50.0
  207   1.247655E+04   1.599820E+00   4.007E+12   3.991E+30   2.390E-03      1.743E-01   0.000E+00   0.000E+00   3.778E-01   0.000E+00   0.000E+00   0.000E+00   0.000E+00      2.096E+09   0.000E+00   0.000E+00   00000   1.000E+00   0.000E+00  1s0  668.2  159.0   50.0
  208   1.247821E+04   1.599825E+00   3.856E+12   3.873E+30   2.300E-03      1.737E-01   0.000E+00   0.000E+00   3.719E-01   0.000E+00   0.000E+00   0.000E+00   0.000E+00      2.039E+09   0.000E+00   0.000E+00   00000   1.000E+00   0.000E+00  1s0  649.2  159.0   50.0
  209   1.247986E+04   1.599830E+00   3.711E+12   3.754E+30   2.213E-03      1.732E-01   0.000E+00   0.000E+00   3.660E-01   0.000E+00   0.000E+00   0.000E+00   0.000E+00      1.984E+09   0.000E+00   0.000E+00   00000   1.000E+00   0.000E+00  1s0  631.0  159.0   50.0
  210   1.248152E+04   1.599835E+00   3.571E+12   3.636E+30   2.130E-03      1.726E-01   0.000E+00   0.000E+00   3.602E-01   0.000E+00   0.000E+00   0.000E+00   0.000E+00      1.929E+09   0.000E+00   0.000E+00   00000   1.000E+00   0.000E+00  1s0  613.5  159.0   50.0
  211   1.248318E+04   1.599841E+00   3.437E+12   3.518E+30   2.050E-03      1.720E-01   0.000E+00   0.000E+00   3.544E-01   0.000E+00   0.000E+00   0.000E+00   0.000E+00      1.875E+09   0.000E+00   0.000E+00   00000   1.000E+00   0.000E+00  1s0  596.7  159.0   50.0
  212   1.248483E+04   1.599846E+00   3.307E+12   3.399E+30   1.973E-03      1.714E-01   0.000E+00   0.000E+00   3.487E-01   0.000E+00   0.000E+00   0.000E+00   0.000E+00      1.822E+09   0.000E+00   0.000E+00   00000   1.000E+00   0.000E+00  1s0  580.4  159.0   50.0
  213   1.248649E+04   1.599851E+00   3.183E+12   3.281E+30   1.898E-03      1.707E-01   0.000E+00   0.000E+00   3.431E-01   0.000E+00   0.000E+00   0.000E+00   0.000E+00      1.769E+09   0.000E+00   0.000E+00   00000   1.000E+00   0.000E+00  1s0  564.8  159.0   50.0
  214   1.248815E+04   1.599856E+00   3.063E+12   3.162E+30   1.827E-03      1.701E-01   0.000E+00   0.000E+00   3.375E-01   0.000E+00   0.000E+00   0.000E+00   0.000E+00      1.718E+09   0.000E+00   0.000E+00   00000   1.000E+00   0.000E+00  1s0  549.8  159.0   50.0
  215   1.248980E+04   1.599862E+00   2.947E+12   3.044E+30   1.758E-03      1.694E-01   0.000E+00   0.000E+00   3.320E-01   0.000E+00   0.000E+00   0.000E+00   0.000E+00      1.668E+09   0.000E+00   0.000E+00   00000   1.000E+00   0.000E+00  1s0  535.4  159.0   50.0
  216   1.249146E+04   1.599867E+00   2.836E+12   2.925E+30   1.692E-03      1.687E-01   0.000E+00   0.000E+00   3.266E-01   0.000E+00   0.000E+00   0.000E+00   0.000E+00      1.618E+09   0.000E+00   0.000E+00   00000   1.000E+00   0.000E+00  1s0  521.4  159.0   50.0
  217   1.249312E+04   1.599872E+00   2.729E+12   2.807E+30   1.628E-03      1.680E-01   0.000E+00   0.000E+00   3.212E-01   0.000E+00   0.000E+00   0.000E+00   0.000E+00      1.570E+09   0.000E+00   0.000E+00   00000   1.000E+00   0.000E+00  1s0  508.1  159.0   50.0
  218   1.249478E+04   1.599878E+00   2.626E+12   2.688E+30   1.567E-03      1.554E-01   0.000E+00   0.000E+00   3.284E-01   0.000E+00   0.000E+00   0.000E+00   0.000E+00      1.635E+09   0.000E+00   0.000E+00   00000   1.000E+00   0.000E+00  1s0  494.2  117.0   40.0
  219   1.249643E+04   1.599883E+00   2.528E+12   2.570E+30   1.508E-03      1.550E-01   0.000E+00   0.000E+00   3.232E-01   0.000E+00   0.000E+00   0.000E+00   0.000E+00      1.588E+09   0.000E+00   0.000E+00   00000   1.000E+00   0.000E+00  1s0  479.3  117.0   40.0
  220   1.249803E+04   1.599887E+00   2.432E+12   2.467E+30   1.451E-03      1.546E-01   0.000E+00   0.000E+00   3.180E-01   0.000E+00   0.000E+00   0.000E+00   0.000E+00      1.542E+09   0.000E+00   0.000E+00   00000   1.000E+00   0.000E+00  1s0  464.9  117.0   40.0
  221   1.249946E+04   1.599890E+00   2.341E+12   2.410E+30   1.397E-03      1.542E-01   0.000E+00   0.000E+00   3.129E-01   0.000E+00   0.000E+00   0.000E+00   0.000E+00      1.496E+09   0.000E+00   0.000E+00   00000   1.000E+00   0.000E+00  1s0  451.1  117.0   40.0
  222   1.250089E+04   1.599893E+00   2.252E+12   2.353E+30   1.344E-03      1.538E-01   0.000E+00   0.000E+00   3.078E-01   0.000E+00   0.000E+00   0.000E+00   0.000E+00      1.452E+09   0.000E+00   0.000E+00   00000   1.000E+00   0.000E+00  1s0  437.8  117.0   40.0
  223   1.250232E+04   1.599895E+00   2.168E+12   2.295E+30   1.294E-03      1.533E-01   0.000E+00   0.000E+00   3.028E-01   0.000E+00   0.000E+00   0.000E+00   0.000E+00      1.408E+09   0.000E+00   0.000E+00   00000   1.000E+00   0.000E+00  1s0  424.9  117.0   40.0
  224   1.250375E+04   1.599898E+00   2.086E+12   2.238E+30   1.245E-03      1.529E-01   0.000E+00   0.000E+00   2.978E-01   0.000E+00   0.000E+00   0.000E+00   0.000E+00      1.366E+09   0.000E+00   0.000E+00   00000   1.000E+00   0.000E+00  1s0  412.6  117.0   40.0
  225   1.250518E+04   1.599900E+00   2.007E+12   2.181E+30   1.198E-03      1.524E-01   0.000E+00   0.000E+00   2.929E-01   0.000E+00   0.000E+00   0.000E+00   0.000E+00      1.324E+09   0.000E+00   0.000E+00   00000   1.000E+00   0.000E+00  1s0  400.8  117.0   40.0
  226   1.250661E+04   1.599903E+00   1.932E+12   2.124E+30   1.153E-03      1.519E-01   0.000E+00   0.000E+00   2.880E-01   0.000E+00   0.000E+00   0.000E+00   0.000E+00      1.283E+09   0.000E+00   0.000E+00   00000   1.000E+00   0.000E+00  1s0  389.4  117.0   40.0
  227   1.250804E+04   1.599905E+00   1.859E+12   2.066E+30   1.110E-03      1.514E-01   0.000E+00   0.000E+00   2.831E-01   0.000E+00   0.000E+00   0.000E+00   0.000E+00      1.243E+09   0.000E+00   0.000E+00   00000   1.000E+00   0.000E+00  1s0  378.4  117.0   40.0
  228   1.250947E+04   1.599908E+00   1.789E+12   2.009E+30   1.068E-03      1.509E-01   0.000E+00   0.000E+00   2.783E-01   0.000E+00   0.000E+00   0.000E+00   0.000E+00      1.203E+09   0.000E+00   0.000E+00   00000   1.000E+00   0.000E+00  1s0  367.8  117.0   40.0
  229   1.251090E+04   1.599911E+00   1.721E+12   1.952E+30   1.028E-03      1.504E-01   0.000E+00   0.000E+00   2.736E-01   0.000E+00   0.000E+00   0.000E+00   0.000E+00      1.165E+09   0.000E+00   0.000E+00   00000   1.000E+00   0.000E+00  1s0  357.6  117.0   40.0
  230   1.251233E+04   1.599913E+00   1.657E+12   1.895E+30   9.890E-04      1.499E-01   0.000E+00   0.000E+00   2.689E-01   0.000E+00   0.000E+00   0.000E+00   0.000E+00      1.126E+09   0.000E+00   0.000E+00   00000   1.000E+00   0.000E+00  1s0  347.9  117.0   40.0
  231   1.251376E+04   1.599916E+00   1.594E+12   1.837E+30   9.518E-04      1.493E-01   0.000E+00   0.000E+00   2.642E-01   0.000E+00   0.000E+00   0.000E+00   0.000E+00      1.089E+09   0.000E+00   0.000E+00   00000   1.000E+00   0.000E+00  1s0  338.4  117.0   40.0
  232   1.251519E+04   1.599918E+00   1.534E+12   1.780E+30   9.160E-04      1.488E-01   0.000E+00   0.000E+00   2.596E-01   0.000E+00   0.000E+00   0.000E+00   0.000E+00      1.052E+09   0.000E+00   0.000E+00   00000   1.000E+00   0.000E+00  1s0  329.4  117.0   40.0
  233   1.251661E+04   1.599921E+00   1.476E+12   1.723E+30   8.816E-04      1.482E-01   0.000E+00   0.000E+00   2.550E-01   0.000E+00   0.000E+00   0.000E+00   0.000E+00      1.016E+09   0.000E+00   0.000E+00   00000   1.000E+00   0.000E+00  1s0  320.6  117.0   40.0
  234   1.251804E+04   1.599923E+00   1.421E+12   1.666E+30   8.484E-04      1.476E-01   0.000E+00   0.000E+00   2.509E-01   0.000E+00   0.000E+00   0.000E+00   0.000E+00      9.839E+08   0.000E+00   0.000E+00   00000   1.000E+00   0.000E+00  1s0  312.3  116.0   40.0
  235   1.251947E+04   1.599926E+00   1.367E+12   1.608E+30   8.165E-04      1.470E-01   0.000E+00   0.000E+00   2.464E-01   0.000E+00   0.000E+00   0.000E+00   0.000E+00      9.489E+08   0.000E+00   0.000E+00   00000   1.000E+00   0.000E+00  1s0  304.3  116.0   40.0
  236   1.252101E+04   1.599928E+00   1.316E+12   1.556E+30   7.858E-04      1.464E-01   0.000E+00   0.000E+00   2.420E-01   0.000E+00   0.000E+00   0.000E+00   0.000E+00      9.145E+08   0.000E+00   0.000E+00   00000   1.000E+00   0.000E+00  1s0  296.6  116.0   40.0
  237   1.252285E+04   1.599930E+00   1.266E+12   1.515E+30   7.562E-04      1.458E-01   0.000E+00   0.000E+00   2.376E-01   0.000E+00   0.000E+00   0.000E+00   0.000E+00      8.805E+08   0.000E+00   0.000E+00   00000   1.000E+00   0.000E+00  1s0  289.2  116.0   40.0
  238   1.252468E+04   1.599932E+00   1.218E+12   1.475E+30   7.278E-04      1.451E-01   0.000E+00   0.000E+00   2.332E-01   0.000E+00   0.000E+00   0.000E+00   0.000E+00      8.470E+08   0.000E+00   0.000E+00   00000   1.000E+00   0.000E+00  1s0  282.1  116.0   40.0
  239   1.252652E+04   1.599934E+00   1.172E+12   1.435E+30   7.004E-04      1.445E-01   0.000E+00   0.000E+00   2.289E-01   0.000E+00   0.000E+00   0.000E+00   0.000E+00      8.139E+08   0.000E+00   0.000E+00   00000   1.000E+00   0.000E+00  1s0  275.2  116.0   40.0
  240   1.252836E+04   1.599936E+00   1.128E+12   1.395E+30   6.741E-04      1.438E-01   0.000E+00   0.000E+00   2.247E-01   0.000E+00   0.000E+00   0.000E+00   0.000E+00      7.812E+08   0.000E+00   0.000E+00   00000   1.000E+00   0.000E+00  1s0  268.6  116.0   40.0
  241   1.253019E+04   1.599937E+00   1.086E+12   1.354E+30   6.487E-04      1.431E-01   0.000E+00   0.000E+00   2.204E-01   0.000E+00   0.000E+00   0.000E+00   0.000E+00      7.490E+08   0.000E+00   0.000E+00   00000   1.000E+00   0.000E+00  1s0  262.2  116.0   40.0
  242   1.253203E+04   1.599939E+00   1.045E+12   1.314E+30   6.244E-04      1.424E-01   0.000E+00   0.000E+00   2.163E-01   0.000E+00   0.000E+00   0.000E+00   0.000E+00      7.171E+08   0.000E+00   0.000E+00   00000   1.000E+00   0.000E+00  1s0  256.1  116.0   40.0
  243   1.253387E+04   1.599941E+00   1.005E+12   1.274E+30   6.009E-04      1.417E-01   0.000E+00   0.000E+00   2.121E-01   0.000E+00   0.000E+00   0.000E+00   0.000E+00      6.855E+08   0.000E+00   0.000E+00   00000   1.000E+00   0.000E+00  1s0  250.2  116.0   40.0
  244   1.253570E+04   1.599943E+00   9.676E+11   1.234E+30   5.783E-04      1.410E-01   0.000E+00   0.000E+00   2.080E-01   0.000E+00   0.000E+00   0.000E+00   0.000E+00      6.543E+08   0.000E+00   0.000E+00   00000   1.000E+00   0.000E+00  1s0  244.6  116.0   40.0
  245   1.253754E+04   1.599945E+00   9.311E+11   1.194E+30   5.565E-04      1.402E-01   0.000E+00   0.000E+00   2.040E-01   0.000E+00   0.000E+00   0.000E+00   0.000E+00      6.234E+08   0.000E+00   0.000E+00   00000   1.000E+00   0.000E+00  1s0  239.1  116.0   40.0
  246   1.253938E+04   1.599946E+00   8.961E+11   1.153E+30   5.355E-04      1.395E-01   0.000E+00   0.000E+00   1.999E-01   0.000E+00   0.000E+00   0.000E+00   0.000E+00      5.929E+08   0.000E+00   0.000E+00   00000   1.000E+00   0.000E+00  1s0  233.9  116.0   40.0
  247   1.254121E+04   1.599948E+00   8.623E+11   1.113E+30   5.154E-04      1.387E-01   0.000E+00   0.000E+00   1.960E-01   0.000E+00   0.000E+00   0.000E+00   0.000E+00      5.626E+08   0.000E+00   0.000E+00   00000   1.000E+00   0.000E+00  1s0  228.8  116.0   40.0
  248   1.254305E+04   1.599950E+00   8.298E+11   1.073E+30   4.959E-04      1.379E-01   0.000E+00   0.000E+00   1.920E-01   0.000E+00   0.000E+00   0.000E+00   0.000E+00      5.327E+08   0.000E+00   0.000E+00   00000   1.000E+00   0.000E+00  1s0  224.0  116.0   40.0
  249   1.254489E+04   1.599952E+00   7.985E+11   1.033E+30   4.773E-04      1.371E-01   0.000E+00   0.000E+00   1.881E-01   0.000E+00   0.000E+00   0.000E+00   0.000E+00      5.032E+08   0.000E+00   0.000E+00   00000   1.000E+00   0.000E+00  1s0  219.3  116.0   40.0
  250   1.254672E+04   1.599954E+00   7.685E+11   9.924E+29   4.593E-04      1.363E-01   0.000E+00   0.000E+00   1.843E-01   0.000E+00   0.000E+00   0.000E+00   0.000E+00      4.742E+08   0.000E+00   0.000E+00   00000   1.000E+00   0.000E+00  1s0  214.8  116.0   40.0
  251   1.254829E+04   1.599955E+00   7.395E+11   9.670E+29   4.420E-04      1.355E-01   0.000E+00   0.000E+00   1.804E-01   0.000E+00   0.000E+00   0.000E+00   0.000E+00      4.458E+08   0.000E+00   0.000E+00   00000   1.000E+00   0.000E+00  1s0  210.5  116.0   40.0
  252   1.254972E+04   1.599956E+00   7.116E+11   9.491E+29   4.254E-04      1.347E-01   0.000E+00   0.000E+00   1.767E-01   0.000E+00   0.000E+00   0.000E+00   0.000E+00      4.179E+08   0.000E+00   0.000E+00   00000   1.000E+00   0.000E+00  1s0  206.3  116.0   40.0
  253   1.255115E+04   1.599957E+00   6.848E+11   9.312E+29   4.093E-04      1.338E-01   0.000E+00   0.000E+00   1.729E-01   0.000E+00   0.000E+00   0.000E+00   0.000E+00      3.906E+08   0.000E+00   0.000E+00   00000   1.000E+00   0.000E+00  1s0  202.3  116.0   40.0
  254   1.255258E+04   1.599957E+00   6.590E+11   9.132E+29   3.939E-04      1.330E-01   0.000E+00   0.000E+00   1.692E-01   0.000E+00   0.000E+00   0.000E+00   0.000E+00      3.638E+08   0.000E+00   0.000E+00   00000   1.000E+00   0.000E+00  1s0  198.4  116.0   40.0
  255   1.255401E+04   1.599958E+00   6.342E+11   8.953E+29   3.791E-04      1.322E-01   0.000E+00   0.000E+00   1.655E-01   0.000E+00   0.000E+00   0.000E+00   0.000E+00      3.374E+08   0.000E+00   0.000E+00   00000   1.000E+00   0.000E+00  1s0  194.5  116.0   40.0
  256   1.255544E+04   1.599959E+00   6.103E+11   8.774E+29   3.648E-04      1.313E-01   0.000E+00   0.000E+00   1.618E-01   0.000E+00   0.000E+00   0.000E+00   0.000E+00      3.118E+08   0.000E+00   0.000E+00   00000   1.000E+00   0.000E+00  1s0  190.8  116.0   40.0
  257   1.255688E+04   1.599960E+00   5.873E+11   8.594E+29   3.511E-04      1.305E-01   0.000E+00   0.000E+00   1.581E-01   0.000E+00   0.000E+00   0.000E+00   0.000E+00      2.869E+08   0.000E+00   0.000E+00   00000   1.000E+00   0.000E+00  1s0  187.2  116.0   40.0
  258   1.255831E+04   1.599961E+00   5.652E+11   8.415E+29   3.379E-04      1.296E-01   0.000E+00   0.000E+00   1.545E-01   0.000E+00   0.000E+00   0.000E+00   0.000E+00      2.628E+08   0.000E+00   0.000E+00   00000   1.000E+00   0.000E+00  1s0  183.8  116.0   40.0
  259   1.255974E+04   1.599961E+00   5.439E+11   8.236E+29   3.252E-04      1.287E-01   0.000E+00   0.000E+00   1.509E-01   0.000E+00   0.000E+00   0.000E+00   0.000E+00      2.395E+08   0.000E+00   0.000E+00   00000   1.000E+00   0.000E+00  1s0  180.5  116.0   40.0
  260   1.256117E+04   1.599962E+00   5.234E+11   8.056E+29   3.130E-04      1.287E-01   0.000E+00   0.000E+00   1.457E-01   0.000E+00   0.000E+00   0.000E+00   0.000E+00      2.064E+08   0.000E+00   0.000E+00   00000   1.000E+00   0.000E+00  1s0  174.1  116.0   40.0
  261   1.256260E+04   1.599963E+00   5.037E+11   7.877E+29   3.012E-04      1.287E-01   0.000E+00   0.000E+00   1.399E-01   0.000E+00   0.000E+00   0.000E+00   0.000E+00      1.719E+08   0.000E+00   0.000E+00   00000   1.000E+00   0.000E+00  1s0  167.4  116.0   40.0
  262   1.256403E+04   1.599964E+00   4.847E+11   7.698E+29   2.899E-04      1.287E-01   0.000E+00   0.000E+00   1.338E-01   0.000E+00   0.000E+00   0.000E+00   0.000E+00      1.379E+08   0.000E+00   0.000E+00   00000   1.000E+00   0.000E+00  1s0  160.9  116.0   40.0
  263   1.256546E+04   1.599965E+00   4.664E+11   7.518E+29   2.790E-04      1.288E-01   0.000E+00   0.000E+00   1.274E-01   0.000E+00   0.000E+00   0.000E+00   0.000E+00      1.046E+08   0.000E+00   0.000E+00   00000   1.000E+00   0.000E+00  1s0  154.7  116.0   40.0
  264   1.256690E+04   1.599966E+00   4.488E+11   7.339E+29   2.685E-04      1.288E-01   0.000E+00   0.000E+00   1.205E-01   0.000E+00   0.000E+00   0.000E+00   0.000E+00      7.237E+07   0.000E+00   0.000E+00   00000   1.000E+00   0.000E+00  1s0  148.8  116.0   40.0
  265   1.256833E+04   1.599966E+00   4.319E+11   7.160E+29   2.584E-04      1.289E-01   0.000E+00   0.000E+00   1.131E-01   0.000E+00   0.000E+00   0.000E+00   0.000E+00      4.172E+07   0.000E+00   0.000E+00   00000   1.000E+00   0.000E+00  1s0  143.0  116.0   40.0
  266   1.256976E+04   1.599967E+00   4.157E+11   6.980E+29   2.487E-04      1.289E-01   0.000E+00   0.000E+00   1.048E-01   0.000E+00   0.000E+00   0.000E+00   0.000E+00      1.351E+07   0.000E+00   0.000E+00   00000   1.000E+00   0.000E+00  1s0  137.5  116.0   40.0
  267   1.257119E+04   1.599968E+00   4.000E+11   6.801E+29   2.394E-04      1.290E-01   0.000E+00   0.000E+00   9.542E-02   0.000E+00   0.000E+00   0.000E+00   0.000E+00      8.963E+03   0.000E+00   0.000E+00   00000   1.000E+00   0.000E+00  1s0  132.2  116.0   40.0
  268   1.257262E+04   1.599969E+00   3.849E+11   6.621E+29   2.304E-04      1.280E-01   0.000E+00   0.000E+00   0.000E+00   0.000E+00   0.000E+00   0.000E+00   0.000E+00      0.000E+00   0.000E+00   0.000E+00   00000   0.000E+00   0.000E+00       130.0  130.0   40.0
  269   1.257405E+04   1.599970E+00   3.704E+11   6.442E+29   2.217E-04      1.264E-01   0.000E+00   0.000E+00   0.000E+00   0.000E+00   0.000E+00   0.000E+00   0.000E+00      0.000E+00   0.000E+00   0.000E+00   00000   0.000E+00   0.000E+00       130.0  130.0   40.0
  270   1.257548E+04   1.599970E+00   3.564E+11   6.263E+29   2.133E-04      1.248E-01   0.000E+00   0.000E+00   0.000E+00   0.000E+00   0.000E+00   0.000E+00   0.000E+00      0.000E+00   0.000E+00   0.000E+00   00000   0.000E+00   0.000E+00       130.0  130.0   40.0
  271   1.257704E+04   1.599971E+00   3.430E+11   6.081E+29   2.053E-04      1.232E-01   0.000E+00   0.000E+00   0.000E+00   0.000E+00   0.000E+00   0.000E+00   0.000E+00      0.000E+00   0.000E+00   0.000E+00   00000   0.000E+00   0.000E+00       130.0  130.0   40.0
  272   1.258063E+04   1.599972E+00   3.301E+11   5.865E+29   1.975E-04      1.216E-01   0.000E+00   0.000E+00   0.000E+00   0.000E+00   0.000E+00   0.000E+00   0.000E+00      0.000E+00   0.000E+00   0.000E+00   00000   0.000E+00   0.000E+00       130.0  130.0   40.0
  273   1.258421E+04   1.599973E+00   3.176E+11   5.649E+29   1.901E-04      1.214E-01   0.000E+00   0.000E+00   0.000E+00   0.000E+00   0.000E+00   0.000E+00   0.000E+00      0.000E+00   0.000E+00   0.000E+00   00000   0.000E+00   0.000E+00        88.0   88.0   28.0
  274   1.258780E+04   1.599974E+00   3.057E+11   5.433E+29   1.830E-04      1.199E-01   0.000E+00   0.000E+00   0.000E+00   0.000E+00   0.000E+00   0.000E+00   0.000E+00      0.000E+00   0.000E+00   0.000E+00   00000   0.000E+00   0.000E+00        88.0   88.0   28.0
  275   1.259138E+04   1.599975E+00   2.941E+11   5.217E+29   1.761E-04      1.184E-01   0.000E+00   0.000E+00   0.000E+00   0.000E+00   0.000E+00   0.000E+00   0.000E+00      0.000E+00   0.000E+00   0.000E+00   00000   0.000E+00   0.000E+00        88.0   88.0   28.0
  276   1.259496E+04   1.599976E+00   2.831E+11   5.001E+29   1.695E-04      1.169E-01   0.000E+00   0.000E+00   0.000E+00   0.000E+00   0.000E+00   0.000E+00   0.000E+00      0.000E+00   0.000E+00   0.000E+00   00000   0.000E+00   0.000E+00        88.0   88.0   28.0
  277   1.259855E+04   1.599977E+00   2.724E+11   4.785E+29   1.631E-04      1.154E-01   0.000E+00   0.000E+00   0.000E+00   0.000E+00   0.000E+00   0.000E+00   0.000E+00      0.000E+00   0.000E+00   0.000E+00   00000   0.000E+00   0.000E+00        88.0   88.0   28.0
  278   1.260213E+04   1.599978E+00   2.621E+11   4.569E+29   1.570E-04      1.148E-01   0.000E+00   0.000E+00   0.000E+00   0.000E+00   0.000E+00   0.000E+00   0.000E+00      0.000E+00   0.000E+00   0.000E+00   00000   0.000E+00   0.000E+00        86.0   86.0   28.0
  279   1.260572E+04   1.599979E+00   2.522E+11   4.353E+29   1.511E-04      1.133E-01   0.000E+00   0.000E+00   0.000E+00   0.000E+00   0.000E+00   0.000E+00   0.000E+00      0.000E+00   0.000E+00   0.000E+00   00000   0.000E+00   0.000E+00        86.0   86.0   28.0
  280   1.260930E+04   1.599980E+00   2.427E+11   4.137E+29   1.454E-04      1.119E-01   0.000E+00   0.000E+00   0.000E+00   0.000E+00   0.000E+00   0.000E+00   0.000E+00      0.000E+00   0.000E+00   0.000E+00   00000   0.000E+00   0.000E+00        86.0   86.0   28.0
  281   1.261288E+04   1.599981E+00   2.336E+11   3.921E+29   1.399E-04      1.105E-01   0.000E+00   0.000E+00   0.000E+00   0.000E+00   0.000E+00   0.000E+00   0.000E+00      0.000E+00   0.000E+00   0.000E+00   00000   0.000E+00   0.000E+00        86.0   86.0   28.0
  282   1.261647E+04   1.599982E+00   2.248E+11   3.705E+29   1.346E-04      1.091E-01   0.000E+00   0.000E+00   0.000E+00   0.000E+00   0.000E+00   0.000E+00   0.000E+00      0.000E+00   0.000E+00   0.000E+00   00000   0.000E+00   0.000E+00        86.0   86.0   28.0
  283   1.261997E+04   1.599983E+00   2.163E+11   3.544E+29   1.295E-04      1.077E-01   0.000E+00   0.000E+00   0.000E+00   0.000E+00   0.000E+00   0.000E+00   0.000E+00      0.000E+00   0.000E+00   0.000E+00   00000   0.000E+00   0.000E+00        86.0   86.0   28.0
  284   1.262343E+04   1.599984E+00   2.081E+11   3.408E+29   1.246E-04      1.063E-01   0.000E+00   0.000E+00   0.000E+00   0.000E+00   0.000E+00   0.000E+00   0.000E+00      0.000E+00   0.000E+00   0.000E+00   00000   0.000E+00   0.000E+00        86.0   86.0   28.0
  285   1.262690E+04   1.599984E+00   2.003E+11   3.273E+29   1.200E-04      1.058E-01   0.000E+00   0.000E+00   0.000E+00   0.000E+00   0.000E+00   0.000E+00   0.000E+00      0.000E+00   0.000E+00   0.000E+00   00000   0.000E+00   0.000E+00        84.0   84.0   28.0
  286   1.263036E+04   1.599985E+00   1.927E+11   3.137E+29   1.155E-04      1.045E-01   0.000E+00   0.000E+00   0.000E+00   0.000E+00   0.000E+00   0.000E+00   0.000E+00      0.000E+00   0.000E+00   0.000E+00   00000   0.000E+00   0.000E+00        84.0   84.0   28.0
  287   1.263383E+04   1.599986E+00   1.855E+11   3.001E+29   1.111E-04      1.031E-01   0.000E+00   0.000E+00   0.000E+00   0.000E+00   0.000E+00   0.000E+00   0.000E+00      0.000E+00   0.000E+00   0.000E+00   00000   0.000E+00   0.000E+00        84.0   84.0   28.0
  288   1.263729E+04   1.599986E+00   1.785E+11   2.866E+29   1.069E-04      1.018E-01   0.000E+00   0.000E+00   0.000E+00   0.000E+00   0.000E+00   0.000E+00   0.000E+00      0.000E+00   0.000E+00   0.000E+00   00000   0.000E+00   0.000E+00        84.0   84.0   28.0
  289   1.264076E+04   1.599987E+00   1.718E+11   2.730E+29   1.029E-04      1.005E-01   0.000E+00   0.000E+00   0.000E+00   0.000E+00   0.000E+00   0.000E+00   0.000E+00      0.000E+00   0.000E+00   0.000E+00   00000   0.000E+00   0.000E+00        84.0   84.0   28.0
  290   1.264422E+04   1.599988E+00   1.653E+11   2.594E+29   9.902E-05      9.924E-02   0.000E+00   0.000E+00   0.000E+00   0.000E+00   0.000E+00   0.000E+00   0.000E+00      0.000E+00   0.000E+00   0.000E+00   00000   0.000E+00   0.000E+00        84.0   84.0   28.0
  291   1.264769E+04   1.599988E+00   1.591E+11   2.458E+29   9.530E-05      9.798E-02   0.000E+00   0.000E+00   0.000E+00   0.000E+00   0.000E+00   0.000E+00   0.000E+00      0.000E+00   0.000E+00   0.000E+00   00000   0.000E+00   0.000E+00        84.0   84.0   28.0
  292   1.265115E+04   1.599989E+00   1.531E+11   2.323E+29   9.171E-05      9.673E-02   0.000E+00   0.000E+00   0.000E+00   0.000E+00   0.000E+00   0.000E+00   0.000E+00      0.000E+00   0.000E+00   0.000E+00   00000   0.000E+00   0.000E+00        84.0   84.0   28.0
  293   1.265462E+04   1.599989E+00   1.473E+11   2.187E+29   8.827E-05      9.551E-02   0.000E+00   0.000E+00   0.000E+00   0.000E+00   0.000E+00   0.000E+00   0.000E+00      0.000E+00   0.000E+00   0.000E+00   00000   0.000E+00   0.000E+00        84.0   84.0   28.0
  294   1.265778E+04   1.599990E+00   1.417E+11   2.094E+29   8.495E-05      9.429E-02   0.000E+00   0.000E+00   0.000E+00   0.000E+00   0.000E+00   0.000E+00   0.000E+00      0.000E+00   0.000E+00   0.000E+00   00000   0.000E+00   0.000E+00        84.0   84.0   28.0
  295   1.266084E+04   1.599990E+00   1.364E+11   2.017E+29   8.175E-05      9.385E-02   0.000E+00   0.000E+00   0.000E+00   0.000E+00   0.000E+00   0.000E+00   0.000E+00      0.000E+00   0.000E+00   0.000E+00   00000   0.000E+00   0.000E+00        82.0   82.0   28.0
  296   1.266390E+04   1.599991E+00   1.313E+11   1.939E+29   7.868E-05      9.266E-02   0.000E+00   0.000E+00   0.000E+00   0.000E+00   0.000E+00   0.000E+00   0.000E+00      0.000E+00   0.000E+00   0.000E+00   00000   0.000E+00   0.000E+00        82.0   82.0   28.0
  297   1.266695E+04   1.599991E+00   1.263E+11   1.862E+29   7.572E-05      9.148E-02   0.000E+00   0.000E+00   0.000E+00   0.000E+00   0.000E+00   0.000E+00   0.000E+00      0.000E+00   0.000E+00   0.000E+00   00000   0.000E+00   0.000E+00        82.0   82.0   28.0
  298   1.267001E+04   1.599991E+00   1.215E+11   1.785E+29   7.288E-05      9.032E-02   0.000E+00   0.000E+00   0.000E+00   0.000E+00   0.000E+00   0.000E+00   0.000E+00      0.000E+00   0.000E+00   0.000E+00   00000   0.000E+00   0.000E+00        82.0   82.0   28.0
  299   1.267307E+04   1.599992E+00   1.170E+11   1.708E+29   7.014E-05      8.918E-02   0.000E+00   0.000E+00   0.000E+00   0.000E+00   0.000E+00   0.000E+00   0.000E+00      0.000E+00   0.000E+00   0.000E+00   00000   0.000E+00   0.000E+00        82.0   82.0   28.0
  300   1.267612E+04   1.599992E+00   1.126E+11   1.630E+29   6.751E-05      8.805E-02   0.000E+00   0.000E+00   0.000E+00   0.000E+00   0.000E+00   0.000E+00   0.000E+00      0.000E+00   0.000E+00   0.000E+00   00000   0.000E+00   0.000E+00        82.0   82.0   28.0
  301   1.267918E+04   1.599992E+00   1.083E+11   1.553E+29   6.497E-05      8.693E-02   0.000E+00   0.000E+00   0.000E+00   0.000E+00   0.000E+00   0.000E+00   0.000E+00      0.000E+00   0.000E+00   0.000E+00   00000   0.000E+00   0.000E+00        82.0   82.0   28.0
  302   1.268224E+04   1.599993E+00   1.042E+11   1.476E+29   6.253E-05      8.653E-02   0.000E+00   0.000E+00   0.000E+00   0.000E+00   0.000E+00   0.000E+00   0.000E+00      0.000E+00   0.000E+00   0.000E+00   00000   0.000E+00   0.000E+00        80.0   80.0   28.0
  303   1.268529E+04   1.599993E+00   1.003E+11   1.399E+29   6.017E-05      8.543E-02   0.000E+00   0.000E+00   0.000E+00   0.000E+00   0.000E+00   0.000E+00   0.000E+00      0.000E+00   0.000E+00   0.000E+00   00000   0.000E+00   0.000E+00        80.0   80.0   28.0
  304   1.268835E+04   1.599994E+00   9.652E+10   1.322E+29   5.791E-05      8.435E-02   0.000E+00   0.000E+00   0.000E+00   0.000E+00   0.000E+00   0.000E+00   0.000E+00      0.000E+00   0.000E+00   0.000E+00   00000   0.000E+00   0.000E+00        80.0   80.0   28.0
  305   1.269138E+04   1.599994E+00   9.288E+10   1.257E+29   5.573E-05      8.327E-02   0.000E+00   0.000E+00   0.000E+00   0.000E+00   0.000E+00   0.000E+00   0.000E+00      0.000E+00   0.000E+00   0.000E+00   00000   0.000E+00   0.000E+00        80.0   80.0   28.0
  306   1.269439E+04   1.599994E+00   8.938E+10   1.207E+29   5.363E-05      8.222E-02   0.000E+00   0.000E+00   0.000E+00   0.000E+00   0.000E+00   0.000E+00   0.000E+00      0.000E+00   0.000E+00   0.000E+00   00000   0.000E+00   0.000E+00        80.0   80.0   28.0
  307   1.269740E+04   1.599994E+00   8.601E+10   1.158E+29   5.161E-05      8.117E-02   0.000E+00   0.000E+00   0.000E+00   0.000E+00   0.000E+00   0.000E+00   0.000E+00      0.000E+00   0.000E+00   0.000E+00   00000   0.000E+00   0.000E+00        80.0   80.0   28.0
  308   1.270040E+04   1.599995E+00   8.277E+10   1.109E+29   4.966E-05      8.082E-02   0.000E+00   0.000E+00   0.000E+00   0.000E+00   0.000E+00   0.000E+00   0.000E+00      0.000E+00   0.000E+00   0.000E+00   00000   0.000E+00   0.000E+00        78.0   78.0   28.0
  309   1.270341E+04   1.599995E+00   7.965E+10   1.059E+29   4.779E-05      7.979E-02   0.000E+00   0.000E+00   0.000E+00   0.000E+00   0.000E+00   0.000E+00   0.000E+00      0.000E+00   0.000E+00   0.000E+00   00000   0.000E+00   0.000E+00        78.0   78.0   28.0
  310   1.270642E+04   1.599995E+00   7.664E+10   1.010E+29   4.599E-05      7.877E-02   0.000E+00   0.000E+00   0.000E+00   0.000E+00   0.000E+00   0.000E+00   0.000E+00      0.000E+00   0.000E+00   0.000E+00   00000   0.000E+00   0.000E+00        78.0   78.0   28.0
  311   1.270942E+04   1.599995E+00   7.375E+10   9.606E+28   4.426E-05      7.777E-02   0.000E+00   0.000E+00   0.000E+00   0.000E+00   0.000E+00   0.000E+00   0.000E+00      0.000E+00   0.000E+00   0.000E+00   00000   0.000E+00   0.000E+00        78.0   78.0   28.0
  312   1.271243E+04   1.599996E+00   7.097E+10   9.113E+28   4.259E-05      7.678E-02   0.000E+00   0.000E+00   0.000E+00   0.000E+00   0.000E+00   0.000E+00   0.000E+00      0.000E+00   0.000E+00   0.000E+00   00000   0.000E+00   0.000E+00        78.0   78.0   28.0
  313   1.271544E+04   1.599996E+00   6.830E+10   8.619E+28   4.099E-05      7.581E-02   0.000E+00   0.000E+00   0.000E+00   0.000E+00   0.000E+00   0.000E+00   0.000E+00      0.000E+00   0.000E+00   0.000E+00   00000   0.000E+00   0.000E+00        78.0   78.0   28.0
  314   1.271844E+04   1.599996E+00   6.572E+10   8.125E+28   3.944E-05      7.484E-02   0.000E+00   0.000E+00   0.000E+00   0.000E+00   0.000E+00   0.000E+00   0.000E+00      0.000E+00   0.000E+00   0.000E+00   00000   0.000E+00   0.000E+00        78.0   78.0   28.0
  315   1.272145E+04   1.599996E+00   6.325E+10   7.632E+28   3.796E-05      7.389E-02   0.000E+00   0.000E+00   0.000E+00   0.000E+00   0.000E+00   0.000E+00   0.000E+00      0.000E+00   0.000E+00   0.000E+00   00000   0.000E+00   0.000E+00        78.0   78.0   28.0
  316   1.272403E+04   1.599996E+00   6.086E+10   7.326E+28   3.653E-05      7.295E-02   0.000E+00   0.000E+00   0.000E+00   0.000E+00   0.000E+00   0.000E+00   0.000E+00      0.000E+00   0.000E+00   0.000E+00   00000   0.000E+00   0.000E+00        78.0   78.0   28.0
  317   1.272653E+04   1.599997E+00   5.857E+10   7.055E+28   3.515E-05      7.202E-02   0.000E+00   0.000E+00   0.000E+00   0.000E+00   0.000E+00   0.000E+00   0.000E+00      0.000E+00   0.000E+00   0.000E+00   00000   0.000E+00   0.000E+00        78.0   78.0   28.0
  318   1.272903E+04   1.599997E+00   5.636E+10   6.783E+28   3.383E-05      7.111E-02   0.000E+00   0.000E+00   0.000E+00   0.000E+00   0.000E+00   0.000E+00   0.000E+00      0.000E+00   0.000E+00   0.000E+00   00000   0.000E+00   0.000E+00        78.0   78.0   28.0
  319   1.273153E+04   1.599997E+00   5.423E+10   6.511E+28   3.255E-05      7.020E-02   0.000E+00   0.000E+00   0.000E+00   0.000E+00   0.000E+00   0.000E+00   0.000E+00      0.000E+00   0.000E+00   0.000E+00   00000   0.000E+00   0.000E+00        78.0   78.0   28.0
  320   1.273403E+04   1.599997E+00   5.219E+10   6.239E+28   3.133E-05      6.931E-02   0.000E+00   0.000E+00   0.000E+00   0.000E+00   0.000E+00   0.000E+00   0.000E+00      0.000E+00   0.000E+00   0.000E+00   00000   0.000E+00   0.000E+00        78.0   78.0   28.0
  321   1.273653E+04   1.599997E+00   5.022E+10   5.968E+28   3.015E-05      6.843E-02   0.000E+00   0.000E+00   0.000E+00   0.000E+00   0.000E+00   0.000E+00   0.000E+00      0.000E+00   0.000E+00   0.000E+00   00000   0.000E+00   0.000E+00        78.0   78.0   28.0
  322   1.273903E+04   1.599997E+00   4.833E+10   5.696E+28   2.902E-05      6.756E-02   0.000E+00   0.000E+00   0.000E+00   0.000E+00   0.000E+00   0.000E+00   0.000E+00      0.000E+00   0.000E+00   0.000E+00   00000   0.000E+00   0.000E+00        78.0   78.0   28.0
  323   1.274153E+04   1.599997E+00   4.651E+10   5.424E+28   2.793E-05      6.671E-02   0.000E+00   0.000E+00   0.000E+00   0.000E+00   0.000E+00   0.000E+00   0.000E+00      0.000E+00   0.000E+00   0.000E+00   00000   0.000E+00   0.000E+00        78.0   78.0   28.0
  324   1.274402E+04   1.599997E+00   4.475E+10   5.152E+28   2.688E-05      6.586E-02   0.000E+00   0.000E+00   0.000E+00   0.000E+00   0.000E+00   0.000E+00   0.000E+00      0.000E+00   0.000E+00   0.000E+00   00000   0.000E+00   0.000E+00        78.0   78.0   28.0
  325   1.274652E+04   1.599998E+00   4.307E+10   4.881E+28   2.587E-05      6.502E-02   0.000E+00   0.000E+00   0.000E+00   0.000E+00   0.000E+00   0.000E+00   0.000E+00      0.000E+00   0.000E+00   0.000E+00   00000   0.000E+00   0.000E+00        78.0   78.0   28.0
  326   1.274902E+04   1.599998E+00   4.144E+10   4.609E+28   2.489E-05      6.514E-02   0.000E+00   0.000E+00   0.000E+00   0.000E+00   0.000E+00   0.000E+00   0.000E+00      0.000E+00   0.000E+00   0.000E+00   00000   0.000E+00   0.000E+00        80.0   80.0   30.0
  327   1.275153E+04   1.599998E+00   3.988E+10   4.380E+28   2.395E-05      6.431E-02   0.000E+00   0.000E+00   0.000E+00   0.000E+00   0.000E+00   0.000E+00   0.000E+00      0.000E+00   0.000E+00   0.000E+00   00000   0.000E+00   0.000E+00        80.0   80.0   30.0
  328   1.275406E+04   1.599998E+00   3.838E+10   4.203E+28   2.305E-05      6.349E-02   0.000E+00   0.000E+00   0.000E+00   0.000E+00   0.000E+00   0.000E+00   0.000E+00      0.000E+00   0.000E+00   0.000E+00   00000   0.000E+00   0.000E+00        80.0   80.0   30.0
  329   1.275658E+04   1.599998E+00   3.693E+10   4.026E+28   2.218E-05      6.268E-02   0.000E+00   0.000E+00   0.000E+00   0.000E+00   0.000E+00   0.000E+00   0.000E+00      0.000E+00   0.000E+00   0.000E+00   00000   0.000E+00   0.000E+00        80.0   80.0   30.0
  330   1.275910E+04   1.599998E+00   3.554E+10   3.849E+28   2.134E-05      6.188E-02   0.000E+00   0.000E+00   0.000E+00   0.000E+00   0.000E+00   0.000E+00   0.000E+00      0.000E+00   0.000E+00   0.000E+00   00000   0.000E+00   0.000E+00        80.0   80.0   30.0
  331   1.276162E+04   1.599998E+00   3.420E+10   3.671E+28   2.054E-05      6.109E-02   0.000E+00   0.000E+00   0.000E+00   0.000E+00   0.000E+00   0.000E+00   0.000E+00      0.000E+00   0.000E+00   0.000E+00   00000   0.000E+00   0.000E+00        80.0   80.0   30.0
  332   1.276414E+04   1.599998E+00   3.291E+10   3.494E+28   1.976E-05      6.032E-02   0.000E+00   0.000E+00   0.000E+00   0.000E+00   0.000E+00   0.000E+00   0.000E+00      0.000E+00   0.000E+00   0.000E+00   00000   0.000E+00   0.000E+00        80.0   80.0   30.0
  333   1.276666E+04   1.599998E+00   3.167E+10   3.317E+28   1.902E-05      5.955E-02   0.000E+00   0.000E+00   0.000E+00   0.000E+00   0.000E+00   0.000E+00   0.000E+00      0.000E+00   0.000E+00   0.000E+00   00000   0.000E+00   0.000E+00        80.0   80.0   30.0
  334   1.276919E+04   1.599998E+00   3.048E+10   3.140E+28   1.830E-05      5.879E-02   0.000E+00   0.000E+00   0.000E+00   0.000E+00   0.000E+00   0.000E+00   0.000E+00      0.000E+00   0.000E+00   0.000E+00   00000   0.000E+00   0.000E+00        80.0   80.0   30.0
  335   1.277171E+04   1.599999E+00   2.933E+10   2.963E+28   1.762E-05      5.805E-02   0.000E+00   0.000E+00   0.000E+00   0.000E+00   0.000E+00   0.000E+00   0.000E+00      0.000E+00   0.000E+00   0.000E+00   00000   0.000E+00   0.000E+00        80.0   80.0   30.0
  336   1.277423E+04   1.599999E+00   2.822E+10   2.785E+28   1.695E-05      5.731E-02   0.000E+00   0.000E+00   0.000E+00   0.000E+00   0.000E+00   0.000E+00   0.000E+00      0.000E+00   0.000E+00   0.000E+00   00000   0.000E+00   0.000E+00        80.0   80.0   30.0
  337   1.277672E+04   1.599999E+00   2.716E+10   2.613E+28   1.632E-05      5.659E-02   0.000E+00   0.000E+00   0.000E+00   0.000E+00   0.000E+00   0.000E+00   0.000E+00      0.000E+00   0.000E+00   0.000E+00   00000   0.000E+00   0.000E+00        80.0   80.0   30.0
  338   1.277881E+04   1.599999E+00   2.613E+10   2.517E+28   1.570E-05      5.587E-02   0.000E+00   0.000E+00   0.000E+00   0.000E+00   0.000E+00   0.000E+00   0.000E+00      0.000E+00   0.000E+00   0.000E+00   00000   0.000E+00   0.000E+00        80.0   80.0   30.0
  339   1.278089E+04   1.599999E+00   2.515E+10   2.421E+28   1.511E-05      5.516E-02   0.000E+00   0.000E+00   0.000E+00   0.000E+00   0.000E+00   0.000E+00   0.000E+00      0.000E+00   0.000E+00   0.000E+00   00000   0.000E+00   0.000E+00        80.0   80.0   30.0
  340   1.278297E+04   1.599999E+00   2.420E+10   2.325E+28   1.454E-05      5.445E-02   0.000E+00   0.000E+00   0.000E+00   0.000E+00   0.000E+00   0.000E+00   0.000E+00      0.000E+00   0.000E+00   0.000E+00   00000   0.000E+00   0.000E+00        80.0   80.0   30.0
  341   1.278505E+04   1.599999E+00   2.329E+10   2.229E+28   1.399E-05      5.376E-02   0.000E+00   0.000E+00   0.000E+00   0.000E+00   0.000E+00   0.000E+00   0.000E+00      0.000E+00   0.000E+00   0.000E+00   00000   0.000E+00   0.000E+00        80.0   80.0   30.0
  342   1.278714E+04   1.599999E+00   2.241E+10   2.133E+28   1.347E-05      5.308E-02   0.000E+00   0.000E+00   0.000E+00   0.000E+00   0.000E+00   0.000E+00   0.000E+00      0.000E+00   0.000E+00   0.000E+00   00000   0.000E+00   0.000E+00        80.0   80.0   30.0
  343   1.278922E+04   1.599999E+00   2.157E+10   2.037E+28   1.296E-05      5.240E-02   0.000E+00   0.000E+00   0.000E+00   0.000E+00   0.000E+00   0.000E+00   0.000E+00      0.000E+00   0.000E+00   0.000E+00   00000   0.000E+00   0.000E+00        80.0   80.0   30.0
  344   1.279130E+04   1.599999E+00   2.075E+10   1.941E+28   1.247E-05      5.217E-02   0.000E+00   0.000E+00   0.000E+00   0.000E+00   0.000E+00   0.000E+00   0.000E+00      0.000E+00   0.000E+00   0.000E+00   00000   0.000E+00   0.000E+00        78.0   78.0   30.0
  345   1.279339E+04   1.599999E+00   1.997E+10   1.844E+28   1.200E-05      5.151E-02   0.000E+00   0.000E+00   0.000E+00   0.000E+00   0.000E+00   0.000E+00   0.000E+00      0.000E+00   0.000E+00   0.000E+00   00000   0.000E+00   0.000E+00        78.0   78.0   30.0
  346   1.279547E+04   1.599999E+00   1.922E+10   1.748E+28   1.155E-05      5.086E-02   0.000E+00   0.000E+00   0.000E+00   0.000E+00   0.000E+00   0.000E+00   0.000E+00      0.000E+00   0.000E+00   0.000E+00   00000   0.000E+00   0.000E+00        78.0   78.0   30.0
  347   1.279755E+04   1.599999E+00   1.849E+10   1.652E+28   1.112E-05      5.021E-02   0.000E+00   0.000E+00   0.000E+00   0.000E+00   0.000E+00   0.000E+00   0.000E+00      0.000E+00   0.000E+00   0.000E+00   00000   0.000E+00   0.000E+00        78.0   78.0   30.0
  348   1.279963E+04   1.599999E+00   1.780E+10   1.556E+28   1.070E-05      4.957E-02   0.000E+00   0.000E+00   0.000E+00   0.000E+00   0.000E+00   0.000E+00   0.000E+00      0.000E+00   0.000E+00   0.000E+00   00000   0.000E+00   0.000E+00        78.0   78.0   30.0
  349   1.280152E+04   1.599999E+00   1.713E+10   1.499E+28   1.030E-05      4.894E-02   0.000E+00   0.000E+00   0.000E+00   0.000E+00   0.000E+00   0.000E+00   0.000E+00      0.000E+00   0.000E+00   0.000E+00   00000   0.000E+00   0.000E+00        78.0   78.0   30.0
  350   1.280341E+04   1.599999E+00   1.648E+10   1.443E+28   9.909E-06      4.850E-02   0.000E+00   0.000E+00   0.000E+00   0.000E+00   0.000E+00   0.000E+00   0.000E+00      0.000E+00   0.000E+00   0.000E+00   00000   0.000E+00   0.000E+00        72.0   72.0   28.0
  351   1.280530E+04   1.599999E+00   1.586E+10   1.386E+28   9.535E-06      4.788E-02   0.000E+00   0.000E+00   0.000E+00   0.000E+00   0.000E+00   0.000E+00   0.000E+00      0.000E+00   0.000E+00   0.000E+00   00000   0.000E+00   0.000E+00        72.0   72.0   28.0
  352   1.280718E+04   1.599999E+00   1.526E+10   1.329E+28   9.175E-06      4.727E-02   0.000E+00   0.000E+00   0.000E+00   0.000E+00   0.000E+00   0.000E+00   0.000E+00      0.000E+00   0.000E+00   0.000E+00   00000   0.000E+00   0.000E+00        72.0   72.0   28.0
  353   1.280907E+04   1.599999E+00   1.469E+10   1.273E+28   8.829E-06      4.667E-02   0.000E+00   0.000E+00   0.000E+00   0.000E+00   0.000E+00   0.000E+00   0.000E+00      0.000E+00   0.000E+00   0.000E+00   00000   0.000E+00   0.000E+00        72.0   72.0   28.0
  354   1.281096E+04   1.599999E+00   1.413E+10   1.216E+28   8.496E-06      4.608E-02   0.000E+00   0.000E+00   0.000E+00   0.000E+00   0.000E+00   0.000E+00   0.000E+00      0.000E+00   0.000E+00   0.000E+00   00000   0.000E+00   0.000E+00        72.0   72.0   28.0
  355   1.281284E+04   1.599999E+00   1.360E+10   1.160E+28   8.176E-06      4.549E-02   0.000E+00   0.000E+00   0.000E+00   0.000E+00   0.000E+00   0.000E+00   0.000E+00      0.000E+00   0.000E+00   0.000E+00   00000   0.000E+00   0.000E+00        72.0   72.0   28.0
  356   1.281473E+04   1.599999E+00   1.309E+10   1.103E+28   7.867E-06      4.491E-02   0.000E+00   0.000E+00   0.000E+00   0.000E+00   0.000E+00   0.000E+00   0.000E+00      0.000E+00   0.000E+00   0.000E+00   00000   0.000E+00   0.000E+00        72.0   72.0   28.0
  357   1.281662E+04   1.599999E+00   1.259E+10   1.047E+28   7.571E-06      4.493E-02   0.000E+00   0.000E+00   0.000E+00   0.000E+00   0.000E+00   0.000E+00   0.000E+00      0.000E+00   0.000E+00   0.000E+00   00000   0.000E+00   0.000E+00        84.0   84.0   34.0
  358   1.281850E+04   1.599999E+00   1.212E+10   9.902E+27   7.285E-06      4.436E-02   0.000E+00   0.000E+00   0.000E+00   0.000E+00   0.000E+00   0.000E+00   0.000E+00      0.000E+00   0.000E+00   0.000E+00   00000   0.000E+00   0.000E+00        84.0   84.0   34.0
  359   1.282039E+04   1.600000E+00   1.166E+10   9.337E+27   7.010E-06      4.380E-02   0.000E+00   0.000E+00   0.000E+00   0.000E+00   0.000E+00   0.000E+00   0.000E+00      0.000E+00   0.000E+00   0.000E+00   00000   0.000E+00   0.000E+00        84.0   84.0   34.0
  360   1.282225E+04   1.600000E+00   1.122E+10   8.935E+27   6.746E-06      4.324E-02   0.000E+00   0.000E+00   0.000E+00   0.000E+00   0.000E+00   0.000E+00   0.000E+00      0.000E+00   0.000E+00   0.000E+00   00000   0.000E+00   0.000E+00        84.0   84.0   34.0
  361   1.282411E+04   1.600000E+00   1.080E+10   8.568E+27   6.491E-06      4.269E-02   0.000E+00   0.000E+00   0.000E+00   0.000E+00   0.000E+00   0.000E+00   0.000E+00      0.000E+00   0.000E+00   0.000E+00   00000   0.000E+00   0.000E+00        84.0   84.0   34.0
  362   1.282596E+04   1.600000E+00   1.039E+10   8.201E+27   6.246E-06      4.215E-02   0.000E+00   0.000E+00   0.000E+00   0.000E+00   0.000E+00   0.000E+00   0.000E+00      0.000E+00   0.000E+00   0.000E+00   00000   0.000E+00   0.000E+00        84.0   84.0   34.0
  363   1.282782E+04   1.600000E+00   1.000E+10   7.834E+27   6.011E-06      4.161E-02   0.000E+00   0.000E+00   0.000E+00   0.000E+00   0.000E+00   0.000E+00   0.000E+00      0.000E+00   0.000E+00   0.000E+00   00000   0.000E+00   0.000E+00        84.0   84.0   34.0
