
 EOS                                                                            

              Mstar     = 2.000E+00    Rstar     = 1.369E+06
              Mdurca    = 1.174E-01    Rdurca    = 4.357E+05
              Mexo      = 0.000E+00    Rexo      = 0.000E+00
              Mcore     = 1.797E+00    Rcore     = 1.224E+06
              Mincrust  = 2.030E-01    Rincrust  = 1.234E+05
              Moutcrust = 3.968E-05    Routcrust = 2.094E+04

  icore= 111   sfn1s0= 1.                 emnco= 5.   rhoexo=   1.200E+25
  idrip= 281   sfn3p2=***  fn3p2= 1.00    emncr= 5.     cexo=   1.000E+25
   imax= 377   sfp1s0= 3.  fp1s0= 1.00      emp= 3.     pexo=   6.000E+00

      DUrca active above Rho =   6.454E+14 gm/cm^3
          e-ion bremstrahlung:  1             bubble neutrinos:  0
             plasma neutrinos:  1              neutron 1S0 pbf:  1
               pair neutrinos:  0              neutron 3P2 pbf:  1
              photo neutrinos:  0               proton 1S0 pbf:  1

        Accreted envelope from Potekhin et al. with Eta = 0.00E+00


    Step      Time            Teff       L_phot       L_nu        L_heat 
             [years]      at inf [K]    [erg/sec]   [erg/sec]   [erg/sec]

       1   1.000E-12        6.477E+06   4.150E+36   3.097E+49   0.000E+00
       2   2.500E-12        6.477E+06   4.150E+36   3.087E+49   0.000E+00
       3   4.750E-12        6.477E+06   4.150E+36   3.073E+49   0.000E+00
       4   8.125E-12        6.477E+06   4.150E+36   3.053E+49   0.000E+00
       5   1.319E-11        6.477E+06   4.150E+36   3.022E+49   0.000E+00
       6   2.078E-11        6.477E+06   4.150E+36   2.977E+49   0.000E+00
       7   3.217E-11        6.477E+06   4.150E+36   2.912E+49   0.000E+00
       8   4.926E-11        6.477E+06   4.150E+36   2.819E+49   0.000E+00
       9   7.489E-11        6.477E+06   4.150E+36   2.690E+49   0.000E+00
      10   1.133E-10        6.477E+06   4.150E+36   2.514E+49   0.000E+00
      11   1.710E-10        6.477E+06   4.150E+36   2.287E+49   0.000E+00
      12   2.575E-10        6.477E+06   4.150E+36   2.009E+49   0.000E+00
      13   3.872E-10        6.477E+06   4.150E+36   1.690E+49   0.000E+00
      14   5.819E-10        6.477E+06   4.150E+36   1.353E+49   0.000E+00
      15   8.738E-10        6.477E+06   4.150E+36   1.026E+49   0.000E+00
      16   1.312E-09        6.477E+06   4.150E+36   7.374E+48   0.000E+00
      17   1.969E-09        6.477E+06   4.150E+36   5.034E+48   0.000E+00
      18   2.954E-09        6.477E+06   4.150E+36   3.282E+48   0.000E+00
      19   4.432E-09        6.477E+06   4.150E+36   2.059E+48   0.000E+00
      20   6.649E-09        6.477E+06   4.150E+36   1.254E+48   0.000E+00
      21   9.974E-09        6.477E+06   4.150E+36   7.474E+47   0.000E+00
      22   1.496E-08        6.477E+06   4.150E+36   4.403E+47   0.000E+00
      23   2.244E-08        6.477E+06   4.150E+36   2.593E+47   0.000E+00
      24   3.367E-08        6.477E+06   4.150E+36   1.547E+47   0.000E+00
      25   5.050E-08        6.477E+06   4.150E+36   9.532E+46   0.000E+00
      26   7.575E-08        6.477E+06   4.150E+36   6.192E+46   0.000E+00
      27   1.136E-07        6.477E+06   4.150E+36   4.328E+46   0.000E+00
      28   1.704E-07        6.477E+06   4.150E+36   3.290E+46   0.000E+00
      29   2.557E-07        6.477E+06   4.150E+36   2.708E+46   0.000E+00
      30   3.835E-07        6.477E+06   4.150E+36   2.375E+46   0.000E+00
      31   5.753E-07        6.477E+06   4.150E+36   2.173E+46   0.000E+00
      32   8.629E-07        6.477E+06   4.149E+36   2.033E+46   0.000E+00
      33   1.294E-06        6.477E+06   4.149E+36   1.917E+46   0.000E+00
      34   1.941E-06        6.477E+06   4.148E+36   1.798E+46   0.000E+00
      35   2.912E-06        6.476E+06   4.148E+36   1.662E+46   0.000E+00
      36   4.368E-06        6.476E+06   4.146E+36   1.500E+46   0.000E+00
      37   6.552E-06        6.475E+06   4.144E+36   1.311E+46   0.000E+00
      38   9.829E-06        6.474E+06   4.141E+36   1.102E+46   0.000E+00
      39   1.310E-05        6.473E+06   4.139E+36   9.455E+45   0.000E+00
      40   1.802E-05        6.471E+06   4.134E+36   7.780E+45   0.000E+00
      41   2.539E-05        6.469E+06   4.128E+36   6.121E+45   0.000E+00
      42   3.645E-05        6.465E+06   4.118E+36   4.608E+45   0.000E+00
      43   5.303E-05        6.459E+06   4.104E+36   3.328E+45   0.000E+00
      44   7.791E-05        6.451E+06   4.082E+36   2.318E+45   0.000E+00
      45   1.152E-04        6.438E+06   4.051E+36   1.566E+45   0.000E+00
      46   1.712E-04        6.420E+06   4.004E+36   1.030E+45   0.000E+00
      47   2.552E-04        6.392E+06   3.937E+36   6.635E+44   0.000E+00
      48   3.811E-04        6.353E+06   3.840E+36   4.194E+44   0.000E+00
      49   5.701E-04        6.295E+06   3.703E+36   2.612E+44   0.000E+00
      50   7.590E-04        6.240E+06   3.575E+36   1.822E+44   0.000E+00
      51   7.725E-04        6.236E+06   3.565E+36   1.775E+44   0.000E+00
      52   7.815E-04        6.233E+06   3.559E+36   1.746E+44   0.000E+00
      53   7.951E-04        6.230E+06   3.550E+36   1.702E+44   0.000E+00
      54   8.154E-04        6.224E+06   3.537E+36   1.641E+44   0.000E+00
      55   8.459E-04        6.215E+06   3.517E+36   1.557E+44   0.000E+00
      56   8.708E-04        6.208E+06   3.501E+36   1.494E+44   0.000E+00
      57   9.081E-04        6.197E+06   3.477E+36   1.408E+44   0.000E+00
      58   9.640E-04        6.181E+06   3.442E+36   1.295E+44   0.000E+00
      59   1.048E-03        6.158E+06   3.390E+36   1.155E+44   0.000E+00
      60   1.094E-03        6.145E+06   3.362E+36   1.088E+44   0.000E+00
      61   1.162E-03        6.127E+06   3.322E+36   1.001E+44   0.000E+00
      62   1.246E-03        6.104E+06   3.273E+36   9.101E+43   0.000E+00
      63   1.330E-03        6.082E+06   3.226E+36   8.329E+43   0.000E+00
      64   1.456E-03        6.050E+06   3.158E+36   7.381E+43   0.000E+00
      65   1.645E-03        6.003E+06   3.061E+36   6.292E+43   0.000E+00
      66   1.928E-03        5.935E+06   2.926E+36   5.135E+43   0.000E+00
      67   2.031E-03        5.911E+06   2.879E+36   4.786E+43   0.000E+00
      68   2.157E-03        5.882E+06   2.823E+36   4.416E+43   0.000E+00
      69   2.346E-03        5.841E+06   2.743E+36   3.953E+43   0.000E+00
      70   2.630E-03        5.780E+06   2.632E+36   3.412E+43   0.000E+00
      71   2.861E-03        5.733E+06   2.547E+36   3.055E+43   0.000E+00
      72   3.208E-03        5.665E+06   2.429E+36   2.639E+43   0.000E+00
      73   3.729E-03        5.571E+06   2.271E+36   2.185E+43   0.000E+00
      74   4.353E-03        5.468E+06   2.107E+36   1.801E+43   0.000E+00
      75   4.715E-03        5.410E+06   2.020E+36   1.625E+43   0.000E+00
      76   5.149E-03        5.345E+06   1.924E+36   1.451E+43   0.000E+00
      77   5.669E-03        5.271E+06   1.820E+36   1.284E+43   0.000E+00
      78   6.294E-03        5.189E+06   1.709E+36   1.126E+43   0.000E+00
      79   6.864E-03        5.118E+06   1.617E+36   1.009E+43   0.000E+00
      80   7.549E-03        5.038E+06   1.519E+36   8.954E+42   0.000E+00
      81   8.233E-03        4.963E+06   1.431E+36   8.030E+42   0.000E+00
      82   9.054E-03        4.881E+06   1.338E+36   7.133E+42   0.000E+00
      83   1.004E-02        4.799E+06   1.250E+36   6.276E+42   0.000E+00
      84   1.122E-02        4.701E+06   1.151E+36   5.471E+42   0.000E+00
      85   1.264E-02        4.597E+06   1.052E+36   4.727E+42   0.000E+00
      86   1.372E-02        4.523E+06   9.869E+35   4.266E+42   0.000E+00
      87   1.502E-02        4.442E+06   9.178E+35   3.810E+42   0.000E+00
      88   1.577E-02        4.398E+06   8.820E+35   3.580E+42   0.000E+00
      89   1.667E-02        4.348E+06   8.429E+35   3.335E+42   0.000E+00
      90   1.775E-02        4.293E+06   8.008E+35   3.079E+42   0.000E+00
      91   1.904E-02        4.232E+06   7.562E+35   2.816E+42   0.000E+00
      92   1.973E-02        4.201E+06   7.342E+35   2.690E+42   0.000E+00
      93   2.055E-02        4.165E+06   7.098E+35   2.551E+42   0.000E+00
      94   2.153E-02        4.125E+06   6.828E+35   2.402E+42   0.000E+00
      95   2.271E-02        4.080E+06   6.534E+35   2.242E+42   0.000E+00
      96   2.413E-02        4.030E+06   6.219E+35   2.074E+42   0.000E+00
      97   2.495E-02        4.002E+06   6.049E+35   1.985E+42   0.000E+00
      98   2.594E-02        3.971E+06   5.859E+35   1.887E+42   0.000E+00
      99   2.712E-02        3.935E+06   5.650E+35   1.780E+42   0.000E+00
     100   2.854E-02        3.894E+06   5.422E+35   1.665E+42   0.000E+00
     101   3.025E-02        3.850E+06   5.177E+35   1.544E+42   0.000E+00
     102   3.211E-02        3.804E+06   4.938E+35   1.428E+42   0.000E+00
     103   3.435E-02        3.755E+06   4.686E+35   1.308E+42   0.000E+00
     104   3.704E-02        3.701E+06   4.423E+35   1.185E+42   0.000E+00
     105   4.026E-02        3.644E+06   4.155E+35   1.063E+42   0.000E+00
     106   4.295E-02        3.600E+06   3.960E+35   9.764E+41   0.000E+00
     107   4.617E-02        3.553E+06   3.756E+35   8.876E+41   0.000E+00
     108   4.787E-02        3.529E+06   3.656E+35   8.452E+41   0.000E+00
     109   4.992E-02        3.502E+06   3.547E+35   7.989E+41   0.000E+00
     110   5.237E-02        3.472E+06   3.427E+35   7.490E+41   0.000E+00
     111   5.531E-02        3.439E+06   3.299E+35   6.960E+41   0.000E+00
     112   5.825E-02        3.409E+06   3.183E+35   6.491E+41   0.000E+00
     113   6.178E-02        3.375E+06   3.059E+35   5.998E+41   0.000E+00
     114   6.602E-02        3.339E+06   2.929E+35   5.488E+41   0.000E+00
     115   7.111E-02        3.299E+06   2.794E+35   4.969E+41   0.000E+00
     116   7.721E-02        3.258E+06   2.656E+35   4.452E+41   0.000E+00
     117   8.074E-02        3.235E+06   2.583E+35   4.188E+41   0.000E+00
     118   8.498E-02        3.211E+06   2.505E+35   3.906E+41   0.000E+00
     119   9.006E-02        3.183E+06   2.421E+35   3.610E+41   0.000E+00
     120   9.616E-02        3.154E+06   2.332E+35   3.304E+41   0.000E+00
     121   1.035E-01        3.122E+06   2.241E+35   2.992E+41   0.000E+00
     122   1.123E-01        3.089E+06   2.147E+35   2.681E+41   0.000E+00
     123   1.228E-01        3.054E+06   2.052E+35   2.377E+41   0.000E+00
     124   1.355E-01        3.019E+06   1.958E+35   2.085E+41   0.000E+00
     125   1.507E-01        2.983E+06   1.865E+35   1.809E+41   0.000E+00
     126   1.689E-01        2.946E+06   1.777E+35   1.553E+41   0.000E+00
     127   1.907E-01        2.911E+06   1.693E+35   1.321E+41   0.000E+00
     128   2.170E-01        2.876E+06   1.614E+35   1.113E+41   0.000E+00
     129   2.457E-01        2.846E+06   1.547E+35   9.431E+40   0.000E+00
     130   2.802E-01        2.817E+06   1.484E+35   7.916E+40   0.000E+00
     131   3.216E-01        2.790E+06   1.428E+35   6.592E+40   0.000E+00
     132   3.713E-01        2.765E+06   1.378E+35   5.451E+40   0.000E+00
     133   4.257E-01        2.744E+06   1.337E+35   4.546E+40   0.000E+00
     134   4.909E-01        2.725E+06   1.300E+35   3.765E+40   0.000E+00
     135   5.693E-01        2.708E+06   1.269E+35   3.096E+40   0.000E+00
     136   6.633E-01        2.694E+06   1.241E+35   2.529E+40   0.000E+00
     137   7.761E-01        2.681E+06   1.217E+35   2.058E+40   0.000E+00
     138   9.115E-01        2.669E+06   1.196E+35   1.669E+40   0.000E+00
     139   1.074E+00        2.658E+06   1.177E+35   1.346E+40   0.000E+00
     140   1.269E+00        2.647E+06   1.158E+35   1.082E+40   0.000E+00
     141   1.503E+00        2.637E+06   1.140E+35   8.680E+39   0.000E+00
     142   1.784E+00        2.627E+06   1.122E+35   6.943E+39   0.000E+00
     143   2.120E+00        2.616E+06   1.104E+35   5.525E+39   0.000E+00
     144   2.354E+00        2.609E+06   1.093E+35   4.787E+39   0.000E+00
     145   2.635E+00        2.602E+06   1.081E+35   4.126E+39   0.000E+00
     146   2.972E+00        2.594E+06   1.068E+35   3.527E+39   0.000E+00
     147   3.376E+00        2.586E+06   1.055E+35   2.983E+39   0.000E+00
     148   3.861E+00        2.578E+06   1.041E+35   2.486E+39   0.000E+00
     149   4.304E+00        2.571E+06   1.030E+35   2.137E+39   0.000E+00
     150   4.835E+00        2.564E+06   1.018E+35   1.834E+39   0.000E+00
     151   5.473E+00        2.556E+06   1.006E+35   1.553E+39   0.000E+00
     152   6.172E+00        2.547E+06   9.927E+34   1.321E+39   0.000E+00
     153   6.703E+00        2.541E+06   9.830E+34   1.327E+39   0.000E+00
     154   7.234E+00        2.535E+06   9.735E+34   1.652E+39   0.000E+00
     155   7.677E+00        2.530E+06   9.657E+34   2.060E+39   0.000E+00
     156   8.162E+00        2.524E+06   9.571E+34   2.393E+39   0.000E+00
     157   8.744E+00        2.517E+06   9.469E+34   2.477E+39   0.000E+00
     158   9.443E+00        2.509E+06   9.348E+34   2.411E+39   0.000E+00
     159   1.028E+01        2.500E+06   9.204E+34   2.084E+39   0.000E+00
     160   1.129E+01        2.488E+06   9.034E+34   1.601E+39   0.000E+00
     161   1.249E+01        2.474E+06   8.836E+34   1.262E+39   0.000E+00
     162   1.394E+01        2.458E+06   8.606E+34   1.030E+39   0.000E+00
     163   1.526E+01        2.443E+06   8.403E+34   7.607E+38   0.000E+00
     164   1.685E+01        2.426E+06   8.170E+34   5.230E+38   0.000E+00
     165   1.876E+01        2.406E+06   7.902E+34   3.617E+38   0.000E+00
     166   2.104E+01        2.383E+06   7.599E+34   2.540E+38   0.000E+00
     167   2.378E+01        2.355E+06   7.249E+34   1.807E+38   0.000E+00
     168   2.679E+01        2.324E+06   6.877E+34   1.329E+38   0.000E+00
     169   3.039E+01        2.285E+06   6.425E+34   9.874E+37   0.000E+00
     170   3.471E+01        2.234E+06   5.873E+34   7.317E+37   0.000E+00
     171   3.990E+01        2.166E+06   5.193E+34   5.388E+37   0.000E+00
     172   4.613E+01        2.075E+06   4.373E+34   4.016E+37   0.000E+00
     173   5.361E+01        1.955E+06   3.446E+34   2.983E+37   0.000E+00
     174   6.257E+01        1.807E+06   2.512E+34   2.196E+37   0.000E+00
     175   7.334E+01        1.648E+06   1.738E+34   1.611E+37   0.000E+00
     176   8.625E+01        1.496E+06   1.180E+34   1.191E+37   0.000E+00
     177   1.017E+02        1.370E+06   8.296E+33   8.959E+36   0.000E+00
     178   1.203E+02        1.263E+06   5.996E+33   6.819E+36   0.000E+00
     179   1.427E+02        1.152E+06   4.149E+33   5.060E+36   0.000E+00
     180   1.694E+02        1.016E+06   2.512E+33   3.367E+36   0.000E+00
     181   1.946E+02        8.952E+05   1.514E+33   2.075E+36   0.000E+00
     182   2.180E+02        8.040E+05   9.852E+32   1.225E+36   0.000E+00
     183   2.443E+02        7.353E+05   6.891E+32   6.737E+35   0.000E+00
     184   2.760E+02        6.856E+05   5.208E+32   3.537E+35   0.000E+00
     185   3.139E+02        6.509E+05   4.233E+32   1.859E+35   0.000E+00
     186   3.595E+02        6.266E+05   3.634E+32   1.017E+35   0.000E+00
     187   4.141E+02        6.087E+05   3.236E+32   5.896E+34   0.000E+00
     188   4.797E+02        5.948E+05   2.951E+32   3.620E+34   0.000E+00
     189   5.584E+02        5.836E+05   2.735E+32   2.336E+34   0.000E+00
     190   6.528E+02        5.742E+05   2.563E+32   1.570E+34   0.000E+00
     191   7.661E+02        5.660E+05   2.420E+32   1.089E+34   0.000E+00
     192   9.021E+02        5.588E+05   2.299E+32   7.747E+33   0.000E+00
     193   1.065E+03        5.522E+05   2.193E+32   5.618E+33   0.000E+00
     194   1.261E+03        5.462E+05   2.099E+32   4.137E+33   0.000E+00
     195   1.496E+03        5.406E+05   2.014E+32   3.083E+33   0.000E+00
     196   1.778E+03        5.353E+05   1.936E+32   2.318E+33   0.000E+00
     197   2.116E+03        5.303E+05   1.865E+32   1.754E+33   0.000E+00
     198   2.523E+03        5.255E+05   1.798E+32   1.334E+33   0.000E+00
     199   3.010E+03        5.208E+05   1.735E+32   1.017E+33   0.000E+00
     200   3.595E+03        5.163E+05   1.675E+32   7.759E+32   0.000E+00
     201   4.296E+03        5.119E+05   1.619E+32   5.915E+32   0.000E+00
     202   5.138E+03        5.075E+05   1.564E+32   4.497E+32   0.000E+00
     203   6.149E+03        5.031E+05   1.511E+32   3.402E+32   0.000E+00
     204   7.361E+03        4.987E+05   1.459E+32   2.554E+32   0.000E+00
     205   8.816E+03        4.943E+05   1.408E+32   1.898E+32   0.000E+00
     206   1.056E+04        4.898E+05   1.357E+32   1.392E+32   0.000E+00
     207   1.266E+04        4.851E+05   1.306E+32   1.002E+32   0.000E+00
     208   1.517E+04        4.802E+05   1.254E+32   7.038E+31   0.000E+00
     209   1.819E+04        4.750E+05   1.200E+32   4.792E+31   0.000E+00
     210   2.181E+04        4.694E+05   1.145E+32   3.132E+31   0.000E+00
     211   2.615E+04        4.634E+05   1.087E+32   1.939E+31   0.000E+00
     212   3.137E+04        4.566E+05   1.025E+32   1.119E+31   0.000E+00
     213   3.762E+04        4.491E+05   9.587E+31   5.881E+30   0.000E+00
     214   4.513E+04        4.405E+05   8.875E+31   2.737E+30   0.000E+00
     215   5.414E+04        4.307E+05   8.111E+31   1.086E+30   0.000E+00
     216   6.495E+04        4.194E+05   7.296E+31   3.509E+29   0.000E+00
     217   7.792E+04        4.066E+05   6.441E+31   8.707E+28   0.000E+00
     218   9.349E+04        3.919E+05   5.561E+31   1.556E+28   0.000E+00
     219   1.122E+05        3.753E+05   4.679E+31   1.960E+27   0.000E+00
     220   1.346E+05        3.570E+05   3.827E+31   2.415E+26   0.000E+00
     221   1.615E+05        3.368E+05   3.034E+31   6.815E+25   0.000E+00
     222   1.938E+05        3.147E+05   2.313E+31   3.662E+25   0.000E+00
     223   2.325E+05        2.909E+05   1.688E+31   1.835E+25   0.000E+00
     224   2.790E+05        2.655E+05   1.172E+31   6.852E+24   0.000E+00
     225   3.348E+05        2.390E+05   7.688E+30   1.684E+24   0.000E+00
     226   3.947E+05        2.141E+05   4.951E+30   2.944E+23   0.000E+00
     227   4.552E+05        1.920E+05   3.204E+30   4.314E+22   0.000E+00
     228   5.157E+05        1.725E+05   2.086E+30   6.569E+21   0.000E+00
     229   5.759E+05        1.552E+05   1.367E+30   1.223E+21   0.000E+00
     230   6.352E+05        1.399E+05   9.022E+29   2.543E+20   0.000E+00
     231   6.930E+05        1.263E+05   5.996E+29   5.338E+19   0.000E+00
     232   7.489E+05        1.142E+05   4.015E+29   1.104E+19   0.000E+00
     233   8.020E+05        1.035E+05   2.709E+29   2.246E+18   0.000E+00
     234   8.521E+05        9.400E+04   1.841E+29   4.491E+17   0.000E+00
     235   8.986E+05        8.550E+04   1.260E+29   8.827E+16   0.000E+00
     236   9.414E+05        7.790E+04   8.680E+28   1.708E+16   0.000E+00
     237   9.802E+05        7.107E+04   6.014E+28   3.258E+15   0.000E+00
     238   1.015E+06        6.492E+04   4.187E+28   6.142E+14   0.000E+00
     239   1.046E+06        5.935E+04   2.925E+28   1.147E+14   0.000E+00
     240   1.074E+06        5.430E+04   2.050E+28   2.127E+13   0.000E+00
     241   1.098E+06        4.970E+04   1.438E+28   3.930E+12   0.000E+00
     242   1.119E+06        4.549E+04   1.009E+28   7.254E+11   0.000E+00
     243   1.138E+06        4.163E+04   7.081E+27   1.342E+11   0.000E+00
     244   1.155E+06        3.808E+04   4.957E+27   2.494E+10   0.000E+00
     245   1.169E+06        3.480E+04   3.459E+27   4.674E+09   0.000E+00
     246   1.182E+06        3.177E+04   2.403E+27   8.865E+08   0.000E+00
     247   1.194E+06        2.896E+04   1.659E+27   1.707E+08   0.000E+00
     248   1.205E+06        2.635E+04   1.136E+27   3.355E+07   0.000E+00
     249   1.214E+06        2.391E+04   7.705E+26   6.760E+06   0.000E+00
     250   1.223E+06        2.162E+04   5.155E+26   1.406E+06   0.000E+00
     251   1.232E+06        1.947E+04   3.390E+26   3.042E+05   0.000E+00
     252   1.240E+06        1.744E+04   2.179E+26   6.922E+04   0.000E+00
     253   1.249E+06        1.549E+04   1.359E+26   1.679E+04   0.000E+00
     254   1.258E+06        1.362E+04   8.115E+25   4.427E+03   0.000E+00
     255   1.269E+06        1.179E+04   4.556E+25   1.301E+03   0.000E+00
     256   1.281E+06        1.002E+04   2.381E+25   4.554E+02   0.000E+00
     257   1.296E+06        8.407E+03   1.178E+25   2.052E+02   0.000E+00
     258   1.315E+06        6.982E+03   5.602E+24   1.194E+02   0.000E+00
     259   1.336E+06        5.759E+03   2.594E+24   8.537E+01   0.000E+00
     260   1.363E+06        4.727E+03   1.177E+24   7.022E+01   0.000E+00
     261   1.394E+06        3.865E+03   5.260E+23   6.298E+01   0.000E+00
     262   1.432E+06        3.150E+03   2.321E+23   5.939E+01   0.000E+00
     263   1.477E+06        2.560E+03   1.013E+23   5.757E+01   0.000E+00
     264   1.531E+06        2.076E+03   4.382E+22   5.664E+01   0.000E+00
     265   1.596E+06        1.680E+03   1.880E+22   5.617E+01   0.000E+00
     266   1.675E+06        1.357E+03   8.005E+21   5.593E+01   0.000E+00
     267   1.768E+06        1.095E+03   3.387E+21   5.581E+01   0.000E+00
     268   1.881E+06        8.818E+02   1.425E+21   5.574E+01   0.000E+00
