       6     141      39      56

     EOS file :  Prof_B31_1.7.dat                                            

  step        radius       baryon#       density        pressure       encl. mass            phi     encl. bar. mass 
                (m)        (#/fm3)       (g/cm3)        (dyn/cm2)      (sol. mass)                     (sol. mass)   

     0       0.000000   2.534068E+01   8.043173E+16    1.05631E+38   0.000000000E+00  -3.375574E+00   0.000000000E+00
     1     100.000001   2.512921E+01   7.969122E+16    1.04383E+38   1.682062518E-04  -3.368520E+00   8.893599873E-05
     2     116.578671   2.505726E+01   7.943941E+16    1.03959E+38   2.661212516E-04  -3.366110E+00   1.408061098E-04
     3     135.887296   2.496007E+01   7.909940E+16    1.03388E+38   4.205040118E-04  -3.362844E+00   2.227052951E-04
     4     158.357155   2.482916E+01   7.864163E+16    1.02620E+38   6.633081030E-04  -3.358428E+00   3.517576624E-04
     5     184.479368   2.465350E+01   7.802777E+16    1.01591E+38   1.043888376E-03  -3.352471E+00   5.545613484E-04
     6     214.808154   2.441895E+01   7.720885E+16    1.00223E+38   1.637737153E-03  -3.344459E+00   8.721119199E-04
     7     249.961513   2.410786E+01   7.612392E+16    9.84169E+37   2.558825228E-03  -3.333727E+00   1.366946818E-03
     8     290.617761   2.369882E+01   7.469961E+16    9.60568E+37   3.976236065E-03  -3.319432E+00   2.133167822E-03
     9     337.506088   2.316705E+01   7.285176E+16    9.30139E+37   6.135072266E-03  -3.300524E+00   3.309845706E-03
    10     391.389339   2.248575E+01   7.049071E+16    8.91580E+37   9.379954268E-03  -3.275738E+00   5.097750902E-03
    11     453.038110   2.162876E+01   6.753142E+16    8.43768E+37   1.417648028E-02  -3.243617E+00   7.778140809E-03
    12     523.197197   2.057505E+01   6.390947E+16    7.86061E+37   2.112197678E-02  -3.202572E+00   1.173034549E-02
    13     602.548881   1.931442E+01   5.960158E+16    7.18633E+37   3.093325234E-02  -3.151001E+00   1.744245395E-02
    14     691.681505   1.785363E+01   5.464617E+16    6.42777E+37   4.439915833E-02  -3.087464E+00   2.550763914E-02
    15     791.074775   1.622067E+01   4.915650E+16    5.61011E+37   6.229345251E-02  -3.010888E+00   3.659941336E-02
    16     901.112609   1.446504E+01   4.331832E+16    4.76876E+37   8.525958987E-02  -2.920766E+00   5.142386194E-02
    17    1022.129209   1.265270E+01   3.736846E+16    3.94406E+37   1.136974078E-01  -2.817286E+00   7.065500574E-02
    18    1154.486102   1.085653E+01   3.155846E+16    3.17415E+37   1.476902213E-01  -2.701369E+00   9.486734983E-02
    19    1298.671360   9.145074E+00   2.611464E+16    2.48857E+37   1.870007821E-01  -2.574583E+00   1.244829039E-01
    20    1455.410306   7.573188E+00   2.120702E+16    1.90444E+37   2.311394049E-01  -2.438982E+00   1.597465246E-01
    21    1625.779425   6.176714E+00   1.693466E+16    1.42628E+37   2.794816449E-01  -2.296895E+00   2.007352809E-01
    22    1811.319105   4.971861E+00   1.332794E+16    1.04842E+37   3.313999039E-01  -2.150719E+00   2.473986715E-01
    23    2014.143789   3.958094E+00   1.036234E+16    7.58688E+36   3.863768880E-01  -2.002741E+00   2.996201748E-01
    24    2237.049455   3.122833E+00   7.977066E+15    5.42067E+36   4.440829439E-01  -1.855013E+00   3.572881062E-01
    25    2483.618846   2.446361E+00   6.092804E+15    3.83406E+36   5.044149079E-01  -1.709273E+00   4.203648509E-01
    26    2758.325118   1.905966E+00   4.625592E+15    2.69087E+36   5.675048535E-01  -1.566925E+00   4.889470566E-01
    27    3066.634481   1.478895E+00   3.495919E+15    1.87764E+36   6.337111768E-01  -1.429043E+00   5.633137315E-01
    28    3415.107574   1.144160E+00   2.633604E+15    1.30475E+36   7.036032729E-01  -1.296407E+00   6.439628761E-01
    29    3811.497492   8.880267E-01   1.991827E+15    9.03787E+35   7.780469511E-01  -1.169544E+00   7.317405882E-01
    30    4262.664045   7.045995E-01   1.545447E+15    6.22230E+35   8.591135482E-01  -1.049170E+00   8.288119059E-01
    31    4765.709886   5.706391E-01   1.227734E+15    4.25546E+35   9.478541188E-01  -9.374933E-01   9.362459057E-01
    32    5312.145990   4.719841E-01   9.987332E+14    2.88357E+35   1.044507049E+00  -8.360450E-01   1.054297671E+00
    33    5885.969494   3.977405E-01   8.292045E+14    1.92981E+35   1.147620394E+00  -7.460141E-01   1.181333879E+00
    34    6465.515781   3.400060E-01   6.990848E+14    1.27067E+35   1.253762787E+00  -6.680734E-01   1.313354847E+00
    35    7026.467545   2.929236E-01   5.942170E+14    8.20111E+34   1.357687264E+00  -6.023676E-01   1.443992217E+00
    36    7546.215543   2.530823E-01   5.065290E+14    5.17422E+34   1.453345716E+00  -5.484803E-01   1.565596042E+00
    37    8006.658307   2.176569E-01   4.295719E+14    3.17961E+34   1.535845291E+00  -5.055537E-01   1.671625532E+00
    38    8397.088758   1.819909E-01   3.533134E+14    1.92139E+34   1.600857933E+00  -4.723428E-01   1.756183809E+00
    39    8724.283577   1.484078E-01   2.822576E+14    1.14989E+34   1.648717067E+00  -4.466517E-01   1.819271979E+00
    40    8997.842953   1.313141E-01   2.441185E+14    6.56147E+33   1.684489269E+00  -4.266254E-01   1.867177271E+00
    41    9196.413154   1.157057E-01   2.100907E+14    3.67316E+33   1.708119732E+00  -4.128811E-01   1.899385284E+00
    42    9334.843551   1.016275E-01   1.801225E+14    2.02638E+33   1.722808927E+00  -4.036832E-01   1.919797648E+00
    43    9428.338242   8.905914E-02   1.540124E+14    1.10629E+33   1.731521501E+00  -3.976484E-01   1.932159867E+00
    44    9490.029092   7.634896E-02   1.290659E+14    6.01339E+32   1.736499569E+00  -3.937452E-01   1.939378128E+00
    45    9530.921668   5.472008E-02   9.235120E+13    3.46807E+32   1.739075805E+00  -3.911934E-01   1.943153853E+00
    46    9564.337455   3.871805E-02   6.525989E+13    2.00085E+32   1.740589821E+00  -3.891300E-01   1.945372685E+00
    47    9591.930403   2.719823E-02   4.579562E+13    1.15870E+32   1.741472986E+00  -3.874415E-01   1.946666484E+00
    48    9614.916593   1.908221E-02   3.209788E+13    6.70607E+31   1.741991867E+00  -3.860457E-01   1.947426407E+00
    49    9634.047501   1.334408E-02   2.242660E+13    3.88378E+31   1.742295351E+00  -3.848917E-01   1.947870775E+00
    50    9650.009593   9.328969E-03   1.566518E+13    2.24836E+31   1.742472904E+00  -3.839341E-01   1.948130721E+00
    51    9663.311523   6.454325E-03   1.083448E+13    1.30515E+31   1.742576130E+00  -3.831398E-01   1.948281820E+00
    52    9674.527073   4.359095E-03   7.313897E+12    7.62108E+30   1.742635963E+00  -3.824727E-01   1.948369368E+00
    53    9684.265558   2.728034E-03   4.574842E+12    4.52758E+30   1.742670240E+00  -3.818954E-01   1.948419520E+00
    54    9693.544731   1.657549E-03   2.778330E+12    2.74918E+30   1.742690045E+00  -3.813470E-01   1.948448496E+00
    55    9702.850309   8.997628E-04   1.506841E+12    1.72593E+30   1.742701495E+00  -3.807987E-01   1.948465250E+00
    56    9713.652530   5.060886E-04   8.467840E+11    1.08114E+30   1.742708747E+00  -3.801643E-01   1.948475866E+00
    57    9725.733942   2.277944E-04   3.806244E+11    6.76424E+29   1.742713325E+00  -3.794574E-01   1.948482567E+00
    58    9742.606647   1.456640E-04   2.432395E+11    4.06045E+29   1.742716406E+00  -3.784747E-01   1.948487079E+00
    59    9758.543894   9.603865E-05   1.602901E+11    2.40476E+29   1.742718310E+00  -3.775514E-01   1.948489866E+00
    60    9772.943177   6.223073E-05   1.037305E+11    1.43064E+29   1.742719439E+00  -3.767212E-01   1.948491519E+00
    61    9786.243448   4.115941E-05   6.858650E+10    8.48476E+28   1.742720119E+00  -3.759578E-01   1.948492514E+00
    62    9798.226009   2.687892E-05   4.475691E+10    4.99569E+28   1.742720529E+00  -3.752728E-01   1.948493114E+00
    63    9809.080256   1.787854E-05   2.976371E+10    2.95000E+28   1.742720771E+00  -3.746545E-01   1.948493469E+00
    64    9818.753191   1.169787E-05   1.946221E+10    1.74213E+28   1.742720915E+00  -3.741053E-01   1.948493679E+00
    65    9827.516986   7.565344E-06   1.258429E+10    1.03200E+28   1.742720999E+00  -3.736092E-01   1.948493803E+00
    66    9835.568826   5.075216E-06   8.438910E+09    6.05436E+27   1.742721051E+00  -3.731546E-01   1.948493878E+00
    67    9842.631716   3.382889E-06   5.623050E+09    3.55424E+27   1.742721081E+00  -3.727568E-01   1.948493922E+00
    68    9848.868859   2.245788E-06   3.731284E+09    2.09469E+27   1.742721098E+00  -3.724062E-01   1.948493948E+00
    69    9854.419722   1.507254E-06   2.503921E+09    1.22837E+27   1.742721109E+00  -3.720948E-01   1.948493963E+00
    70    9859.279356   1.012152E-06   1.680919E+09    7.20186E+26   1.742721115E+00  -3.718226E-01   1.948493972E+00
    71    9863.530307   6.477698E-07   1.075587E+09    4.24370E+26   1.742721119E+00  -3.715849E-01   1.948493977E+00
    72    9867.450299   4.331672E-07   7.191044E+08    2.49664E+26   1.742721121E+00  -3.713659E-01   1.948493981E+00
    73    9870.904185   2.913373E-07   4.836121E+08    1.46269E+26   1.742721122E+00  -3.711732E-01   1.948493982E+00
    74    9873.916443   1.956970E-07   3.249075E+08    8.56857E+25   1.742721123E+00  -3.710053E-01   1.948493984E+00
    75    9876.545589   1.294925E-07   2.149127E+08    5.08585E+25   1.742721123E+00  -3.708589E-01   1.948493984E+00
    76    9878.906826   8.738448E-08   1.450183E+08    2.97546E+25   1.742721124E+00  -3.707275E-01   1.948493985E+00
    77    9880.955654   5.911960E-08   9.809350E+07    1.73962E+25   1.742721124E+00  -3.706136E-01   1.948493985E+00
    78    9882.727728   4.001875E-08   6.638539E+07    1.01658E+25   1.742721124E+00  -3.705151E-01   1.948493985E+00
    79    9884.258777   2.720448E-08   4.513495E+07    5.93085E+24   1.742721124E+00  -3.704301E-01   1.948493985E+00
    80    9885.573222   1.851667E-08   3.072404E+07    3.45955E+24   1.742721124E+00  -3.703571E-01   1.948493985E+00
    81    9886.700079   1.266068E-08   2.100521E+07    2.01424E+24   1.742721124E+00  -3.702946E-01   1.948493985E+00
    82    9887.660080   8.680509E-09   1.440014E+07    1.17236E+24   1.742721124E+00  -3.702413E-01   1.948493985E+00
    83    9888.475385   5.973169E-09   9.907685E+06    6.80993E+23   1.742721124E+00  -3.701961E-01   1.948493985E+00
    84    9889.163900   4.008757E-09   6.648972E+06    3.96568E+23   1.742721124E+00  -3.701579E-01   1.948493985E+00
    85    9889.761492   2.788419E-09   4.624722E+06    2.29446E+23   1.742721124E+00  -3.701248E-01   1.948493985E+00
    86    9890.258681   1.939561E-09   3.216724E+06    1.32751E+23   1.742721124E+00  -3.700972E-01   1.948493985E+00
    87    9890.672321   1.355887E-09   2.248726E+06    7.67617E+22   1.742721124E+00  -3.700743E-01   1.948493985E+00
    88    9891.014510   9.525575E-10   1.579909E+06    4.42492E+22   1.742721124E+00  -3.700553E-01   1.948493985E+00
    89    9891.295300   6.692017E-10   1.110008E+06    2.55073E+22   1.742721124E+00  -3.700398E-01   1.948493985E+00
    90    9891.525702   4.736781E-10   7.856563E+05    1.46709E+22   1.742721124E+00  -3.700270E-01   1.948493985E+00
    91    9891.712945   3.357099E-10   5.567803E+05    8.43014E+21   1.742721124E+00  -3.700166E-01   1.948493985E+00
    92    9891.864776   2.382167E-10   3.950575E+05    4.84335E+21   1.742721124E+00  -3.700082E-01   1.948493985E+00
    93    9891.987722   1.700343E-10   2.819566E+05    2.77583E+21   1.742721124E+00  -3.700014E-01   1.948493985E+00
    94    9892.086455   1.213668E-10   2.012351E+05    1.59089E+21   1.742721124E+00  -3.699960E-01   1.948493985E+00
    95    9892.165742   8.688328E-11   1.440556E+05    9.11453E+20   1.742721124E+00  -3.699916E-01   1.948493985E+00
    96    9892.229198   6.239602E-11   1.034634E+05    5.21159E+20   1.742721124E+00  -3.699880E-01   1.948493985E+00
    97    9892.279719   4.481023E-11   7.430921E+04    2.97993E+20   1.742721124E+00  -3.699853E-01   1.948493985E+00
    98    9892.319940   3.230538E-11   5.357452E+04    1.70260E+20   1.742721124E+00  -3.699830E-01   1.948493985E+00
    99    9892.351815   2.333022E-11   3.869102E+04    9.71539E+19   1.742721124E+00  -3.699813E-01   1.948493985E+00
   100    9892.377001   1.684855E-11   2.794228E+04    5.54380E+19   1.742721124E+00  -3.699799E-01   1.948493985E+00
   101    9892.396901   1.223769E-11   2.029558E+04    3.15808E+19   1.742721124E+00  -3.699788E-01   1.948493985E+00
   102    9892.412508   8.898787E-12   1.475822E+04    1.79748E+19   1.742721124E+00  -3.699779E-01   1.948493985E+00
   103    9892.424724   6.470861E-12   1.073166E+04    1.02307E+19   1.742721124E+00  -3.699772E-01   1.948493985E+00
   104    9892.434286   4.715347E-12   7.820824E+03    5.81861E+18   1.742721124E+00  -3.699767E-01   1.948493985E+00
   105    9892.441749   3.436668E-12   5.700508E+03    3.30885E+18   1.742721124E+00  -3.699763E-01   1.948493985E+00
   106    9892.447571   2.504732E-12   4.155034E+03    1.88163E+18   1.742721124E+00  -3.699760E-01   1.948493985E+00
   107    9892.452113   1.825514E-12   3.028556E+03    1.07002E+18   1.742721124E+00  -3.699757E-01   1.948493985E+00
   108    9892.455657   1.330481E-12   2.207479E+03    6.08483E+17   1.742721124E+00  -3.699755E-01   1.948493985E+00
   109    9892.458422   9.696891E-13   1.609006E+03    3.46023E+17   1.742721124E+00  -3.699754E-01   1.948493985E+00
   110    9892.460579   7.067344E-13   1.172785E+03    1.96772E+17   1.742721124E+00  -3.699752E-01   1.948493985E+00
   111    9892.462262   5.324280E-13   8.843503E+02    1.10560E+17   1.742721124E+00  -3.699751E-01   1.948493985E+00
   112    9892.463516   4.018587E-13   6.681324E+02    6.20293E+16   1.742721124E+00  -3.699751E-01   1.948493985E+00
   113    9892.464447   3.033094E-13   5.047783E+02    3.48012E+16   1.742721124E+00  -3.699750E-01   1.948493985E+00
   114    9892.465139   2.289277E-13   3.813633E+02    1.95250E+16   1.742721124E+00  -3.699750E-01   1.948493985E+00
   115    9892.465652   1.727869E-13   2.881224E+02    1.09544E+16   1.742721124E+00  -3.699750E-01   1.948493985E+00
   116    9892.466034   1.304137E-13   2.176783E+02    6.14592E+15   1.742721124E+00  -3.699749E-01   1.948493985E+00
   117    9892.466317   1.007505E-13   1.680118E+02    3.42262E+15   1.742721124E+00  -3.699749E-01   1.948493985E+00
   118    9892.466521   7.799902E-14   1.299260E+02    1.90321E+15   1.742721124E+00  -3.699749E-01   1.948493985E+00
   119    9892.466668   6.038529E-14   1.004737E+02    1.05832E+15   1.742721124E+00  -3.699749E-01   1.948493985E+00
   120    9892.466774   4.674910E-14   7.769779E+01    5.88496E+14   1.742721124E+00  -3.699749E-01   1.948493985E+00
   121    9892.466850   3.619222E-14   6.008485E+01    3.27244E+14   1.742721124E+00  -3.699749E-01   1.948493985E+00
   122    9892.466904   2.801930E-14   4.646450E+01    1.81970E+14   1.742721124E+00  -3.699749E-01   1.948493985E+00
   123    9892.466944   2.200180E-14   3.647389E+01    1.00671E+14   1.742721124E+00  -3.699749E-01   1.948493985E+00
   124    9892.466971   1.730423E-14   2.868015E+01    5.56200E+13   1.742721124E+00  -3.699749E-01   1.948493985E+00
   125    9892.466991   1.360964E-14   2.255178E+01    3.07297E+13   1.742721124E+00  -3.699749E-01   1.948493985E+00
   126    9892.467004   1.070387E-14   1.773292E+01    1.69780E+13   1.742721124E+00  -3.699749E-01   1.948493985E+00
   127    9892.467014   9.319973E-15   1.544391E+01    9.15537E+12   1.742721124E+00  -3.699749E-01   1.948493985E+00
   128    9892.467020   8.493519E-15   1.408109E+01    4.76420E+12   1.742721124E+00  -3.699749E-01   1.948493985E+00
   129    9892.467023   7.740351E-15   1.283853E+01    2.47916E+12   1.742721124E+00  -3.699749E-01   1.948493985E+00
   130    9892.467025   7.053971E-15   1.170562E+01    1.29008E+12   1.742721124E+00  -3.699749E-01   1.948493985E+00
   131    9892.467026   6.428286E-15   1.066838E+01    6.71426E+11   1.742721124E+00  -3.699749E-01   1.948493985E+00
   132    9892.467027   5.858097E-15   9.722659E+00    3.49457E+11   1.742721124E+00  -3.699749E-01   1.948493985E+00
   133    9892.467027   5.338484E-15   8.860770E+00    1.81881E+11   1.742721124E+00  -3.699749E-01   1.948493985E+00
   134    9892.467028   4.905631E-15   8.142719E+00    9.45435E+10   1.742721124E+00  -3.699749E-01   1.948493985E+00
   135    9892.467028   4.860297E-15   8.067158E+00    4.74670E+10   1.742721124E+00  -3.699749E-01   1.948493985E+00
   136    9892.467028   4.815381E-15   7.992299E+00    2.38316E+10   1.742721124E+00  -3.699749E-01   1.948493985E+00
   137    9892.467028   4.770881E-15   7.918134E+00    1.19650E+10   1.742721124E+00  -3.699749E-01   1.948493985E+00
   138    9892.467028   4.753190E-15   7.890924E+00    5.99610E+09   1.742721124E+00  -3.699749E-01   1.948493985E+00
   139    9892.467028   4.744161E-15   7.878887E+00    3.00008E+09   1.742721124E+00  -3.699749E-01   1.948493985E+00
   140    9892.467028   4.735149E-15   7.866869E+00    1.50105E+09   1.742721124E+00  -3.699749E-01   1.948493985E+00
   141    9892.467028   4.726130E-15   7.852256E+00    7.51077E+08   1.742721124E+00  -3.699749E-01   1.948493985E+00
