       6     141      40      56

     EOS file :  Prof_B30_1.2.dat                                            

  step        radius       baryon#       density        pressure       encl. mass            phi     encl. bar. mass 
                (m)        (#/fm3)       (g/cm3)        (dyn/cm2)      (sol. mass)                     (sol. mass)   

     0       0.000000   2.649186E+01   8.447396E+16    1.15704E+38   0.000000000E+00  -3.426839E+00   0.000000000E+00
     1     100.000001   2.625789E+01   8.365089E+16    1.14246E+38   1.765941799E-04  -3.419184E+00   9.295148049E-05
     2     116.572970   2.617823E+01   8.337086E+16    1.13751E+38   2.793235348E-04  -3.416566E+00   1.471330361E-04
     3     135.872253   2.607070E+01   8.299296E+16    1.13083E+38   4.412203670E-04  -3.413022E+00   2.326475373E-04
     4     158.326881   2.592598E+01   8.248460E+16    1.12187E+38   6.956801821E-04  -3.408231E+00   3.673241849E-04
     5     184.424529   2.573197E+01   8.180361E+16    1.10989E+38   1.094191046E-03  -3.401772E+00   5.788140290E-04
     6     214.714186   2.547329E+01   8.089642E+16    1.09397E+38   1.715316524E-03  -3.393094E+00   9.096488543E-04
     7     249.806037   2.513081E+01   7.969680E+16    1.07301E+38   2.677280790E-03  -3.381486E+00   1.424535277E-03
     8     290.366967   2.468154E+01   7.812573E+16    1.04569E+38   4.154731063E-03  -3.366048E+00   2.220496972E-03
     9     337.109926   2.409924E+01   7.609386E+16    1.01060E+38   6.399430968E-03  -3.345672E+00   3.440272534E-03
    10     390.775551   2.335602E+01   7.350791E+16    9.66343E+37   9.762840628E-03  -3.319034E+00   5.288741721E-03
    11     452.105547   2.242556E+01   7.028249E+16    9.11783E+37   1.471550707E-02  -3.284628E+00   8.050869711E-03
    12     521.809547   2.128794E+01   6.635783E+16    8.46388E+37   2.185431254E-02  -3.240839E+00   1.210767875E-02
    13     600.530593   1.993580E+01   6.172144E+16    7.70596E+37   3.188566296E-02  -3.186080E+00   1.794452405E-02
    14     688.818128   1.838034E+01   5.642826E+16    6.86106E+37   4.557396827E-02  -3.118969E+00   2.614467719E-02
    15     787.119386   1.665500E+01   5.061128E+16    5.95927E+37   6.365358808E-02  -3.038546E+00   3.736262042E-02
    16     895.798344   1.481457E+01   4.447506E+16    5.04070E+37   8.671838127E-02  -2.944451E+00   5.227654969E-02
    17    1015.185516   1.292894E+01   3.826993E+16    4.14922E+37   1.151189703E-01  -2.837034E+00   7.152715975E-02
    18    1145.654479   1.107285E+01   3.225321E+16    3.32469E+37   1.489027475E-01  -2.717365E+00   9.565626238E-02
    19    1287.716033   9.314599E+00   2.664946E+16    2.59655E+37   1.878194511E-01  -2.587127E+00   1.250605112E-01
    20    1442.120656   7.707275E+00   2.162182E+16    1.98060E+37   2.313913745E-01  -2.448447E+00   1.599715704E-01
    21    1609.962995   6.284284E+00   1.726046E+16    1.47935E+37   2.790253149E-01  -2.303684E+00   2.004667566E-01
    22    1792.785728   5.059430E+00   1.358727E+16    1.08510E+37   3.301339114E-01  -2.155232E+00   2.465068473E-01
    23    1992.682075   4.030217E+00   1.057094E+16    7.83914E+36   3.842386029E-01  -2.005358E+00   2.979926728E-01
    24    2212.396802   3.182653E+00   8.145888E+15    5.59347E+36   4.410392354E-01  -1.856079E+00   3.548300855E-01
    25    2455.425473   2.496097E+00   6.229666E+15    3.95205E+36   5.004488118E-01  -1.709103E+00   4.169937172E-01
    26    2726.111823   1.947269E+00   4.736350E+15    2.77117E+36   5.626010143E-01  -1.565801E+00   4.845827885E-01
    27    3029.743115   1.513070E+00   3.585188E+15    1.93210E+36   6.278415434E-01  -1.427218E+00   5.578659178E-01
    28    3372.642847   1.172294E+00   2.705168E+15    1.34153E+36   6.967132644E-01  -1.294109E+00   6.373151291E-01
    29    3762.258866   9.099918E-01   2.046059E+15    9.28627E+35   7.700027523E-01  -1.166982E+00   7.236929223E-01
    30    4205.658256   7.204804E-01   1.583605E+15    6.39308E+35   8.495499703E-01  -1.046426E+00   8.189126777E-01
    31    4701.210846   5.833715E-01   1.257600E+15    4.37053E+35   9.367099070E-01  -9.344180E-01   9.243768887E-01
    32    5239.989053   4.827426E-01   1.023499E+15    2.96032E+35   1.031710187E+00  -8.326885E-01   1.040313303E+00
    33    5805.865961   4.074513E-01   8.512399E+14    1.98003E+35   1.133177805E+00  -7.424744E-01   1.165172131E+00
    34    6376.656862   3.495177E-01   7.204128E+14    1.30237E+35   1.237761176E+00  -6.645085E-01   1.295047642E+00
    35    6926.917662   3.032450E-01   6.170994E+14    8.38746E+34   1.340253452E+00  -5.990190E-01   1.423627005E+00
    36    7431.962403   2.645719E-01   5.317042E+14    5.26905E+34   1.434525690E+00  -5.457208E-01   1.543170154E+00
    37    7872.327752   2.311160E-01   4.586829E+14    3.22158E+34   1.515112948E+00  -5.037972E-01   1.646462091E+00
    38    8236.622592   2.036045E-01   3.993642E+14    1.90611E+34   1.579371068E+00  -4.719817E-01   1.729622475E+00
    39    8518.182600   1.778601E-01   3.445752E+14    1.10218E+34   1.625854066E+00  -4.490469E-01   1.790353482E+00
    40    8726.701769   1.552054E-01   2.970481E+14    6.22332E+33   1.657353404E+00  -4.329623E-01   1.831880712E+00
    41    8873.892529   1.316708E-01   2.449052E+14    3.49414E+33   1.676992525E+00  -4.220674E-01   1.858167185E+00
    42    8979.558593   1.105979E-01   1.991346E+14    1.95487E+33   1.688824728E+00  -4.144865E-01   1.874462516E+00
    43    9055.101316   9.269375E-02   1.614967E+14    1.08572E+33   1.695837181E+00  -4.091944E-01   1.884411518E+00
    44    9108.290009   7.632919E-02   1.290323E+14    6.01081E+32   1.699886934E+00  -4.055342E-01   1.890332197E+00
    45    9145.877021   5.469579E-02   9.231002E+13    3.46553E+32   1.702067127E+00  -4.029815E-01   1.893565907E+00
    46    9176.579832   3.869497E-02   6.522088E+13    1.99900E+32   1.703347246E+00  -4.009180E-01   1.895464387E+00
    47    9201.925503   2.717955E-02   4.576407E+13    1.15747E+32   1.704093478E+00  -3.992296E-01   1.896570613E+00
    48    9223.034056   1.906769E-02   3.207338E+13    6.69828E+31   1.704531658E+00  -3.978341E-01   1.897219977E+00
    49    9240.598515   1.333327E-02   2.240839E+13    3.87897E+31   1.704787821E+00  -3.966804E-01   1.897599513E+00
    50    9255.250899   9.321067E-03   1.565188E+13    2.24545E+31   1.704937632E+00  -3.957231E-01   1.897821447E+00
    51    9267.459484   6.448523E-03   1.082474E+13    1.30343E+31   1.705024699E+00  -3.949291E-01   1.897950406E+00
    52    9277.752226   4.354809E-03   7.306696E+12    7.61111E+30   1.705075150E+00  -3.942623E-01   1.898025103E+00
    53    9286.689421   2.724786E-03   4.569390E+12    4.52218E+30   1.705104044E+00  -3.936851E-01   1.898067880E+00
    54    9295.207124   1.655539E-03   2.774958E+12    2.74584E+30   1.705120741E+00  -3.931367E-01   1.898092598E+00
    55    9303.748370   8.985010E-04   1.504724E+12    1.72406E+30   1.705130390E+00  -3.925884E-01   1.898106884E+00
    56    9313.665686   5.054603E-04   8.457324E+11    1.07992E+30   1.705136503E+00  -3.919538E-01   1.898115938E+00
    57    9324.754154   2.275257E-04   3.801753E+11    6.75605E+29   1.705140362E+00  -3.912467E-01   1.898121653E+00
    58    9340.236171   1.455046E-04   2.429734E+11    4.05508E+29   1.705142957E+00  -3.902640E-01   1.898125500E+00
    59    9354.854752   9.592515E-05   1.601002E+11    2.40140E+29   1.705144560E+00  -3.893408E-01   1.898127874E+00
    60    9368.060991   6.215618E-05   1.036061E+11    1.42858E+29   1.705145511E+00  -3.885108E-01   1.898129282E+00
    61    9380.257348   4.111223E-05   6.850783E+10    8.47181E+28   1.705146083E+00  -3.877475E-01   1.898130130E+00
    62    9391.242541   2.684113E-05   4.469379E+10    4.98802E+28   1.705146428E+00  -3.870627E-01   1.898130641E+00
    63    9401.194819   1.785603E-05   2.972611E+10    2.94504E+28   1.705146631E+00  -3.864445E-01   1.898130942E+00
    64    9410.060479   1.168272E-05   1.943696E+10    1.73928E+28   1.705146752E+00  -3.858955E-01   1.898131121E+00
    65    9418.092805   7.556148E-06   1.256900E+10    1.03032E+28   1.705146824E+00  -3.853995E-01   1.898131227E+00
    66    9425.471527   5.068973E-06   8.428499E+09    6.04441E+27   1.705146867E+00  -3.849451E-01   1.898131290E+00
    67    9431.943499   3.378499E-06   5.615744E+09    3.54835E+27   1.705146892E+00  -3.845475E-01   1.898131328E+00
    68    9437.658743   2.242970E-06   3.726601E+09    2.09117E+27   1.705146907E+00  -3.841970E-01   1.898131350E+00
    69    9442.744516   1.505350E-06   2.500756E+09    1.22629E+27   1.705146916E+00  -3.838857E-01   1.898131363E+00
    70    9447.196730   1.010865E-06   1.678779E+09    7.18957E+26   1.705146921E+00  -3.836136E-01   1.898131371E+00
    71    9451.091110   6.466333E-07   1.073695E+09    4.23661E+26   1.705146924E+00  -3.833760E-01   1.898131375E+00
    72    9454.684026   4.325479E-07   7.180759E+08    2.49183E+26   1.705146926E+00  -3.831570E-01   1.898131378E+00
    73    9457.847770   2.909201E-07   4.829199E+08    1.45986E+26   1.705146927E+00  -3.829644E-01   1.898131379E+00
    74    9460.606876   1.953755E-07   3.243730E+08    8.55210E+25   1.705146927E+00  -3.827966E-01   1.898131380E+00
    75    9463.015550   1.292990E-07   2.145914E+08    5.07550E+25   1.705146928E+00  -3.826502E-01   1.898131381E+00
    76    9465.178155   8.725347E-08   1.448008E+08    2.96938E+25   1.705146928E+00  -3.825189E-01   1.898131381E+00
    77    9467.054588   5.903134E-08   9.794698E+07    1.73605E+25   1.705146928E+00  -3.824050E-01   1.898131381E+00
    78    9468.677496   3.995963E-08   6.628736E+07    1.01448E+25   1.705146928E+00  -3.823066E-01   1.898131381E+00
    79    9470.079611   2.716421E-08   4.506817E+07    5.91859E+24   1.705146928E+00  -3.822216E-01   1.898131381E+00
    80    9471.283345   1.848970E-08   3.067927E+07    3.45238E+24   1.705146928E+00  -3.821487E-01   1.898131381E+00
    81    9472.315249   1.264221E-08   2.097456E+07    2.01006E+24   1.705146928E+00  -3.820862E-01   1.898131381E+00
    82    9473.194347   8.668079E-09   1.437951E+07    1.16992E+24   1.705146928E+00  -3.820330E-01   1.898131381E+00
    83    9473.940913   5.964606E-09   9.893477E+06    6.79575E+23   1.705146928E+00  -3.819878E-01   1.898131381E+00
    84    9474.571374   4.003391E-09   6.640072E+06    3.95768E+23   1.705146928E+00  -3.819496E-01   1.898131381E+00
    85    9475.118558   2.784684E-09   4.618527E+06    2.28983E+23   1.705146928E+00  -3.819165E-01   1.898131381E+00
    86    9475.573806   1.936961E-09   3.212412E+06    1.32483E+23   1.705146928E+00  -3.818890E-01   1.898131381E+00
    87    9475.952551   1.354127E-09   2.245807E+06    7.66063E+22   1.705146928E+00  -3.818661E-01   1.898131381E+00
    88    9476.265856   9.513199E-10   1.577857E+06    4.41596E+22   1.705146928E+00  -3.818471E-01   1.898131381E+00
    89    9476.522944   6.683319E-10   1.108565E+06    2.54555E+22   1.705146928E+00  -3.818316E-01   1.898131381E+00
    90    9476.733897   4.730751E-10   7.846560E+05    1.46408E+22   1.705146928E+00  -3.818188E-01   1.898131381E+00
    91    9476.905325   3.352825E-10   5.560712E+05    8.41287E+21   1.705146928E+00  -3.818084E-01   1.898131381E+00
    92    9477.044333   2.379205E-10   3.945661E+05    4.83341E+21   1.705146928E+00  -3.818000E-01   1.898131381E+00
    93    9477.156891   1.698228E-10   2.816059E+05    2.77014E+21   1.705146928E+00  -3.817932E-01   1.898131381E+00
    94    9477.247281   1.212159E-10   2.009847E+05    1.58762E+21   1.705146928E+00  -3.817878E-01   1.898131381E+00
    95    9477.319869   8.677745E-11   1.438802E+05    9.09579E+20   1.705146928E+00  -3.817834E-01   1.898131381E+00
    96    9477.377962   6.232001E-11   1.033374E+05    5.20087E+20   1.705146928E+00  -3.817799E-01   1.898131381E+00
    97    9477.424212   4.475564E-11   7.421870E+04    2.97380E+20   1.705146928E+00  -3.817771E-01   1.898131381E+00
    98    9477.461034   3.226658E-11   5.351019E+04    1.69907E+20   1.705146928E+00  -3.817748E-01   1.898131381E+00
    99    9477.490214   2.330220E-11   3.864455E+04    9.69528E+19   1.705146928E+00  -3.817731E-01   1.898131381E+00
   100    9477.513270   1.682831E-11   2.790872E+04    5.53233E+19   1.705146928E+00  -3.817717E-01   1.898131381E+00
   101    9477.531487   1.222326E-11   2.027164E+04    3.15150E+19   1.705146928E+00  -3.817706E-01   1.898131381E+00
   102    9477.545774   8.888290E-12   1.474082E+04    1.79373E+19   1.705146928E+00  -3.817697E-01   1.898131381E+00
   103    9477.556957   6.463227E-12   1.071900E+04    1.02093E+19   1.705146928E+00  -3.817690E-01   1.898131381E+00
   104    9477.565711   4.709818E-12   7.811656E+03    5.80644E+18   1.705146928E+00  -3.817685E-01   1.898131381E+00
   105    9477.572542   3.432638E-12   5.693826E+03    3.30193E+18   1.705146928E+00  -3.817681E-01   1.898131381E+00
   106    9477.577871   2.501795E-12   4.150164E+03    1.87769E+18   1.705146928E+00  -3.817678E-01   1.898131381E+00
   107    9477.582029   1.823373E-12   3.025006E+03    1.06778E+18   1.705146928E+00  -3.817675E-01   1.898131381E+00
   108    9477.585273   1.328921E-12   2.204891E+03    6.07210E+17   1.705146928E+00  -3.817673E-01   1.898131381E+00
   109    9477.587804   9.685521E-13   1.607119E+03    3.45300E+17   1.705146928E+00  -3.817672E-01   1.898131381E+00
   110    9477.589779   7.059057E-13   1.171410E+03    1.96360E+17   1.705146928E+00  -3.817671E-01   1.898131381E+00
   111    9477.591319   5.318628E-13   8.834149E+02    1.10320E+17   1.705146928E+00  -3.817670E-01   1.898131381E+00
   112    9477.592467   4.014321E-13   6.674257E+02    6.18942E+16   1.705146928E+00  -3.817669E-01   1.898131381E+00
   113    9477.593319   3.029874E-13   5.042444E+02    3.47254E+16   1.705146928E+00  -3.817668E-01   1.898131381E+00
   114    9477.593952   2.286847E-13   3.809599E+02    1.94825E+16   1.705146928E+00  -3.817668E-01   1.898131381E+00
   115    9477.594422   1.726035E-13   2.878176E+02    1.09305E+16   1.705146928E+00  -3.817668E-01   1.898131381E+00
   116    9477.594771   1.302753E-13   2.174481E+02    6.13252E+15   1.705146928E+00  -3.817668E-01   1.898131381E+00
   117    9477.595030   1.006521E-13   1.678470E+02    3.41496E+15   1.705146928E+00  -3.817667E-01   1.898131381E+00
   118    9477.595217   7.792283E-14   1.297985E+02    1.89895E+15   1.705146928E+00  -3.817667E-01   1.898131381E+00
   119    9477.595352   6.032631E-14   1.003751E+02    1.05595E+15   1.705146928E+00  -3.817667E-01   1.898131381E+00
   120    9477.595449   4.670343E-14   7.762156E+01    5.87179E+14   1.705146928E+00  -3.817667E-01   1.898131381E+00
   121    9477.595518   3.615687E-14   6.002590E+01    3.26512E+14   1.705146928E+00  -3.817667E-01   1.898131381E+00
   122    9477.595568   2.799193E-14   4.641891E+01    1.81563E+14   1.705146928E+00  -3.817667E-01   1.898131381E+00
   123    9477.595604   2.198146E-14   3.644015E+01    1.00441E+14   1.705146928E+00  -3.817667E-01   1.898131381E+00
   124    9477.595629   1.728824E-14   2.865362E+01    5.54931E+13   1.705146928E+00  -3.817667E-01   1.898131381E+00
   125    9477.595647   1.359706E-14   2.253092E+01    3.06596E+13   1.705146928E+00  -3.817667E-01   1.898131381E+00
   126    9477.595660   1.069397E-14   1.771651E+01    1.69393E+13   1.705146928E+00  -3.817667E-01   1.898131381E+00
   127    9477.595668   9.316410E-15   1.543804E+01    9.13078E+12   1.705146928E+00  -3.817667E-01   1.898131381E+00
   128    9477.595674   8.490272E-15   1.407573E+01    4.75140E+12   1.705146928E+00  -3.817667E-01   1.898131381E+00
   129    9477.595677   7.737392E-15   1.283365E+01    2.47250E+12   1.705146928E+00  -3.817667E-01   1.898131381E+00
   130    9477.595679   7.051274E-15   1.170116E+01    1.28662E+12   1.705146928E+00  -3.817667E-01   1.898131381E+00
   131    9477.595680   6.425828E-15   1.066431E+01    6.69623E+11   1.705146928E+00  -3.817667E-01   1.898131381E+00
   132    9477.595680   5.855857E-15   9.718944E+00    3.48518E+11   1.705146928E+00  -3.817667E-01   1.898131381E+00
   133    9477.595681   5.336443E-15   8.857384E+00    1.81393E+11   1.705146928E+00  -3.817667E-01   1.898131381E+00
   134    9477.595681   4.905450E-15   8.142417E+00    9.42849E+10   1.705146928E+00  -3.817667E-01   1.898131381E+00
   135    9477.595681   4.860117E-15   8.066859E+00    4.73372E+10   1.705146928E+00  -3.817667E-01   1.898131381E+00
   136    9477.595681   4.815204E-15   7.992002E+00    2.37664E+10   1.705146928E+00  -3.817667E-01   1.898131381E+00
   137    9477.595681   4.770705E-15   7.917840E+00    1.19323E+10   1.705146928E+00  -3.817667E-01   1.898131381E+00
   138    9477.595681   4.753154E-15   7.890876E+00    5.97954E+09   1.705146928E+00  -3.817667E-01   1.898131381E+00
   139    9477.595681   4.744125E-15   7.878839E+00    2.99179E+09   1.705146928E+00  -3.817667E-01   1.898131381E+00
   140    9477.595681   4.735113E-15   7.866821E+00    1.49691E+09   1.705146928E+00  -3.817667E-01   1.898131381E+00
   141    9477.595681   4.726094E-15   7.852184E+00    7.49003E+08   1.705146928E+00  -3.817667E-01   1.898131381E+00
