       6     141      40      56

     EOS file :  Prof_B32_1.6.dat                                            

  step        radius       baryon#       density        pressure       encl. mass            phi     encl. bar. mass 
                (m)        (#/fm3)       (g/cm3)        (dyn/cm2)      (sol. mass)                     (sol. mass)   

     0       0.000000   2.551405E+01   8.103931E+16    1.05432E+38   0.000000000E+00  -3.370657E+00   0.000000000E+00
     1     100.000001   2.529957E+01   8.028772E+16    1.04181E+38   1.694665792E-04  -3.363601E+00   8.954048744E-05
     2     116.578334   2.522663E+01   8.003226E+16    1.03757E+38   2.681110417E-04  -3.361191E+00   1.417616363E-04
     3     135.886609   2.512809E+01   7.968731E+16    1.03184E+38   4.236394503E-04  -3.357926E+00   2.242135574E-04
     4     158.356067   2.499538E+01   7.922292E+16    1.02414E+38   6.682357722E-04  -3.353511E+00   3.541336308E-04
     5     184.477779   2.481731E+01   7.860020E+16    1.01384E+38   1.051604968E-03  -3.347555E+00   5.582939521E-04
     6     214.805891   2.457956E+01   7.776952E+16    1.00014E+38   1.649762852E-03  -3.339544E+00   8.779540358E-04
     7     249.958303   2.426424E+01   7.666912E+16    9.82050E+37   2.577445693E-03  -3.328814E+00   1.376045255E-03
     8     290.613180   2.384969E+01   7.522466E+16    9.58414E+37   4.004822078E-03  -3.314521E+00   2.147244184E-03
     9     337.499490   2.331085E+01   7.335100E+16    9.27945E+37   6.178466958E-03  -3.295615E+00   3.331434639E-03
    10     391.379759   2.262060E+01   7.095747E+16    8.89338E+37   9.444875679E-03  -3.270834E+00   5.130488448E-03
    11     453.024129   2.175261E+01   6.795833E+16    8.41479E+37   1.427181328E-02  -3.238718E+00   7.827066223E-03
    12     523.176801   2.068572E+01   6.428899E+16    7.83729E+37   2.125872741E-02  -3.197681E+00   1.180213017E-02
    13     602.519327   1.940990E+01   5.992684E+16    7.16274E+37   3.112384604E-02  -3.146122E+00   1.754540551E-02
    14     691.639317   1.793232E+01   5.491207E+16    6.40420E+37   4.465576594E-02  -3.082602E+00   2.565127136E-02
    15     791.016013   1.628174E+01   4.936084E+16    5.58699E+37   6.262523667E-02  -3.006053E+00   3.679337341E-02
    16     901.033701   1.450868E+01   4.346259E+16    4.74665E+37   8.566922756E-02  -2.915969E+00   5.167612409E-02
    17    1022.028666   1.268016E+01   3.745797E+16    3.92354E+37   1.141778247E-01  -2.812548E+00   7.096949786E-02
    18    1154.367486   1.087000E+01   3.160169E+16    3.15576E+37   1.482228262E-01  -2.696714E+00   9.524151027E-02
    19    1298.547771   9.147396E+00   2.612196E+16    2.47268E+37   1.875562735E-01  -2.570041E+00   1.249059194E-01
    20    1455.310518   7.567402E+00   2.118913E+16    1.89123E+37   2.316814161E-01  -2.434587E+00   1.601990166E-01
    21    1625.755605   6.165693E+00   1.690131E+16    1.41569E+37   2.799724937E-01  -2.292678E+00   2.011909313E-01
    22    1811.455929   4.958032E+00   1.328703E+16    1.04022E+37   3.318070688E-01  -2.146707E+00   2.478278090E-01
    23    2014.568769   3.943312E+00   1.031963E+16    7.52541E+36   3.866788483E-01  -1.998952E+00   2.999948813E-01
    24    2237.944404   3.108375E+00   7.936313E+15    5.37588E+36   4.442735832E-01  -1.851449E+00   3.575881492E-01
    25    2485.232657   2.433011E+00   6.056115E+15    3.80225E+36   5.045064247E-01  -1.705926E+00   4.205837846E-01
    26    2760.988236   1.894125E+00   4.593885E+15    2.66880E+36   5.675296889E-01  -1.563771E+00   4.890981174E-01
    27    3070.775528   1.468700E+00   3.469328E+15    1.86264E+36   6.337237131E-01  -1.426046E+00   5.634355207E-01
    28    3421.272475   1.135578E+00   2.611810E+15    1.29476E+36   7.036820113E-01  -1.293523E+00   6.441251403E-01
    29    3820.371114   8.824101E-01   1.977986E+15    8.97138E+35   7.783443225E-01  -1.166721E+00   7.321001651E-01
    30    4274.371613   7.007162E-01   1.536133E+15    6.17799E+35   8.598155832E-01  -1.046496E+00   8.295676820E-01
    31    4780.235432   5.676343E-01   1.220696E+15    4.22662E+35   9.490500851E-01  -9.350092E-01   9.375056227E-01
    32    5329.548448   4.695451E-01   9.931261E+14    2.86504E+35   1.046280515E+00  -8.337278E-01   1.056175084E+00
    33    5906.259341   3.956150E-01   8.243863E+14    1.91819E+35   1.150016031E+00  -7.438256E-01   1.183906742E+00
    34    6488.790750   3.379511E-01   6.944832E+14    1.26364E+35   1.256800735E+00  -6.659566E-01   1.316679167E+00
    35    7053.098584   2.907193E-01   5.893369E+14    8.16197E+34   1.361346918E+00  -6.002438E-01   1.448079020E+00
    36    7577.055290   2.494570E-01   4.986067E+14    5.15818E+34   1.457516084E+00  -5.462456E-01   1.570350126E+00
    37    8045.311593   2.255573E-01   4.466402E+14    3.16485E+34   1.541313792E+00  -5.029046E-01   1.678037252E+00
    38    8422.643007   2.022440E-01   3.964483E+14    1.85546E+34   1.610217654E+00  -4.709055E-01   1.767055675E+00
    39    8706.457800   1.766504E-01   3.420203E+14    1.07319E+34   1.658820132E+00  -4.483997E-01   1.830497017E+00
    40    8916.218059   1.542897E-01   2.951419E+14    6.05442E+33   1.691698505E+00  -4.326098E-01   1.873826171E+00
    41    9063.754140   1.306546E-01   2.426647E+14    3.40515E+33   1.712058275E+00  -4.219350E-01   1.901100428E+00
    42    9169.997228   1.097405E-01   1.973046E+14    1.90486E+33   1.724353844E+00  -4.144761E-01   1.918054876E+00
    43    9245.888988   9.197210E-02   1.600063E+14    1.05783E+33   1.731632164E+00  -4.092699E-01   1.928395630E+00
    44    9299.290885   7.516701E-02   1.270581E+14    5.86034E+32   1.735827691E+00  -4.056697E-01   1.934537415E+00
    45    9337.271322   5.386215E-02   9.089620E+13    3.37868E+32   1.738088838E+00  -4.031420E-01   1.937891865E+00
    46    9368.290301   3.807732E-02   6.417680E+13    1.94986E+32   1.739415204E+00  -4.010987E-01   1.939859345E+00
    47    9393.924229   2.674537E-02   4.503089E+13    1.12899E+32   1.740189174E+00  -3.994250E-01   1.941006949E+00
    48    9415.270778   1.875920E-02   3.155325E+13    6.53350E+31   1.740643557E+00  -3.980416E-01   1.941680489E+00
    49    9433.035523   1.311743E-02   2.204477E+13    3.78349E+31   1.740909171E+00  -3.968976E-01   1.942074125E+00
    50    9447.854027   9.170095E-03   1.539777E+13    2.19015E+31   1.741064492E+00  -3.959485E-01   1.942304281E+00
    51    9460.200359   6.341263E-03   1.064456E+13    1.27170E+31   1.741154715E+00  -3.951612E-01   1.942437947E+00
    52    9470.616179   4.277612E-03   7.176992E+12    7.43201E+30   1.741206967E+00  -3.944996E-01   1.942515331E+00
    53    9479.677658   2.667577E-03   4.473359E+12    4.42711E+30   1.741236838E+00  -3.939259E-01   1.942559566E+00
    54    9488.364633   1.631616E-03   2.734858E+12    2.68830E+30   1.741254208E+00  -3.933775E-01   1.942585286E+00
    55    9497.018228   8.798043E-04   1.473350E+12    1.69620E+30   1.741264164E+00  -3.928328E-01   1.942600031E+00
    56    9507.180902   4.963164E-04   8.304253E+11    1.06224E+30   1.741270557E+00  -3.921951E-01   1.942609503E+00
    57    9518.509605   2.236890E-04   3.737643E+11    6.63924E+29   1.741274597E+00  -3.914868E-01   1.942615488E+00
    58    9534.292504   1.432948E-04   2.392841E+11    3.98073E+29   1.741277312E+00  -3.905045E-01   1.942619512E+00
    59    9549.153953   9.439603E-05   1.575423E+11    2.35625E+29   1.741278985E+00  -3.895843E-01   1.942621992E+00
    60    9562.583776   6.117580E-05   1.019704E+11    1.40153E+29   1.741279976E+00  -3.887566E-01   1.942623460E+00
    61    9574.982314   4.050448E-05   6.749456E+10    8.30535E+28   1.741280573E+00  -3.879957E-01   1.942624345E+00
    62    9586.130074   2.636433E-05   4.389767E+10    4.89143E+28   1.741280932E+00  -3.873143E-01   1.942624877E+00
    63    9596.263378   1.757619E-05   2.925881E+10    2.88352E+28   1.741281145E+00  -3.866971E-01   1.942625192E+00
    64    9605.257096   1.149715E-05   1.912754E+10    1.70438E+28   1.741281271E+00  -3.861510E-01   1.942625378E+00
    65    9613.413768   7.444892E-06   1.238406E+10    1.01011E+28   1.741281345E+00  -3.856571E-01   1.942625488E+00
    66    9620.900891   4.994318E-06   8.304002E+09    5.92576E+27   1.741281390E+00  -3.852049E-01   1.942625555E+00
    67    9627.468141   3.326583E-06   5.529337E+09    3.47883E+27   1.741281416E+00  -3.848092E-01   1.942625594E+00
    68    9633.271306   2.209939E-06   3.671705E+09    2.05006E+27   1.741281431E+00  -3.844602E-01   1.942625616E+00
    69    9638.431476   1.483219E-06   2.463962E+09    1.20218E+27   1.741281441E+00  -3.841505E-01   1.942625630E+00
    70    9642.948672   9.960012E-07   1.654076E+09    7.04819E+26   1.741281446E+00  -3.838798E-01   1.942625638E+00
    71    9646.899854   6.322078E-07   1.049663E+09    4.15381E+26   1.741281449E+00  -3.836433E-01   1.942625643E+00
    72    9650.574181   4.250598E-07   7.056401E+08    2.43390E+26   1.741281451E+00  -3.834237E-01   1.942625646E+00
    73    9653.780792   2.858984E-07   4.745883E+08    1.42591E+26   1.741281452E+00  -3.832323E-01   1.942625647E+00
    74    9656.577050   1.915265E-07   3.179729E+08    8.35533E+25   1.741281453E+00  -3.830655E-01   1.942625648E+00
    75    9659.024938   1.269862E-07   2.107523E+08    4.95216E+25   1.741281453E+00  -3.829196E-01   1.942625649E+00
    76    9661.215726   8.569264E-08   1.422101E+08    2.89722E+25   1.741281453E+00  -3.827891E-01   1.942625649E+00
    77    9663.116602   5.798243E-08   9.620561E+07    1.69371E+25   1.741281454E+00  -3.826760E-01   1.942625649E+00
    78    9664.760310   3.925845E-08   6.512465E+07    9.89717E+24   1.741281454E+00  -3.825783E-01   1.942625649E+00
    79    9666.180008   2.668754E-08   4.427762E+07    5.77410E+24   1.741281454E+00  -3.824939E-01   1.942625649E+00
    80    9667.398833   1.817086E-08   3.015009E+07    3.36799E+24   1.741281454E+00  -3.824214E-01   1.942625649E+00
    81    9668.443325   1.242420E-08   2.061276E+07    1.96092E+24   1.741281454E+00  -3.823594E-01   1.942625649E+00
    82    9669.333146   8.521495E-09   1.413626E+07    1.14128E+24   1.741281454E+00  -3.823066E-01   1.942625649E+00
    83    9670.088532   5.863738E-09   9.726112E+06    6.62938E+23   1.741281454E+00  -3.822617E-01   1.942625649E+00
    84    9670.726440   3.940202E-09   6.535254E+06    3.86390E+23   1.741281454E+00  -3.822239E-01   1.942625649E+00
    85    9671.279895   2.740729E-09   4.545618E+06    2.23556E+23   1.741281454E+00  -3.821910E-01   1.942625649E+00
    86    9671.740360   1.906387E-09   3.161700E+06    1.29343E+23   1.741281454E+00  -3.821637E-01   1.942625649E+00
    87    9672.123444   1.333598E-09   2.211767E+06    7.48020E+22   1.741281454E+00  -3.821410E-01   1.942625649E+00
    88    9672.440184   9.368979E-10   1.553941E+06    4.31195E+22   1.741281454E+00  -3.821222E-01   1.942625649E+00
    89    9672.700089   6.581999E-10   1.091762E+06    2.48560E+22   1.741281454E+00  -3.821068E-01   1.942625649E+00
    90    9672.913353   4.660518E-10   7.730045E+05    1.42926E+22   1.741281454E+00  -3.820941E-01   1.942625649E+00
    91    9673.086565   3.303048E-10   5.478140E+05    8.21278E+21   1.741281454E+00  -3.820838E-01   1.942625649E+00
    92    9673.227018   2.344712E-10   3.888442E+05    4.71828E+21   1.741281454E+00  -3.820755E-01   1.942625649E+00
    93    9673.340703   1.673607E-10   2.775220E+05    2.70415E+21   1.741281454E+00  -3.820688E-01   1.942625649E+00
    94    9673.431998   1.194585E-10   1.980700E+05    1.54980E+21   1.741281454E+00  -3.820634E-01   1.942625649E+00
    95    9673.505311   8.554538E-11   1.418379E+05    8.87881E+20   1.741281454E+00  -3.820590E-01   1.942625649E+00
    96    9673.563965   6.143519E-11   1.018705E+05    5.07681E+20   1.741281454E+00  -3.820555E-01   1.942625649E+00
    97    9673.610662   4.412020E-11   7.316520E+04    2.90286E+20   1.741281454E+00  -3.820528E-01   1.942625649E+00
    98    9673.647839   3.181495E-11   5.276124E+04    1.65829E+20   1.741281454E+00  -3.820506E-01   1.942625649E+00
    99    9673.677291   2.297603E-11   3.810367E+04    9.46256E+19   1.741281454E+00  -3.820488E-01   1.942625649E+00
   100    9673.700561   1.659277E-11   2.751810E+04    5.39953E+19   1.741281454E+00  -3.820474E-01   1.942625649E+00
   101    9673.718948   1.205521E-11   1.999294E+04    3.07526E+19   1.741281454E+00  -3.820464E-01   1.942625649E+00
   102    9673.733361   8.766091E-12   1.453816E+04    1.75034E+19   1.741281454E+00  -3.820455E-01   1.942625649E+00
   103    9673.744643   6.374369E-12   1.057163E+04    9.96237E+18   1.741281454E+00  -3.820448E-01   1.942625649E+00
   104    9673.753474   4.645455E-12   7.704931E+03    5.66560E+18   1.741281454E+00  -3.820443E-01   1.942625649E+00
   105    9673.760365   3.385728E-12   5.616036E+03    3.22184E+18   1.741281454E+00  -3.820439E-01   1.942625649E+00
   106    9673.765740   2.467606E-12   4.093463E+03    1.83215E+18   1.741281454E+00  -3.820436E-01   1.942625649E+00
   107    9673.769935   1.798455E-12   2.983678E+03    1.04188E+18   1.741281454E+00  -3.820433E-01   1.942625649E+00
   108    9673.773207   1.310760E-12   2.174768E+03    5.92482E+17   1.741281454E+00  -3.820431E-01   1.942625649E+00
   109    9673.775760   9.553159E-13   1.585163E+03    3.36924E+17   1.741281454E+00  -3.820430E-01   1.942625649E+00
   110    9673.777752   6.958242E-13   1.154670E+03    1.91594E+17   1.741281454E+00  -3.820429E-01   1.942625649E+00
   111    9673.779306   5.251846E-13   8.723609E+02    1.07493E+17   1.741281454E+00  -3.820428E-01   1.942625649E+00
   112    9673.780461   3.963916E-13   6.590743E+02    6.03083E+16   1.741281454E+00  -3.820427E-01   1.942625649E+00
   113    9673.781319   2.991830E-13   4.979349E+02    3.38356E+16   1.741281454E+00  -3.820427E-01   1.942625649E+00
   114    9673.781955   2.258132E-13   3.761930E+02    1.89833E+16   1.741281454E+00  -3.820426E-01   1.942625649E+00
   115    9673.782428   1.704362E-13   2.842162E+02    1.06505E+16   1.741281454E+00  -3.820426E-01   1.942625649E+00
   116    9673.782779   1.286395E-13   2.147272E+02    5.97539E+15   1.741281454E+00  -3.820426E-01   1.942625649E+00
   117    9673.783040   9.948841E-14   1.658981E+02    3.32511E+15   1.741281454E+00  -3.820426E-01   1.942625649E+00
   118    9673.783228   7.702195E-14   1.282914E+02    1.84899E+15   1.741281454E+00  -3.820425E-01   1.942625649E+00
   119    9673.783363   5.962887E-14   9.920964E+01    1.02817E+15   1.741281454E+00  -3.820425E-01   1.942625649E+00
   120    9673.783460   4.616348E-14   7.672027E+01    5.71730E+14   1.741281454E+00  -3.820425E-01   1.942625649E+00
   121    9673.783530   3.573885E-14   5.932892E+01    3.17921E+14   1.741281454E+00  -3.820425E-01   1.942625649E+00
   122    9673.783580   2.766831E-14   4.587992E+01    1.76786E+14   1.741281454E+00  -3.820425E-01   1.942625649E+00
   123    9673.783616   2.174093E-14   3.604104E+01    9.77477E+13   1.741281454E+00  -3.820425E-01   1.942625649E+00
   124    9673.783642   1.709906E-14   2.833979E+01    5.40050E+13   1.741281454E+00  -3.820425E-01   1.942625649E+00
   125    9673.783660   1.344827E-14   2.228415E+01    2.98375E+13   1.741281454E+00  -3.820425E-01   1.942625649E+00
   126    9673.783672   1.057695E-14   1.752247E+01    1.64850E+13   1.741281454E+00  -3.820425E-01   1.942625649E+00
   127    9673.783681   9.274081E-15   1.536825E+01    8.84291E+12   1.741281454E+00  -3.820425E-01   1.942625649E+00
   128    9673.783686   8.451696E-15   1.401211E+01    4.60160E+12   1.741281454E+00  -3.820425E-01   1.942625649E+00
   129    9673.783689   7.702237E-15   1.277563E+01    2.39455E+12   1.741281454E+00  -3.820425E-01   1.942625649E+00
   130    9673.783691   7.019236E-15   1.164827E+01    1.24605E+12   1.741281454E+00  -3.820425E-01   1.942625649E+00
   131    9673.783692   6.396631E-15   1.061588E+01    6.48523E+11   1.741281454E+00  -3.820425E-01   1.942625649E+00
   132    9673.783693   5.829250E-15   9.674811E+00    3.37536E+11   1.741281454E+00  -3.820425E-01   1.942625649E+00
   133    9673.783693   5.312195E-15   8.817164E+00    1.75677E+11   1.741281454E+00  -3.820425E-01   1.942625649E+00
   134    9673.783693   4.903294E-15   8.138823E+00    9.12583E+10   1.741281454E+00  -3.820425E-01   1.942625649E+00
   135    9673.783693   4.857981E-15   8.063299E+00    4.58177E+10   1.741281454E+00  -3.820425E-01   1.942625649E+00
   136    9673.783693   4.813087E-15   7.988475E+00    2.30035E+10   1.741281454E+00  -3.820425E-01   1.942625649E+00
   137    9673.783693   4.768608E-15   7.914346E+00    1.15493E+10   1.741281454E+00  -3.820425E-01   1.942625649E+00
   138    9673.783693   4.752724E-15   7.890303E+00    5.78583E+09   1.741281454E+00  -3.820425E-01   1.942625649E+00
   139    9673.783693   4.743696E-15   7.878267E+00    2.89487E+09   1.741281454E+00  -3.820425E-01   1.942625649E+00
   140    9673.783693   4.734685E-15   7.866250E+00    1.44842E+09   1.741281454E+00  -3.820425E-01   1.942625649E+00
   141    9673.783693   4.725664E-15   7.851324E+00    7.24743E+08   1.741281454E+00  -3.820425E-01   1.942625649E+00
