6    241    179          Itext Imax Icore 

      Mag field EoS B32 (2104.05950) with crust from APR 

   Rho           Press        nbar          Ye          Ymu          Yn            Yp         Yla           Ysm         Ys0          Ysp          mstp          mstn        mstla        mstsm        msts0        mstsp 
  g/cm3        dyne/cm2      #/fm3       [A_cell]     [A_ion]        [Z] 

2.411554E+15 1.169000E+36 1.056400E+00 4.718778E-02 1.073921E-02 1.992952E-01 2.326439E-01 2.459304E-01 1.747169E-01 8.948659E-02 0.000000E+00 1.082636E-01 1.082636E-01 0.000000E+00 0.000000E+00 0.000000E+00 0.000000E+00
2.374803E+15 1.146217E+36 1.041803E+00 4.937722E-02 9.470187E-03 1.967166E-01 2.330043E-01 2.479276E-01 1.741569E-01 8.934714E-02 0.000000E+00 1.097509E-01 1.097509E-01 0.000000E+00 0.000000E+00 0.000000E+00 0.000000E+00
2.338627E+15 1.123772E+36 1.027407E+00 5.134284E-02 9.947812E-03 1.935263E-01 2.353254E-01 2.484915E-01 1.740347E-01 8.733143E-02 0.000000E+00 1.112577E-01 1.112577E-01 0.000000E+00 0.000000E+00 0.000000E+00 0.000000E+00
2.303016E+15 1.101655E+36 1.013211E+00 5.306861E-02 1.116435E-02 1.912957E-01 2.384206E-01 2.485949E-01 1.741876E-01 8.326817E-02 0.000000E+00 1.127844E-01 1.127844E-01 0.000000E+00 0.000000E+00 0.000000E+00 0.000000E+00
2.267961E+15 1.079866E+36 9.992104E-01 5.459906E-02 1.252170E-02 1.905320E-01 2.415642E-01 2.487740E-01 1.744435E-01 7.756552E-02 0.000000E+00 1.143311E-01 1.143311E-01 0.000000E+00 0.000000E+00 0.000000E+00 0.000000E+00
2.233452E+15 1.058399E+36 9.854035E-01 5.599657E-02 1.371617E-02 1.910646E-01 2.443629E-01 2.492782E-01 1.746502E-01 7.093128E-02 0.000000E+00 1.158981E-01 1.158981E-01 0.000000E+00 0.000000E+00 0.000000E+00 0.000000E+00
2.199480E+15 1.037250E+36 9.717874E-01 5.732297E-02 1.462259E-02 1.925061E-01 2.466356E-01 2.501658E-01 1.746900E-01 6.405694E-02 0.000000E+00 1.174857E-01 1.174857E-01 0.000000E+00 0.000000E+00 0.000000E+00 0.000000E+00
2.166037E+15 1.016415E+36 9.583594E-01 5.862918E-02 1.522401E-02 1.945419E-01 2.483355E-01 2.513873E-01 1.744823E-01 5.739983E-02 0.000000E+00 1.190939E-01 1.190939E-01 0.000000E+00 0.000000E+00 0.000000E+00 0.000000E+00
2.133113E+15 9.958889E+35 9.451169E-01 5.995141E-02 1.556172E-02 1.970404E-01 2.495037E-01 2.528374E-01 1.739906E-01 5.111468E-02 0.000000E+00 1.207232E-01 1.207232E-01 0.000000E+00 0.000000E+00 0.000000E+00 0.000000E+00
2.100699E+15 9.756688E+35 9.320574E-01 6.131037E-02 1.570654E-02 2.000579E-01 2.502213E-01 2.543877E-01 1.732044E-01 4.511179E-02 0.000000E+00 1.223736E-01 1.223736E-01 0.000000E+00 0.000000E+00 0.000000E+00 0.000000E+00
2.068789E+15 9.557504E+35 9.191784E-01 6.271206E-02 1.573678E-02 2.037136E-01 2.505920E-01 2.559034E-01 1.721432E-01 3.919896E-02 0.000000E+00 1.240454E-01 1.240454E-01 0.000000E+00 0.000000E+00 0.000000E+00 0.000000E+00
2.037372E+15 9.361299E+35 9.064773E-01 6.415197E-02 1.572205E-02 2.080848E-01 2.507124E-01 2.572632E-01 1.708384E-01 3.322717E-02 0.000000E+00 1.257389E-01 1.257389E-01 0.000000E+00 0.000000E+00 0.000000E+00 0.000000E+00
2.006441E+15 9.168037E+35 8.939518E-01 6.561841E-02 1.571858E-02 2.131043E-01 2.506719E-01 2.583666E-01 1.693349E-01 2.718524E-02 0.000000E+00 1.274543E-01 1.274543E-01 0.000000E+00 0.000000E+00 0.000000E+00 0.000000E+00
1.975988E+15 8.959768E+35 8.815993E-01 6.709594E-02 1.576947E-02 2.185880E-01 2.505396E-01 2.591292E-01 1.676742E-01 2.120357E-02 0.000000E+00 1.291918E-01 1.291918E-01 0.000000E+00 0.000000E+00 0.000000E+00 0.000000E+00
1.946005E+15 8.742113E+35 8.694175E-01 6.856571E-02 1.590106E-02 2.242993E-01 2.503642E-01 2.595005E-01 1.658974E-01 1.547192E-02 0.000000E+00 1.309517E-01 1.309517E-01 0.000000E+00 0.000000E+00 0.000000E+00 0.000000E+00
1.916486E+15 8.557457E+35 8.574040E-01 7.001034E-02 1.612356E-02 2.301087E-01 2.501715E-01 2.594299E-01 1.640376E-01 1.011836E-02 0.000000E+00 1.327342E-01 1.327342E-01 0.000000E+00 0.000000E+00 0.000000E+00 0.000000E+00
1.887421E+15 8.375596E+35 8.455566E-01 7.141323E-02 1.644210E-02 2.359915E-01 2.499730E-01 2.589095E-01 1.621176E-01 5.153085E-03 0.000000E+00 1.345394E-01 1.345394E-01 0.000000E+00 0.000000E+00 0.000000E+00 0.000000E+00
1.858805E+15 8.196502E+35 8.338728E-01 7.276215E-02 1.684494E-02 2.419402E-01 2.497571E-01 2.579367E-01 1.601500E-01 6.089726E-04 0.000000E+00 1.363678E-01 1.363678E-01 0.000000E+00 0.000000E+00 0.000000E+00 0.000000E+00
1.830630E+15 8.020140E+35 8.223505E-01 7.404679E-02 1.731998E-02 2.441949E-01 2.495038E-01 2.565194E-01 1.581370E-01 2.781712E-04 0.000000E+00 1.382194E-01 1.382194E-01 0.000000E+00 0.000000E+00 0.000000E+00 0.000000E+00
1.802890E+15 7.846480E+35 8.109874E-01 7.526155E-02 1.784842E-02 2.466843E-01 2.491822E-01 2.546731E-01 1.560722E-01 2.781712E-04 0.000000E+00 1.400945E-01 1.400945E-01 0.000000E+00 0.000000E+00 0.000000E+00 0.000000E+00
1.775577E+15 7.675491E+35 7.997813E-01 7.640315E-02 1.841152E-02 2.497751E-01 2.487567E-01 2.524334E-01 1.539420E-01 2.781712E-04 0.000000E+00 1.419934E-01 1.419934E-01 0.000000E+00 0.000000E+00 0.000000E+00 0.000000E+00
1.748685E+15 7.507141E+35 7.887300E-01 7.747356E-02 1.898924E-02 2.535064E-01 2.481909E-01 2.498337E-01 1.517281E-01 2.781712E-04 0.000000E+00 1.439163E-01 1.439163E-01 0.000000E+00 0.000000E+00 0.000000E+00 0.000000E+00
1.722208E+15 7.341401E+35 7.778315E-01 7.847309E-02 1.956425E-02 2.579165E-01 2.474471E-01 2.469111E-01 1.494098E-01 2.781712E-04 0.000000E+00 1.458634E-01 1.458634E-01 0.000000E+00 0.000000E+00 0.000000E+00 0.000000E+00
1.696140E+15 7.178241E+35 7.670835E-01 7.940972E-02 2.012106E-02 2.630267E-01 2.464951E-01 2.437049E-01 1.469643E-01 2.781712E-04 0.000000E+00 1.478349E-01 1.478349E-01 0.000000E+00 0.000000E+00 0.000000E+00 0.000000E+00
1.670473E+15 7.017629E+35 7.564841E-01 8.028868E-02 2.064728E-02 2.688511E-01 2.453082E-01 2.402543E-01 1.443722E-01 2.781712E-04 0.000000E+00 1.498312E-01 1.498312E-01 0.000000E+00 0.000000E+00 0.000000E+00 0.000000E+00
1.645202E+15 6.859545E+35 7.460311E-01 8.111661E-02 2.113306E-02 2.753849E-01 2.438694E-01 2.365982E-01 1.416197E-01 2.781712E-04 0.000000E+00 1.518523E-01 1.518523E-01 0.000000E+00 0.000000E+00 0.000000E+00 0.000000E+00
1.620320E+15 6.703951E+35 7.357226E-01 8.190247E-02 2.157397E-02 2.826133E-01 2.421675E-01 2.327735E-01 1.386911E-01 2.781712E-04 0.000000E+00 1.538986E-01 1.538986E-01 0.000000E+00 0.000000E+00 0.000000E+00 0.000000E+00
1.595822E+15 6.550818E+35 7.255565E-01 8.265341E-02 2.196764E-02 2.905017E-01 2.402040E-01 2.288121E-01 1.355829E-01 2.781712E-04 0.000000E+00 1.559702E-01 1.559702E-01 0.000000E+00 0.000000E+00 0.000000E+00 0.000000E+00
1.571702E+15 6.400124E+35 7.155309E-01 8.337603E-02 2.231425E-02 2.990091E-01 2.379827E-01 2.247474E-01 1.322924E-01 2.781712E-04 0.000000E+00 1.580674E-01 1.580674E-01 0.000000E+00 0.000000E+00 0.000000E+00 0.000000E+00
1.547954E+15 6.251848E+35 7.056438E-01 8.407625E-02 2.261631E-02 3.080758E-01 2.355185E-01 2.206091E-01 1.288259E-01 2.781712E-04 0.000000E+00 1.601905E-01 1.601905E-01 0.000000E+00 0.000000E+00 0.000000E+00 0.000000E+00
1.524572E+15 6.105954E+35 6.958933E-01 8.475940E-02 2.288050E-02 3.176420E-01 2.328288E-01 2.164223E-01 1.251889E-01 2.781712E-04 0.000000E+00 1.623396E-01 1.623396E-01 0.000000E+00 0.000000E+00 0.000000E+00 0.000000E+00
1.501551E+15 5.962409E+35 6.862775E-01 8.542912E-02 2.311396E-02 3.276315E-01 2.299420E-01 2.122064E-01 1.213989E-01 2.781712E-04 0.000000E+00 1.645149E-01 1.645149E-01 0.000000E+00 0.000000E+00 0.000000E+00 0.000000E+00
1.478884E+15 5.821197E+35 6.767947E-01 8.608781E-02 2.332503E-02 3.379768E-01 2.268816E-01 2.079819E-01 1.174687E-01 2.781712E-04 0.000000E+00 1.667167E-01 1.667167E-01 0.000000E+00 0.000000E+00 0.000000E+00 0.000000E+00
1.456567E+15 5.682299E+35 6.674428E-01 8.673658E-02 2.352288E-02 3.486089E-01 2.236740E-01 2.037650E-01 1.134145E-01 2.781712E-04 0.000000E+00 1.689452E-01 1.689452E-01 0.000000E+00 0.000000E+00 0.000000E+00 0.000000E+00
1.434594E+15 5.545676E+35 6.582202E-01 8.737533E-02 2.371706E-02 3.594600E-01 2.203479E-01 1.995661E-01 1.092555E-01 2.781712E-04 0.000000E+00 1.712006E-01 1.712006E-01 0.000000E+00 0.000000E+00 0.000000E+00 0.000000E+00
1.412958E+15 5.411296E+35 6.491250E-01 8.800282E-02 2.391703E-02 3.704711E-01 2.169265E-01 1.953978E-01 1.050066E-01 2.781712E-04 0.000000E+00 1.734831E-01 1.734831E-01 0.000000E+00 0.000000E+00 0.000000E+00 0.000000E+00
1.391657E+15 5.279143E+35 6.401555E-01 8.861681E-02 2.413185E-02 3.815977E-01 2.134289E-01 1.912663E-01 1.006802E-01 2.781712E-04 0.000000E+00 1.757929E-01 1.757929E-01 0.000000E+00 0.000000E+00 0.000000E+00 0.000000E+00
1.370683E+15 5.149210E+35 6.313100E-01 8.921425E-02 2.436983E-02 3.928050E-01 2.098691E-01 1.871786E-01 9.628504E-02 2.781712E-04 0.000000E+00 1.781303E-01 1.781303E-01 0.000000E+00 0.000000E+00 0.000000E+00 0.000000E+00
1.350031E+15 5.021450E+35 6.225866E-01 8.979147E-02 2.463826E-02 4.040739E-01 2.062550E-01 1.831380E-01 9.182523E-02 2.781712E-04 0.000000E+00 1.804954E-01 1.804954E-01 0.000000E+00 0.000000E+00 0.000000E+00 0.000000E+00
1.329698E+15 4.895845E+35 6.139838E-01 9.034441E-02 2.494326E-02 4.153993E-01 2.025875E-01 1.791476E-01 8.729979E-02 2.781712E-04 0.000000E+00 1.828884E-01 1.828884E-01 0.000000E+00 0.000000E+00 0.000000E+00 0.000000E+00
1.309675E+15 4.772357E+35 6.054999E-01 9.086876E-02 2.528960E-02 4.267914E-01 1.988608E-01 1.752088E-01 8.270246E-02 2.781712E-04 0.000000E+00 1.853095E-01 1.853095E-01 0.000000E+00 0.000000E+00 0.000000E+00 0.000000E+00
1.289961E+15 4.650980E+35 5.971332E-01 9.135902E-02 2.568281E-02 4.382719E-01 1.950639E-01 1.713222E-01 7.802204E-02 2.781712E-04 0.000000E+00 1.877589E-01 1.877589E-01 0.000000E+00 0.000000E+00 0.000000E+00 0.000000E+00
1.270548E+15 4.531688E+35 5.888821E-01 9.181100E-02 2.612431E-02 4.498771E-01 1.911785E-01 1.674878E-01 7.324318E-02 2.781712E-04 0.000000E+00 1.902368E-01 1.902368E-01 0.000000E+00 0.000000E+00 0.000000E+00 0.000000E+00
1.251434E+15 4.414473E+35 5.807450E-01 9.222113E-02 2.661391E-02 4.616513E-01 1.871827E-01 1.637050E-01 6.834770E-02 2.781712E-04 0.000000E+00 1.927434E-01 1.927434E-01 0.000000E+00 0.000000E+00 0.000000E+00 0.000000E+00
1.232611E+15 4.299285E+35 5.727204E-01 9.258601E-02 2.715085E-02 4.736423E-01 1.830532E-01 1.599731E-01 6.331634E-02 2.781712E-04 0.000000E+00 1.952788E-01 1.952788E-01 0.000000E+00 0.000000E+00 0.000000E+00 0.000000E+00
1.214077E+15 4.186114E+35 5.648066E-01 9.290159E-02 2.773454E-02 4.859035E-01 1.787636E-01 1.562912E-01 5.812743E-02 2.781712E-04 0.000000E+00 1.978432E-01 1.978432E-01 0.000000E+00 0.000000E+00 0.000000E+00 0.000000E+00
1.195825E+15 4.074932E+35 5.570022E-01 9.316264E-02 2.836441E-02 4.984860E-01 1.742888E-01 1.526582E-01 5.276178E-02 2.781712E-04 0.000000E+00 2.004368E-01 2.004368E-01 0.000000E+00 0.000000E+00 0.000000E+00 0.000000E+00
1.177851E+15 3.965720E+35 5.493056E-01 9.337066E-02 2.903272E-02 5.114111E-01 1.696189E-01 1.490730E-01 4.721548E-02 2.781712E-04 0.000000E+00 2.030597E-01 2.030597E-01 0.000000E+00 0.000000E+00 0.000000E+00 0.000000E+00
1.160153E+15 3.858464E+35 5.417154E-01 9.352422E-02 2.973527E-02 5.246981E-01 1.647445E-01 1.455348E-01 4.148497E-02 2.781712E-04 0.000000E+00 2.057121E-01 2.057121E-01 0.000000E+00 0.000000E+00 0.000000E+00 0.000000E+00
1.142722E+15 3.753137E+35 5.342301E-01 9.361689E-02 3.047040E-02 5.383530E-01 1.596632E-01 1.420424E-01 3.557589E-02 2.781712E-04 0.000000E+00 2.083941E-01 2.083941E-01 0.000000E+00 0.000000E+00 0.000000E+00 0.000000E+00
1.125557E+15 3.649744E+35 5.268482E-01 9.365545E-02 3.122717E-02 5.523073E-01 1.544098E-01 1.385950E-01 2.952716E-02 2.781712E-04 0.000000E+00 2.111059E-01 2.111059E-01 0.000000E+00 0.000000E+00 0.000000E+00 0.000000E+00
1.108654E+15 3.548247E+35 5.195683E-01 9.363676E-02 3.200145E-02 5.665024E-01 1.490141E-01 1.351913E-01 2.337589E-02 2.781712E-04 0.000000E+00 2.138476E-01 2.138476E-01 0.000000E+00 0.000000E+00 0.000000E+00 0.000000E+00
1.092005E+15 3.448613E+35 5.123890E-01 9.356209E-02 3.278572E-02 5.807858E-01 1.435530E-01 1.318300E-01 1.720524E-02 2.781712E-04 0.000000E+00 2.166193E-01 2.166193E-01 0.000000E+00 0.000000E+00 0.000000E+00 0.000000E+00
1.075609E+15 3.350839E+35 5.053089E-01 9.343660E-02 3.357222E-02 5.949647E-01 1.381239E-01 1.285093E-01 1.111511E-02 2.781712E-04 0.000000E+00 2.194212E-01 2.194212E-01 0.000000E+00 0.000000E+00 0.000000E+00 0.000000E+00
1.059462E+15 3.254908E+35 4.983266E-01 9.325694E-02 3.435429E-02 6.087955E-01 1.328497E-01 1.252269E-01 5.238481E-03 2.781712E-04 0.000000E+00 2.222533E-01 2.222533E-01 0.000000E+00 0.000000E+00 0.000000E+00 0.000000E+00
1.043559E+15 3.160796E+35 4.914408E-01 9.303339E-02 3.512451E-02 6.218980E-01 1.279220E-01 1.219799E-01 -2.359167E-04 2.781712E-04 0.000000E+00 2.251157E-01 2.251157E-01 0.000000E+00 0.000000E+00 0.000000E+00 0.000000E+00
1.027895E+15 3.068484E+35 4.846501E-01 9.276183E-02 3.587472E-02 6.271827E-01 1.268875E-01 1.187642E-01 -1.749042E-03 2.781712E-04 0.000000E+00 2.280086E-01 2.280086E-01 0.000000E+00 0.000000E+00 0.000000E+00 0.000000E+00
1.012467E+15 2.977964E+35 4.779533E-01 9.245325E-02 3.659993E-02 6.295388E-01 1.273041E-01 1.155747E-01 -1.749042E-03 2.781712E-04 0.000000E+00 2.309320E-01 2.309320E-01 0.000000E+00 0.000000E+00 0.000000E+00 0.000000E+00
9.972723E+14 2.889222E+35 4.713490E-01 9.210637E-02 3.729098E-02 6.320200E-01 1.276483E-01 1.124052E-01 -1.749042E-03 2.781712E-04 0.000000E+00 2.338860E-01 2.338860E-01 0.000000E+00 0.000000E+00 0.000000E+00 0.000000E+00
9.823065E+14 2.802241E+35 4.648360E-01 9.172913E-02 3.794401E-02 6.346258E-01 1.279241E-01 1.092478E-01 -1.749042E-03 2.781712E-04 0.000000E+00 2.368706E-01 2.368706E-01 0.000000E+00 0.000000E+00 0.000000E+00 0.000000E+00
9.675650E+14 2.717003E+35 4.584130E-01 9.132538E-02 3.855284E-02 6.373707E-01 1.281292E-01 1.060928E-01 -1.749042E-03 2.781712E-04 0.000000E+00 2.398860E-01 2.398860E-01 0.000000E+00 0.000000E+00 0.000000E+00 0.000000E+00
9.530442E+14 2.633493E+35 4.520787E-01 9.089795E-02 3.910967E-02 6.402802E-01 1.282586E-01 1.029245E-01 -1.749042E-03 2.781712E-04 0.000000E+00 2.429321E-01 2.429321E-01 0.000000E+00 0.000000E+00 0.000000E+00 0.000000E+00
9.387414E+14 2.551703E+35 4.458320E-01 9.045472E-02 3.961554E-02 6.433477E-01 1.283212E-01 9.973170E-02 -1.749042E-03 2.781712E-04 0.000000E+00 2.460090E-01 2.460090E-01 0.000000E+00 0.000000E+00 0.000000E+00 0.000000E+00
9.246530E+14 2.471620E+35 4.396715E-01 8.999745E-02 4.005985E-02 6.466063E-01 1.283083E-01 9.649899E-02 -1.749042E-03 2.781712E-04 0.000000E+00 2.491167E-01 2.491167E-01 0.000000E+00 0.000000E+00 0.000000E+00 0.000000E+00
9.107757E+14 2.393232E+35 4.335962E-01 8.953191E-02 4.044236E-02 6.500684E-01 1.282252E-01 9.320302E-02 -1.749042E-03 2.781712E-04 0.000000E+00 2.522552E-01 2.522552E-01 0.000000E+00 0.000000E+00 0.000000E+00 0.000000E+00
8.971060E+14 2.316526E+35 4.276048E-01 8.906286E-02 4.076383E-02 6.537495E-01 1.280776E-01 8.981699E-02 -1.749042E-03 2.781712E-04 0.000000E+00 2.554245E-01 2.554245E-01 0.000000E+00 0.000000E+00 0.000000E+00 0.000000E+00
8.836407E+14 2.241489E+35 4.216963E-01 8.859347E-02 4.101624E-02 6.576747E-01 1.278607E-01 8.632577E-02 -1.749042E-03 2.781712E-04 0.000000E+00 2.586246E-01 2.586246E-01 0.000000E+00 0.000000E+00 0.000000E+00 0.000000E+00
8.703765E+14 2.168110E+35 4.158693E-01 8.812783E-02 4.119849E-02 6.618797E-01 1.275773E-01 8.268761E-02 -1.749042E-03 2.781712E-04 0.000000E+00 2.618554E-01 2.618554E-01 0.000000E+00 0.000000E+00 0.000000E+00 0.000000E+00
8.573102E+14 2.096376E+35 4.101229E-01 8.766942E-02 4.131480E-02 6.663803E-01 1.272352E-01 7.887114E-02 -1.749042E-03 2.781712E-04 0.000000E+00 2.651170E-01 2.651170E-01 0.000000E+00 0.000000E+00 0.000000E+00 0.000000E+00
8.444387E+14 2.026277E+35 4.044559E-01 8.722098E-02 4.136470E-02 6.711931E-01 1.268366E-01 7.485547E-02 -1.749042E-03 2.781712E-04 0.000000E+00 2.684093E-01 2.684093E-01 0.000000E+00 0.000000E+00 0.000000E+00 0.000000E+00
8.317590E+14 1.957798E+35 3.988672E-01 8.678576E-02 4.134201E-02 6.764043E-01 1.263787E-01 7.056005E-02 -1.749042E-03 2.781712E-04 0.000000E+00 2.717322E-01 2.717322E-01 0.000000E+00 0.000000E+00 0.000000E+00 0.000000E+00
8.192681E+14 1.890929E+35 3.933557E-01 8.636598E-02 4.124987E-02 6.819913E-01 1.258668E-01 6.599690E-02 -1.749042E-03 2.781712E-04 0.000000E+00 2.750856E-01 2.750856E-01 0.000000E+00 0.000000E+00 0.000000E+00 0.000000E+00
8.069631E+14 1.825655E+35 3.879204E-01 8.596290E-02 4.109332E-02 6.880661E-01 1.253072E-01 6.104138E-02 -1.749042E-03 2.781712E-04 0.000000E+00 2.784694E-01 2.784694E-01 0.000000E+00 0.000000E+00 0.000000E+00 0.000000E+00
7.948412E+14 1.761963E+35 3.825602E-01 8.557785E-02 4.087390E-02 6.945862E-01 1.247027E-01 5.573027E-02 -1.749042E-03 2.781712E-04 0.000000E+00 2.818836E-01 2.818836E-01 0.000000E+00 0.000000E+00 0.000000E+00 0.000000E+00
7.828996E+14 1.699844E+35 3.772740E-01 8.521174E-02 4.059355E-02 7.017121E-01 1.240562E-01 4.989723E-02 -1.749042E-03 2.781712E-04 0.000000E+00 2.853279E-01 2.853279E-01 0.000000E+00 0.000000E+00 0.000000E+00 0.000000E+00
7.711356E+14 1.639391E+35 3.720609E-01 8.486514E-02 4.025460E-02 7.093832E-01 1.233707E-01 4.359725E-02 -1.749042E-03 2.781712E-04 0.000000E+00 2.888023E-01 2.888023E-01 0.000000E+00 0.000000E+00 0.000000E+00 0.000000E+00
7.595465E+14 1.580496E+35 3.669198E-01 8.453950E-02 3.985480E-02 7.177852E-01 1.226453E-01 3.664609E-02 -1.749042E-03 2.781712E-04 0.000000E+00 2.923066E-01 2.923066E-01 0.000000E+00 0.000000E+00 0.000000E+00 0.000000E+00
7.481298E+14 1.523143E+35 3.618498E-01 8.423335E-02 3.940222E-02 7.268808E-01 1.218865E-01 2.906797E-02 -1.749042E-03 2.781712E-04 0.000000E+00 2.958406E-01 2.958406E-01 0.000000E+00 0.000000E+00 0.000000E+00 0.000000E+00
7.368829E+14 1.467312E+35 3.568498E-01 8.394582E-02 3.890107E-02 7.367737E-01 1.210978E-01 2.075240E-02 -1.749042E-03 2.781712E-04 0.000000E+00 2.994042E-01 2.994042E-01 0.000000E+00 0.000000E+00 0.000000E+00 0.000000E+00
7.258034E+14 1.412982E+35 3.519189E-01 8.367587E-02 3.835497E-02 7.475879E-01 1.202818E-01 1.157034E-02 -1.749042E-03 2.781712E-04 0.000000E+00 3.029971E-01 3.029971E-01 0.000000E+00 0.000000E+00 0.000000E+00 0.000000E+00
7.148889E+14 1.360129E+35 3.470562E-01 8.342216E-02 3.776772E-02 7.592841E-01 1.194408E-01 1.556000E-03 -1.749042E-03 2.781712E-04 0.000000E+00 3.066192E-01 3.066192E-01 0.000000E+00 0.000000E+00 0.000000E+00 0.000000E+00
7.041369E+14 1.308966E+35 3.422606E-01 8.318302E-02 3.714329E-02 7.620622E-01 1.185773E-01 5.050610E-04 -1.749042E-03 2.781712E-04 0.000000E+00 3.102701E-01 3.102701E-01 0.000000E+00 0.000000E+00 0.000000E+00 0.000000E+00
6.935442E+14 1.259273E+35 3.375313E-01 8.295650E-02 3.648577E-02 7.638303E-01 1.176932E-01 5.050610E-04 -1.749042E-03 2.781712E-04 0.000000E+00 3.139496E-01 3.139496E-01 0.000000E+00 0.000000E+00 0.000000E+00 0.000000E+00
6.831078E+14 1.211004E+35 3.328673E-01 8.274042E-02 3.579933E-02 7.656354E-01 1.167907E-01 5.050610E-04 -1.749042E-03 2.781712E-04 0.000000E+00 3.176575E-01 3.176575E-01 0.000000E+00 0.000000E+00 0.000000E+00 0.000000E+00
6.728269E+14 1.164128E+35 3.282678E-01 8.253237E-02 3.508817E-02 7.674738E-01 1.158715E-01 5.050610E-04 -1.749042E-03 2.781712E-04 0.000000E+00 3.213935E-01 3.213935E-01 0.000000E+00 0.000000E+00 0.000000E+00 0.000000E+00
6.626995E+14 1.118846E+35 3.237319E-01 8.232979E-02 3.435649E-02 7.693423E-01 1.149372E-01 5.050610E-04 -1.749042E-03 2.781712E-04 0.000000E+00 3.251572E-01 3.251572E-01 0.000000E+00 0.000000E+00 0.000000E+00 0.000000E+00
6.527234E+14 1.075068E+35 3.192586E-01 8.212998E-02 3.360842E-02 7.712381E-01 1.139894E-01 5.050610E-04 -1.749042E-03 2.781712E-04 0.000000E+00 3.289484E-01 3.289484E-01 0.000000E+00 0.000000E+00 0.000000E+00 0.000000E+00
6.428966E+14 1.032608E+35 3.148471E-01 8.193018E-02 3.284801E-02 7.731585E-01 1.130291E-01 5.050610E-04 -1.749042E-03 2.781712E-04 0.000000E+00 3.327667E-01 3.327667E-01 0.000000E+00 0.000000E+00 0.000000E+00 0.000000E+00
6.332138E+14 9.914615E+34 3.104966E-01 8.172758E-02 3.207918E-02 7.751013E-01 1.120577E-01 5.050610E-04 -1.749042E-03 2.781712E-04 0.000000E+00 3.366117E-01 3.366117E-01 0.000000E+00 0.000000E+00 0.000000E+00 0.000000E+00
6.236752E+14 9.520104E+34 3.062062E-01 8.151940E-02 3.130568E-02 7.770647E-01 1.110760E-01 5.050610E-04 -1.749042E-03 2.781712E-04 0.000000E+00 3.404830E-01 3.404830E-01 0.000000E+00 0.000000E+00 0.000000E+00 0.000000E+00
6.142797E+14 9.137682E+34 3.019751E-01 8.130292E-02 3.053105E-02 7.790469E-01 1.100849E-01 5.050610E-04 -1.749042E-03 2.781712E-04 0.000000E+00 3.443804E-01 3.443804E-01 0.000000E+00 0.000000E+00 0.000000E+00 0.000000E+00
6.050255E+14 8.767473E+34 2.978025E-01 8.107554E-02 2.975861E-02 7.810466E-01 1.090851E-01 5.050610E-04 -1.749042E-03 2.781712E-04 0.000000E+00 3.483032E-01 3.483032E-01 0.000000E+00 0.000000E+00 0.000000E+00 0.000000E+00
5.959080E+14 8.414133E+34 2.936875E-01 8.083481E-02 2.899140E-02 7.830624E-01 1.080772E-01 5.050610E-04 -1.749042E-03 2.781712E-04 0.000000E+00 3.522512E-01 3.522512E-01 0.000000E+00 0.000000E+00 0.000000E+00 0.000000E+00
5.869254E+14 8.071202E+34 2.896294E-01 8.057756E-02 2.823224E-02 7.850952E-01 1.070608E-01 5.050610E-04 -1.749042E-03 2.781712E-04 0.000000E+00 3.562239E-01 3.562239E-01 0.000000E+00 0.000000E+00 0.000000E+00 0.000000E+00
5.780783E+14 7.741971E+34 2.856273E-01 8.029912E-02 2.748430E-02 7.871480E-01 1.060344E-01 5.050610E-04 -1.749042E-03 2.781712E-04 0.000000E+00 3.602208E-01 3.602208E-01 0.000000E+00 0.000000E+00 0.000000E+00 0.000000E+00
5.693651E+14 7.426568E+34 2.816806E-01 7.999961E-02 2.675015E-02 7.892153E-01 1.050007E-01 5.050610E-04 -1.749042E-03 2.781712E-04 0.000000E+00 3.642414E-01 3.642414E-01 0.000000E+00 0.000000E+00 0.000000E+00 0.000000E+00
5.607787E+14 7.120050E+34 2.777883E-01 7.967737E-02 2.603175E-02 7.912966E-01 1.039601E-01 5.050610E-04 -1.749042E-03 2.781712E-04 0.000000E+00 3.682852E-01 3.682852E-01 0.000000E+00 0.000000E+00 0.000000E+00 0.000000E+00
5.523217E+14 6.830832E+34 2.739499E-01 7.933111E-02 2.533074E-02 7.933912E-01 1.029128E-01 5.050610E-04 -1.749042E-03 2.781712E-04 0.000000E+00 3.723516E-01 3.723516E-01 0.000000E+00 0.000000E+00 0.000000E+00 0.000000E+00
5.439933E+14 6.548500E+34 2.701645E-01 7.895985E-02 2.464843E-02 7.954983E-01 1.018592E-01 5.050610E-04 -1.749042E-03 2.781712E-04 0.000000E+00 3.764403E-01 3.764403E-01 0.000000E+00 0.000000E+00 0.000000E+00 0.000000E+00
5.357877E+14 6.282494E+34 2.664314E-01 7.856299E-02 2.398583E-02 7.976172E-01 1.007998E-01 5.050610E-04 -1.749042E-03 2.781712E-04 0.000000E+00 3.805505E-01 3.805505E-01 0.000000E+00 0.000000E+00 0.000000E+00 0.000000E+00
5.277046E+14 6.023323E+34 2.627499E-01 7.813075E-02 2.334733E-02 7.997587E-01 9.972904E-02 5.050610E-04 -1.749042E-03 2.781712E-04 0.000000E+00 3.846817E-01 3.846817E-01 0.000000E+00 0.000000E+00 0.000000E+00 0.000000E+00
5.197451E+14 5.779365E+34 2.591193E-01 7.766881E-02 2.273162E-02 8.019140E-01 9.865139E-02 5.050610E-04 -1.749042E-03 2.781712E-04 0.000000E+00 3.888334E-01 3.888334E-01 0.000000E+00 0.000000E+00 0.000000E+00 0.000000E+00
5.119030E+14 5.541414E+34 2.555388E-01 7.717922E-02 2.213817E-02 8.040801E-01 9.756835E-02 5.050610E-04 -1.749042E-03 2.781712E-04 0.000000E+00 3.930048E-01 3.930048E-01 0.000000E+00 0.000000E+00 0.000000E+00 0.000000E+00
5.041785E+14 5.318961E+34 2.520078E-01 7.666274E-02 2.156680E-02 8.062558E-01 9.648051E-02 5.050610E-04 -1.749042E-03 2.781712E-04 0.000000E+00 3.971955E-01 3.971955E-01 0.000000E+00 0.000000E+00 0.000000E+00 0.000000E+00
4.965731E+14 5.099934E+34 2.485256E-01 7.611622E-02 2.101898E-02 8.084445E-01 9.538615E-02 5.050610E-04 -1.749042E-03 2.781712E-04 0.000000E+00 4.014047E-01 4.014047E-01 0.000000E+00 0.000000E+00 0.000000E+00 0.000000E+00
4.890779E+14 4.898522E+34 2.450915E-01 7.553194E-02 2.049807E-02 8.106548E-01 9.428097E-02 5.050610E-04 -1.749042E-03 2.781712E-04 0.000000E+00 4.056318E-01 4.056318E-01 0.000000E+00 0.000000E+00 0.000000E+00 0.000000E+00
4.816977E+14 4.700252E+34 2.417049E-01 7.492303E-02 1.999838E-02 8.128720E-01 9.317237E-02 5.050610E-04 -1.749042E-03 2.781712E-04 0.000000E+00 4.098761E-01 4.098761E-01 0.000000E+00 0.000000E+00 0.000000E+00 0.000000E+00
4.744294E+14 4.514670E+34 2.383650E-01 7.429133E-02 1.951896E-02 8.150943E-01 9.206125E-02 5.050610E-04 -1.749042E-03 2.781712E-04 0.000000E+00 4.141369E-01 4.141369E-01 0.000000E+00 0.000000E+00 0.000000E+00 0.000000E+00
4.672681E+14 4.336693E+34 2.350714E-01 7.363015E-02 1.906245E-02 8.173296E-01 9.094356E-02 5.050610E-04 -1.749042E-03 2.781712E-04 0.000000E+00 4.184136E-01 4.184136E-01 0.000000E+00 0.000000E+00 0.000000E+00 0.000000E+00
4.602184E+14 4.118703E+34 2.318232E-01 7.293946E-02 1.862844E-02 8.195791E-01 8.981886E-02 5.050610E-04 -1.749042E-03 2.781712E-04 0.000000E+00 4.227053E-01 4.227053E-01 0.000000E+00 0.000000E+00 0.000000E+00 0.000000E+00
4.532712E+14 3.630987E+34 2.286199E-01 7.223211E-02 1.821115E-02 8.218283E-01 8.869422E-02 5.050610E-04 -1.749042E-03 2.781712E-04 0.000000E+00 4.270115E-01 4.270115E-01 0.000000E+00 0.000000E+00 0.000000E+00 0.000000E+00
4.464314E+14 3.150816E+34 2.254609E-01 7.150831E-02 1.781025E-02 8.240777E-01 8.756952E-02 5.050610E-04 -1.749042E-03 2.781712E-04 0.000000E+00 4.313313E-01 4.313313E-01 0.000000E+00 0.000000E+00 0.000000E+00 0.000000E+00
4.396943E+14 2.690654E+34 2.223455E-01 7.075601E-02 1.742966E-02 8.263435E-01 8.643662E-02 5.050610E-04 -1.749042E-03 2.781712E-04 0.000000E+00 4.356640E-01 4.356640E-01 0.000000E+00 0.000000E+00 0.000000E+00 0.000000E+00
4.330586E+14 2.553893E+34 2.192731E-01 6.999552E-02 1.706086E-02 8.286021E-01 8.530734E-02 5.050610E-04 -1.749042E-03 2.781712E-04 0.000000E+00 4.400087E-01 4.400087E-01 0.000000E+00 0.000000E+00 0.000000E+00 0.000000E+00
4.265252E+14 2.419239E+34 2.162433E-01 6.922742E-02 1.670347E-02 8.308531E-01 8.418185E-02 5.050610E-04 -1.749042E-03 2.781712E-04 0.000000E+00 4.443649E-01 4.443649E-01 0.000000E+00 0.000000E+00 0.000000E+00 0.000000E+00
4.200879E+14 2.286567E+34 2.132552E-01 6.844232E-02 1.635900E-02 8.331122E-01 8.305227E-02 5.050610E-04 -1.749042E-03 2.781712E-04 0.000000E+00 4.487316E-01 4.487316E-01 0.000000E+00 0.000000E+00 0.000000E+00 0.000000E+00
4.137519E+14 2.169433E+34 2.103085E-01 6.765848E-02 1.602098E-02 8.353559E-01 8.193041E-02 5.050610E-04 -1.749042E-03 2.781712E-04 0.000000E+00 4.531080E-01 4.531080E-01 0.000000E+00 0.000000E+00 0.000000E+00 0.000000E+00
4.075075E+14 2.054595E+34 2.074025E-01 6.687399E-02 1.568954E-02 8.375878E-01 8.081449E-02 5.050610E-04 -1.749042E-03 2.781712E-04 0.000000E+00 4.574934E-01 4.574934E-01 0.000000E+00 0.000000E+00 0.000000E+00 0.000000E+00
4.013629E+14 1.941591E+34 2.045366E-01 6.609123E-02 1.536074E-02 8.398109E-01 7.970292E-02 5.050610E-04 -1.749042E-03 2.781712E-04 0.000000E+00 4.618869E-01 4.618869E-01 0.000000E+00 0.000000E+00 0.000000E+00 0.000000E+00
3.953061E+14 1.836970E+34 2.017104E-01 6.531800E-02 1.503395E-02 8.420110E-01 7.860290E-02 5.050610E-04 -1.749042E-03 2.781712E-04 0.000000E+00 4.662878E-01 4.662878E-01 0.000000E+00 0.000000E+00 0.000000E+00 0.000000E+00
3.893467E+14 1.740956E+34 1.989232E-01 6.455607E-02 1.470509E-02 8.441925E-01 7.751211E-02 5.050610E-04 -1.749042E-03 2.781712E-04 0.000000E+00 4.706951E-01 4.706951E-01 0.000000E+00 0.000000E+00 0.000000E+00 0.000000E+00
3.834727E+14 1.646319E+34 1.961745E-01 6.381316E-02 1.437097E-02 8.463466E-01 7.643508E-02 5.050610E-04 -1.749042E-03 2.781712E-04 0.000000E+00 4.751080E-01 4.751080E-01 0.000000E+00 0.000000E+00 0.000000E+00 0.000000E+00
3.776934E+14 1.553207E+34 1.934638E-01 6.308605E-02 1.403507E-02 8.484726E-01 7.537208E-02 5.050610E-04 -1.749042E-03 2.781712E-04 0.000000E+00 4.795258E-01 4.795258E-01 0.000000E+00 0.000000E+00 0.000000E+00 0.000000E+00
3.719966E+14 1.468383E+34 1.907905E-01 6.239583E-02 1.368127E-02 8.505607E-01 7.432806E-02 5.050610E-04 -1.749042E-03 2.781712E-04 0.000000E+00 4.839475E-01 4.839475E-01 0.000000E+00 0.000000E+00 0.000000E+00 0.000000E+00
3.663916E+14 1.391204E+34 1.881542E-01 6.172652E-02 1.332381E-02 8.526142E-01 7.330129E-02 5.050610E-04 -1.749042E-03 2.781712E-04 0.000000E+00 4.883723E-01 4.883723E-01 0.000000E+00 0.000000E+00 0.000000E+00 0.000000E+00
3.608674E+14 1.315137E+34 1.855543E-01 6.110374E-02 1.294414E-02 8.546191E-01 7.229884E-02 5.050610E-04 -1.749042E-03 2.781712E-04 0.000000E+00 4.927993E-01 4.927993E-01 0.000000E+00 0.000000E+00 0.000000E+00 0.000000E+00
3.554314E+14 1.240285E+34 1.829904E-01 6.051766E-02 1.255091E-02 8.565777E-01 7.131953E-02 5.050610E-04 -1.749042E-03 2.781712E-04 0.000000E+00 4.972278E-01 4.972278E-01 0.000000E+00 0.000000E+00 0.000000E+00 0.000000E+00
3.500752E+14 1.166531E+34 1.804619E-01 5.997715E-02 1.213804E-02 8.584845E-01 7.036614E-02 5.050610E-04 -1.749042E-03 2.781712E-04 0.000000E+00 5.016568E-01 5.016568E-01 0.000000E+00 0.000000E+00 0.000000E+00 0.000000E+00
3.448030E+14 1.104928E+34 1.779683E-01 5.949772E-02 1.169700E-02 8.603254E-01 6.944568E-02 5.050610E-04 -1.749042E-03 2.781712E-04 0.000000E+00 5.060854E-01 5.060854E-01 0.000000E+00 0.000000E+00 0.000000E+00 0.000000E+00
3.396102E+14 1.045981E+34 1.755091E-01 5.905827E-02 1.124100E-02 8.621163E-01 6.855022E-02 5.050610E-04 -1.749042E-03 2.781712E-04 0.000000E+00 5.105129E-01 5.105129E-01 0.000000E+00 0.000000E+00 0.000000E+00 0.000000E+00
3.344967E+14 9.879346E+33 1.730840E-01 5.870868E-02 1.074061E-02 8.638163E-01 6.770025E-02 5.050610E-04 -1.749042E-03 2.781712E-04 0.000000E+00 5.149384E-01 5.149384E-01 0.000000E+00 0.000000E+00 0.000000E+00 0.000000E+00
3.294629E+14 9.307922E+33 1.706923E-01 5.839077E-02 1.023091E-02 8.654715E-01 6.687264E-02 5.050610E-04 -1.749042E-03 2.781712E-04 0.000000E+00 5.193609E-01 5.193609E-01 0.000000E+00 0.000000E+00 0.000000E+00 0.000000E+00
3.245033E+14 8.744930E+33 1.683337E-01 5.819320E-02 9.660521E-03 8.670074E-01 6.610468E-02 5.050610E-04 -1.749042E-03 2.781712E-04 0.000000E+00 5.237798E-01 5.237798E-01 0.000000E+00 0.000000E+00 0.000000E+00 0.000000E+00
3.196235E+14 8.213736E+33 1.660077E-01 5.801901E-02 9.085957E-03 8.685049E-01 6.535592E-02 5.050610E-04 -1.749042E-03 2.781712E-04 0.000000E+00 5.281940E-01 5.281940E-01 0.000000E+00 0.000000E+00 0.000000E+00 0.000000E+00
3.148138E+14 7.789789E+33 1.637138E-01 5.799374E-02 8.436228E-03 8.698549E-01 6.468093E-02 5.050610E-04 -1.749042E-03 2.781712E-04 0.000000E+00 5.326028E-01 5.326028E-01 0.000000E+00 0.000000E+00 0.000000E+00 0.000000E+00
3.100807E+14 7.372592E+33 1.614517E-01 5.798721E-02 7.785047E-03 8.711703E-01 6.402322E-02 5.050610E-04 -1.749042E-03 2.781712E-04 0.000000E+00 5.370053E-01 5.370053E-01 0.000000E+00 0.000000E+00 0.000000E+00 0.000000E+00
3.054193E+14 6.961721E+33 1.592208E-01 5.815161E-02 7.048417E-03 8.723148E-01 6.345099E-02 5.050610E-04 -1.749042E-03 2.781712E-04 0.000000E+00 5.414008E-01 5.414008E-01 0.000000E+00 0.000000E+00 0.000000E+00 0.000000E+00
3.008284E+14 6.557061E+33 1.570207E-01 5.833850E-02 6.308276E-03 8.734213E-01 6.289773E-02 5.050610E-04 -1.749042E-03 2.781712E-04 0.000000E+00 5.457883E-01 5.457883E-01 0.000000E+00 0.000000E+00 0.000000E+00 0.000000E+00
2.963112E+14 6.158889E+33 1.548510E-01 5.870585E-02 5.479470E-03 8.743442E-01 6.243627E-02 5.050610E-04 -1.749042E-03 2.781712E-04 0.000000E+00 5.501671E-01 5.501671E-01 0.000000E+00 0.000000E+00 0.000000E+00 0.000000E+00
2.918584E+14 5.766407E+33 1.527113E-01 5.911375E-02 4.637466E-03 8.752124E-01 6.200217E-02 5.050610E-04 -1.749042E-03 2.781712E-04 0.000000E+00 5.545363E-01 5.545363E-01 0.000000E+00 0.000000E+00 0.000000E+00 0.000000E+00
2.874768E+14 5.380190E+33 1.506011E-01 5.924934E-02 4.357568E-03 8.755010E-01 6.185787E-02 5.050610E-04 -1.749042E-03 2.781712E-04 0.000000E+00 5.588952E-01 5.588952E-01 0.000000E+00 0.000000E+00 0.000000E+00 0.000000E+00
2.831625E+14 5.099195E+33 1.485202E-01 5.924934E-02 4.357568E-03 8.755010E-01 6.185787E-02 5.050610E-04 -1.749042E-03 2.781712E-04 0.000000E+00 5.632429E-01 5.632429E-01 0.000000E+00 0.000000E+00 0.000000E+00 0.000000E+00
2.789123E+14 4.842346E+33 1.464679E-01 5.924934E-02 4.357568E-03 8.755010E-01 6.185787E-02 5.050610E-04 -1.749042E-03 2.781712E-04 0.000000E+00 5.675787E-01 5.675787E-01 0.000000E+00 0.000000E+00 0.000000E+00 0.000000E+00
2.747301E+14 4.589606E+33 1.444441E-01 5.924934E-02 4.357568E-03 8.755010E-01 6.185787E-02 5.050610E-04 -1.749042E-03 2.781712E-04 0.000000E+00 5.719018E-01 5.719018E-01 0.000000E+00 0.000000E+00 0.000000E+00 0.000000E+00
2.706100E+14 4.340620E+33 1.424482E-01 5.924934E-02 4.357568E-03 8.755010E-01 6.185787E-02 5.050610E-04 -1.749042E-03 2.781712E-04 0.000000E+00 5.762115E-01 5.762115E-01 0.000000E+00 0.000000E+00 0.000000E+00 0.000000E+00
2.665531E+14 4.095455E+33 1.404798E-01 5.924934E-02 4.357568E-03 8.755010E-01 6.185787E-02 5.050610E-04 -1.749042E-03 2.781712E-04 0.000000E+00 5.805069E-01 5.805069E-01 0.000000E+00 0.000000E+00 0.000000E+00 0.000000E+00
2.625611E+14 3.854204E+33 1.385387E-01 5.924934E-02 4.357568E-03 8.755010E-01 6.185787E-02 5.050610E-04 -1.749042E-03 2.781712E-04 0.000000E+00 5.847875E-01 5.847875E-01 0.000000E+00 0.000000E+00 0.000000E+00 0.000000E+00
2.586269E+14 3.616457E+33 1.366244E-01 5.924934E-02 4.357568E-03 8.755010E-01 6.185787E-02 5.050610E-04 -1.749042E-03 2.781712E-04 0.000000E+00 5.890524E-01 5.890524E-01 0.000000E+00 0.000000E+00 0.000000E+00 0.000000E+00
2.547543E+14 3.382428E+33 1.347365E-01 5.924934E-02 4.357568E-03 8.755010E-01 6.185787E-02 5.050610E-04 -1.749042E-03 2.781712E-04 0.000000E+00 5.933009E-01 5.933009E-01 0.000000E+00 0.000000E+00 0.000000E+00 0.000000E+00
2.509435E+14 3.152129E+33 1.328748E-01 5.924934E-02 4.357568E-03 8.755010E-01 6.185787E-02 5.050610E-04 -1.749042E-03 2.781712E-04 0.000000E+00 5.975324E-01 5.975324E-01 0.000000E+00 0.000000E+00 0.000000E+00 0.000000E+00
2.471875E+14 2.925146E+33 1.310387E-01 5.924934E-02 4.357568E-03 8.755010E-01 6.185787E-02 5.050610E-04 -1.749042E-03 2.781712E-04 0.000000E+00 6.017461E-01 6.017461E-01 0.000000E+00 0.000000E+00 0.000000E+00 0.000000E+00
2.434906E+14 2.702181E+33 1.292281E-01 5.924934E-02 4.357568E-03 8.755010E-01 6.185787E-02 5.050610E-04 -1.749042E-03 2.781712E-04 0.000000E+00 6.059415E-01 6.059415E-01 0.000000E+00 0.000000E+00 0.000000E+00 0.000000E+00
2.398525E+14 2.609837E+33 1.274424E-01 5.924934E-02 4.357568E-03 8.755010E-01 6.185787E-02 5.050610E-04 -1.749042E-03 2.781712E-04 0.000000E+00 6.101179E-01 6.101179E-01 0.000000E+00 0.000000E+00 0.000000E+00 0.000000E+00
2.362671E+14 2.518831E+33 1.256814E-01 5.924934E-02 4.357568E-03 8.755010E-01 6.185787E-02 5.050610E-04 -1.749042E-03 2.781712E-04 0.000000E+00 6.142746E-01 6.142746E-01 0.000000E+00 0.000000E+00 0.000000E+00 0.000000E+00
2.327376E+14 2.429244E+33 1.239448E-01 5.924934E-02 4.357568E-03 8.755010E-01 6.185787E-02 5.050610E-04 -1.749042E-03 2.781712E-04 0.000000E+00 6.184110E-01 6.184110E-01 0.000000E+00 0.000000E+00 0.000000E+00 0.000000E+00
2.292642E+14 2.341080E+33 1.222321E-01 5.924934E-02 4.357568E-03 8.755010E-01 6.185787E-02 5.050610E-04 -1.749042E-03 2.781712E-04 0.000000E+00 6.225266E-01 6.225266E-01 0.000000E+00 0.000000E+00 0.000000E+00 0.000000E+00
2.258422E+14 2.254221E+33 1.205431E-01 5.924934E-02 4.357568E-03 8.755010E-01 6.185787E-02 5.050610E-04 -1.749042E-03 2.781712E-04 0.000000E+00 6.266207E-01 6.266207E-01 0.000000E+00 0.000000E+00 0.000000E+00 0.000000E+00
2.224724E+14 2.168687E+33 1.188775E-01 5.924934E-02 4.357568E-03 8.755010E-01 6.185787E-02 5.050610E-04 -1.749042E-03 2.781712E-04 0.000000E+00 6.306928E-01 6.306928E-01 0.000000E+00 0.000000E+00 0.000000E+00 0.000000E+00
2.191560E+14 2.084508E+33 1.172349E-01 5.924934E-02 4.357568E-03 8.755010E-01 6.185787E-02 5.050610E-04 -1.749042E-03 2.781712E-04 0.000000E+00 6.347423E-01 6.347423E-01 0.000000E+00 0.000000E+00 0.000000E+00 0.000000E+00
2.158905E+14 2.001622E+33 1.156149E-01 5.924934E-02 4.357568E-03 8.755010E-01 6.185787E-02 5.050610E-04 -1.749042E-03 2.781712E-04 0.000000E+00 6.387688E-01 6.387688E-01 0.000000E+00 0.000000E+00 0.000000E+00 0.000000E+00
2.126729E+14 1.919951E+33 1.140174E-01 5.924934E-02 4.357568E-03 8.755010E-01 6.185787E-02 5.050610E-04 -1.749042E-03 2.781712E-04 0.000000E+00 6.427717E-01 6.427717E-01 0.000000E+00 0.000000E+00 0.000000E+00 0.000000E+00
2.095062E+14 1.839571E+33 1.124419E-01 5.924934E-02 4.357568E-03 8.755010E-01 6.185787E-02 5.050610E-04 -1.749042E-03 2.781712E-04 0.000000E+00 6.467505E-01 6.467505E-01 0.000000E+00 0.000000E+00 0.000000E+00 0.000000E+00
2.063895E+14 1.760462E+33 1.108882E-01 5.924934E-02 4.357568E-03 8.755010E-01 6.185787E-02 5.050610E-04 -1.749042E-03 2.781712E-04 0.000000E+00 6.507048E-01 6.507048E-01 0.000000E+00 0.000000E+00 0.000000E+00 0.000000E+00
2.033181E+14 1.682501E+33 1.093560E-01 5.924934E-02 4.357568E-03 8.755010E-01 6.185787E-02 5.050610E-04 -1.749042E-03 2.781712E-04 0.000000E+00 6.546340E-01 6.546340E-01 0.000000E+00 0.000000E+00 0.000000E+00 0.000000E+00
2.002941E+14 1.605743E+33 1.078449E-01 5.924934E-02 4.357568E-03 8.755010E-01 6.185787E-02 5.050610E-04 -1.749042E-03 2.781712E-04 0.000000E+00 6.585378E-01 6.585378E-01 0.000000E+00 0.000000E+00 0.000000E+00 0.000000E+00
1.973177E+14 1.530196E+33 1.063547E-01 5.924934E-02 4.357568E-03 8.755010E-01 6.185787E-02 5.050610E-04 -1.749042E-03 2.781712E-04 0.000000E+00 6.624158E-01 6.624158E-01 0.000000E+00 0.000000E+00 0.000000E+00 0.000000E+00
1.943878E+14 1.455827E+33 1.048851E-01 5.924934E-02 4.357568E-03 8.755010E-01 6.185787E-02 5.050610E-04 -1.749042E-03 2.781712E-04 0.000000E+00 6.662675E-01 6.662675E-01 0.000000E+00 0.000000E+00 0.000000E+00 0.000000E+00
1.914998E+14 1.382523E+33 1.034359E-01 5.924934E-02 4.357568E-03 8.755010E-01 6.185787E-02 5.050610E-04 -1.749042E-03 2.781712E-04 0.000000E+00 6.700925E-01 6.700925E-01 0.000000E+00 0.000000E+00 0.000000E+00 0.000000E+00
1.886573E+14 1.310372E+33 1.020066E-01 5.924934E-02 4.357568E-03 8.755010E-01 6.185787E-02 5.050610E-04 -1.749042E-03 2.781712E-04 0.000000E+00 6.738905E-01 6.738905E-01 0.000000E+00 0.000000E+00 0.000000E+00 0.000000E+00
1.858594E+14 1.239355E+33 1.005971E-01 5.924934E-02 4.357568E-03 8.755010E-01 6.185787E-02 5.050610E-04 -1.749042E-03 2.781712E-04 0.000000E+00 6.776612E-01 6.776612E-01 0.000000E+00 0.000000E+00 0.000000E+00 0.000000E+00
1.831046E+14 1.169431E+33 9.920705E-02 5.924934E-02 4.357568E-03 8.755010E-01 6.185787E-02 5.050610E-04 -1.749042E-03 2.781712E-04 0.000000E+00 6.814042E-01 6.814042E-01 0.000000E+00 0.000000E+00 0.000000E+00 0.000000E+00
1.803896E+14 1.100519E+33 9.783622E-02 5.924934E-02 4.357568E-03 8.755010E-01 6.185787E-02 5.050610E-04 -1.749042E-03 2.781712E-04 0.000000E+00 6.851192E-01 6.851192E-01 0.000000E+00 0.000000E+00 0.000000E+00 0.000000E+00
1.777173E+14 1.032687E+33 9.648433E-02 5.924934E-02 4.357568E-03 8.755010E-01 6.185787E-02 5.050610E-04 -1.749042E-03 2.781712E-04 0.000000E+00 6.888059E-01 6.888059E-01 0.000000E+00 0.000000E+00 0.000000E+00 0.000000E+00
1.750868E+14 9.659189E+32 9.515113E-02 5.924934E-02 4.357568E-03 8.755010E-01 6.185787E-02 5.050610E-04 -1.749042E-03 2.781712E-04 0.000000E+00 6.924641E-01 6.924641E-01 0.000000E+00 0.000000E+00 0.000000E+00 0.000000E+00
1.724971E+14 9.001847E+32 9.383635E-02 5.924934E-02 4.357568E-03 8.755010E-01 6.185787E-02 5.050610E-04 -1.749042E-03 2.781712E-04 0.000000E+00 6.960934E-01 6.960934E-01 0.000000E+00 0.000000E+00 0.000000E+00 0.000000E+00
1.699444E+14 8.353910E+32 9.253973E-02 5.924934E-02 4.357568E-03 8.755010E-01 6.185787E-02 5.050610E-04 -1.749042E-03 2.781712E-04 0.000000E+00 6.996937E-01 6.996937E-01 0.000000E+00 0.000000E+00 0.000000E+00 0.000000E+00
1.674316E+14 7.716105E+32 9.126103E-02 5.924934E-02 4.357568E-03 8.755010E-01 6.185787E-02 5.050610E-04 -1.749042E-03 2.781712E-04 0.000000E+00 7.032646E-01 7.032646E-01 0.000000E+00 0.000000E+00 0.000000E+00 0.000000E+00
1.649581E+14 7.088259E+32 9.000000E-02 5.924934E-02 4.357568E-03 8.755010E-01 6.185787E-02 5.050610E-04 -1.749042E-03 2.781712E-04 0.000000E+00 7.068061E-01 7.068061E-01 0.000000E+00 0.000000E+00 0.000000E+00 0.000000E+00
   1.334E+14        6.349E+32        7.890E-02	     982     232     32
   8.011E+13        2.745E+32        4.750E-02	    1500     183     40
   3.432E+13        7.426E+31        2.040E-02	    1800     193     50
   1.496E+13        2.096E+31        8.910E-03	    1350     164     50 
   9.685E+12        1.107E+31        5.770E-03	    1100     161     50 
   6.257E+12        6.193E+30        3.730E-03	     950     159     50 
   2.665E+12        2.637E+30        1.590E-03	     500     117     40
   1.472E+12        1.695E+30        8.790E-04       320     116     40 
   1.004E+12        1.261E+30        6.000E-04	     250     116     40 
   6.692E+11        8.740E+29        4.000E-04	     200     116     40 
   5.409E+11        7.000E+29        3.234E-04	     180     116     40   \ Phase transition to the outer crust:
   3.935e+11        6.999e+29        2.355e-04       130     130     40   / pressure continuous but density jumps
   3.285e+11        5.816e+29        1.966e-04        88      88     28
   2.635e+11        4.473e+29        1.578e-04        86      86     28
   2.044e+11        3.290e+29        1.224e-04        84      84     28
   1.855e+11        2.892e+29       1.1115e-04        84      84     28
   1.711e+11        2.597e+29        1.025e-04        84      84     28
   1.390e+11        2.033e+29        8.331e-05        82      82     28
   1.076e+11        1.495e+29        6.455e-05        80      80     28
   8.335e+10        1.100e+29       5.0014e-05        78      78     28
   6.617e+10        8.089e+28        3.971e-05        78      78     28
   5.255e+10        5.949e+28       3.1545e-05        78      78     28
   4.172e+10        4.628e+28        2.506e-05        80      80     30
   3.314e+10        3.404e+28        1.990e-05        80      80     30
   2.631e+10        2.503e+28        1.581e-05        80      80     30
  2.1175e+10        1.938e+28       1.2725e-05        78      78     30
   1.660e+10        1.425e+28        9.981e-06        72      72     28
   1.273e+10        1.048e+28        7.653e-06        84      84     34
   1.011e+10        7.702e+27        6.077e-06        84      84     34
   8.025e+09        5.662e+27        4.827e-06        84      84     34
   6.602e+09        4.362e+27        3.971e-06        84      84     34
   4.074e+09        2.356e+27        2.452e-06        68      68     28
   2.570e+09        1.272e+27        1.547e-06        68      68     28
   1.621e+09        6.860e+26        9.761e-07        68      68     28
   1.288e+09        5.036e+26        7.753e-07        68      68     28
   1.045e+09        4.129e+26        6.294e-07        64      64     28
   8.301e+08        3.029e+26        5.000e-07        64      64     28
   5.237e+08        1.629e+26        3.155e-07        64      64     28
   3.304e+08        8.738e+25        1.990e-07        64      64     28
   2.624e+08        6.676e+25        1.581e-07        64      62     28
   1.315e+08        2.604e+25        7.924e-08        62      62     28
   6.589e+07        1.006e+25        3.972e-08        62      62     28
   3.302e+07        3.833e+24        1.990e-08        62      62     28
   1.655e+07        1.435e+24        9.976e-09        62      62     28
   8.293e+06        5.259e+23        5.000e-09        62      62     28
   6.588e+06        3.911e+23        3.972e-09        56      56     26
   2.622e+06        9.755e+22        1.581e-09        56      56     26
   1.044e+06        2.318e+22        6.294e-10        56      56     26
   4.156e+05        5.266e+21        2.506e-10        56      56     26
   1.654e+05        1.151e+21        9.976e-11        56      56     26
   6.587E+04        2.431E+20        3.972E-11        56      56     26
   2.622E+04        4.968E+19        1.581E-11        56      56     26
   1.044E+04        9.744E+18        6.295E-12        56      56     26
   1.150E+03        1.900E+17        6.930E-13        56      56     26
   2.120E+02        5.820E+15        1.270E-13        56      56     26
   4.510E+01        1.700E+14        2.720E-14        56      56     26
   1.640E+01        1.400E+13        9.900E-15        56      56     26
   1.160E+01        1.210E+12        6.990E-15        56      56     26
   8.150E+00        1.010E+11        4.910E-15        56      56     26
   7.900E+00        1.010E+10        4.760E-15        56      56     26
   7.860E+00        1.010E+09        4.730E-15        56      56     26
   7.800E+00        1.010E+08        4.700E-15        56      56     26




CRUST: from "Crust_EOS_Cat_HZD-NV.dat":
             Haensel-Zdunik-Dobaczewski below neutron drip
             Negele-Vautherin above neutron drip

******************************************************************************************************************************************************

CRUST-CORE BOUNDARY:the last line in the core is:

   Rho        Press       nbar       Ye
  g/cm3     dyne/cm2     #/fm3                  [A_cell]     [A_ion]      [Z]

1.5197E+14 9.2819E+32 9.0000E-02 3.1606E-02
 3.493E+13  7.311E+31  2.096E-02                  1127.        124.        26.

This garantees good match between Ye in the core (3.1606E-02) and the last one in the crust: Z= 32 A_cell=982 => Ye = 0.0326

******************************************************************************************************************************************************

These two lines are eliminated: phase transition to Pi^- condensate

 3.4147E+14 6.2938E+33 2.0000E-01 5.3463E-02 1.2461E-02 9.3408E-01 6.5924E-02 0.0000E+00 0.0000E+00 0.0000E+00 0.0000E+00 5.7017E-01 7.6464E-01 0.0000E+00 0.0000E+00 0.0000E+00 0.0000E+00
 3.2403E+14 7.7987E+33 1.9000E-01 5.2950E-02 1.1105E-02 9.3595E-01 6.4054E-02 0.0000E+00 0.0000E+00 0.0000E+00 0.0000E+00 5.8122E-01 7.7358E-01 0.0000E+00 0.0000E+00 0.0000E+00 0.0000E+00

These are the last lines calculated by Andrew Steiner, but cut-off to match with the crust:

 1.3499E+14 6.9528E+32 8.0000E-02 2.7937E-02 0.0000E+00 9.7206E-01 2.7936E-02 0.0000E+00 0.0000E+00 0.0000E+00 0.0000E+00 7.5316E-01 8.9216E-01 0.0000E+00 0.0000E+00 0.0000E+00 0.0000E+00
 1.1803e+14 5.1444e+32 7.0000e-02 2.4017e-02 0.0000e+00 9.7598e-01 2.4016e-02 0.0000e+00 0.0000e+00 0.0000e+00 0.0000e+00 7.7587e-01 9.0461e-01 0.0000e+00 0.0000e+00 0.0000e+00 0.0000e+00 
 1.0110e+14 3.7582e+32 6.0000e-02 1.9901e-02 0.0000e+00 9.8010e-01 1.9901e-02 0.0000e+00 0.0000e+00 0.0000e+00 0.0000e+00 8.0035e-01 9.1736e-01 0.0000e+00 0.0000e+00 0.0000e+00 0.0000e+00 
 8.4192e+13 2.7001e+32 5.0000e-02 1.5680e-02 0.0000e+00 9.8432e-01 1.5680e-02 0.0000e+00 0.0000e+00 0.0000e+00 0.0000e+00 8.2683e-01 9.3040e-01 0.0000e+00 0.0000e+00 0.0000e+00 0.0000e+00 
 6.7303e+13 1.8846e+32 4.0000e-02 1.1491e-02 0.0000e+00 9.8851e-01 1.1491e-02 0.0000e+00 0.0000e+00 0.0000e+00 0.0000e+00 8.5558e-01 9.4372e-01 0.0000e+00 0.0000e+00 0.0000e+00 0.0000e+00 
 5.0435e+13 1.2400e+32 3.0000e-02 7.5179e-03 0.0000e+00 9.9248e-01 7.5179e-03 0.0000e+00 0.0000e+00 0.0000e+00 0.0000e+00 8.8690e-01 9.5731e-01 0.0000e+00 0.0000e+00 0.0000e+00 0.0000e+00 
 3.3589e+13 7.1313e+31 2.0000e-02 4.0073e-03 0.0000e+00 9.9599e-01 4.0069e-03 0.0000e+00 0.0000e+00 0.0000e+00 0.0000e+00 9.2115e-01 9.7119e-01 0.0000e+00 0.0000e+00 0.0000e+00 0.0000e+00 




