6    241    179          Itext Imax Icore 

      Mag field EoS B31 (2104.05950) with crust from APR 

   Rho           Press        nbar          Ye          Ymu          Yn            Yp         Yla           Ysm         Ys0          Ysp          mstp          mstn        mstla        mstsm        msts0        mstsp 
  g/cm3        dyne/cm2      #/fm3       [A_cell]     [A_ion]        [Z] 

2.411554E+15 1.165110E+36 1.056400E+00 7.178684E-03 1.978145E-03 2.524365E-01 1.949902E-01 2.680988E-01 1.858334E-01 8.948434E-02 0.000000E+00 1.082636E-01 1.082636E-01 0.000000E+00 0.000000E+00 0.000000E+00 0.000000E+00
2.374803E+15 1.142327E+36 1.041803E+00 7.644983E-03 1.348805E-03 2.520452E-01 1.954388E-01 2.677291E-01 1.864450E-01 8.934799E-02 0.000000E+00 1.097509E-01 1.097509E-01 0.000000E+00 0.000000E+00 0.000000E+00 0.000000E+00
2.338627E+15 1.119882E+36 1.027407E+00 7.802638E-03 1.721042E-03 2.536269E-01 1.962415E-01 2.665545E-01 1.867178E-01 8.733551E-02 0.000000E+00 1.112577E-01 1.112577E-01 0.000000E+00 0.000000E+00 0.000000E+00 0.000000E+00
2.303016E+15 1.097766E+36 1.013211E+00 7.912826E-03 2.504248E-03 2.567602E-01 1.971698E-01 2.656306E-01 1.867527E-01 8.326965E-02 0.000000E+00 1.127844E-01 1.127844E-01 0.000000E+00 0.000000E+00 0.000000E+00 0.000000E+00
2.267961E+15 1.075977E+36 9.992104E-01 8.091430E-03 3.356563E-03 2.608447E-01 1.980979E-01 2.653945E-01 1.866499E-01 7.756502E-02 0.000000E+00 1.143311E-01 1.143311E-01 0.000000E+00 0.000000E+00 0.000000E+00 0.000000E+00
2.233452E+15 1.054510E+36 9.854035E-01 8.369511E-03 4.110826E-03 2.652604E-01 1.989453E-01 2.659195E-01 1.864649E-01 7.092958E-02 0.000000E+00 1.158981E-01 1.158981E-01 0.000000E+00 0.000000E+00 0.000000E+00 0.000000E+00
2.199480E+15 1.033361E+36 9.717874E-01 8.735852E-03 4.703695E-03 2.695772E-01 1.996499E-01 2.670683E-01 1.862103E-01 6.405476E-02 0.000000E+00 1.174857E-01 1.174857E-01 0.000000E+00 0.000000E+00 0.000000E+00 0.000000E+00
2.166037E+15 1.012526E+36 9.583594E-01 9.161654E-03 5.132814E-03 2.736604E-01 2.001588E-01 2.686226E-01 1.858643E-01 5.739939E-02 0.000000E+00 1.190939E-01 1.190939E-01 0.000000E+00 0.000000E+00 0.000000E+00 0.000000E+00
2.133113E+15 9.920004E+35 9.451169E-01 9.615234E-03 5.427177E-03 2.776785E-01 2.004288E-01 2.703475E-01 1.853864E-01 5.111632E-02 0.000000E+00 1.207232E-01 1.207232E-01 0.000000E+00 0.000000E+00 0.000000E+00 0.000000E+00
2.100699E+15 9.717804E+35 9.320574E-01 1.006923E-02 5.630109E-03 2.820127E-01 2.004252E-01 2.720226E-01 1.847259E-01 4.511433E-02 0.000000E+00 1.223736E-01 1.223736E-01 0.000000E+00 0.000000E+00 0.000000E+00 0.000000E+00
2.068789E+15 9.518621E+35 9.191784E-01 1.050487E-02 5.786530E-03 2.870601E-01 2.001350E-01 2.734696E-01 1.838436E-01 3.920036E-02 0.000000E+00 1.240454E-01 1.240454E-01 0.000000E+00 0.000000E+00 0.000000E+00 0.000000E+00
2.037372E+15 9.322417E+35 9.064773E-01 1.091237E-02 5.934549E-03 2.931080E-01 1.995573E-01 2.745504E-01 1.827104E-01 3.322698E-02 0.000000E+00 1.257389E-01 1.257389E-01 0.000000E+00 0.000000E+00 0.000000E+00 0.000000E+00
2.006441E+15 9.129156E+35 8.939518E-01 1.128957E-02 6.103243E-03 3.002234E-01 1.987062E-01 2.751803E-01 1.813133E-01 2.718404E-02 0.000000E+00 1.274543E-01 1.274543E-01 0.000000E+00 0.000000E+00 0.000000E+00 0.000000E+00
1.975988E+15 8.938790E+35 8.815993E-01 1.163962E-02 6.313627E-03 3.082738E-01 1.976094E-01 2.753044E-01 1.796561E-01 2.120297E-02 0.000000E+00 1.291918E-01 1.291918E-01 0.000000E+00 0.000000E+00 0.000000E+00 0.000000E+00
1.946005E+15 8.751300E+35 8.694175E-01 1.197068E-02 6.576189E-03 3.169998E-01 1.963044E-01 2.749184E-01 1.777576E-01 1.547298E-02 0.000000E+00 1.309517E-01 1.309517E-01 0.000000E+00 0.000000E+00 0.000000E+00 0.000000E+00
1.916486E+15 8.566645E+35 8.574040E-01 1.229258E-02 6.892464E-03 3.261968E-01 1.948329E-01 2.740171E-01 1.756478E-01 1.012029E-02 0.000000E+00 1.327342E-01 1.327342E-01 0.000000E+00 0.000000E+00 0.000000E+00 0.000000E+00
1.887421E+15 8.384784E+35 8.455566E-01 1.261589E-02 7.261543E-03 3.357199E-01 1.932418E-01 2.726435E-01 1.733644E-01 5.153047E-03 0.000000E+00 1.345394E-01 1.345394E-01 0.000000E+00 0.000000E+00 0.000000E+00 0.000000E+00
1.858805E+15 8.205690E+35 8.338728E-01 1.295018E-02 7.673393E-03 3.446209E-01 1.915708E-01 2.708394E-01 1.709473E-01 1.398105E-03 0.000000E+00 1.363678E-01 1.363678E-01 0.000000E+00 0.000000E+00 0.000000E+00 0.000000E+00
1.830630E+15 8.006230E+35 8.223505E-01 1.330405E-02 8.118498E-03 3.502343E-01 1.898579E-01 2.686519E-01 1.684353E-01 1.398105E-03 0.000000E+00 1.382194E-01 1.382194E-01 0.000000E+00 0.000000E+00 0.000000E+00 0.000000E+00
1.802890E+15 7.832570E+35 8.109874E-01 1.368359E-02 8.584400E-03 3.562105E-01 1.881307E-01 2.661301E-01 1.658627E-01 1.398105E-03 0.000000E+00 1.400945E-01 1.400945E-01 0.000000E+00 0.000000E+00 0.000000E+00 0.000000E+00
1.775577E+15 7.661581E+35 7.997813E-01 1.409331E-02 9.059340E-03 3.624532E-01 1.864083E-01 2.633320E-01 1.632557E-01 1.398105E-03 0.000000E+00 1.419934E-01 1.419934E-01 0.000000E+00 0.000000E+00 0.000000E+00 0.000000E+00
1.748685E+15 7.493231E+35 7.887300E-01 1.453417E-02 9.531919E-03 3.688924E-01 1.847012E-01 2.603071E-01 1.606351E-01 1.398105E-03 0.000000E+00 1.439163E-01 1.439163E-01 0.000000E+00 0.000000E+00 0.000000E+00 0.000000E+00
1.722208E+15 7.327491E+35 7.778315E-01 1.500804E-02 9.992287E-03 3.754779E-01 1.830117E-01 2.571006E-01 1.580114E-01 1.398105E-03 0.000000E+00 1.458634E-01 1.458634E-01 0.000000E+00 0.000000E+00 0.000000E+00 0.000000E+00
1.696140E+15 7.164331E+35 7.670835E-01 1.551122E-02 1.043312E-02 3.821879E-01 1.813306E-01 2.537527E-01 1.553863E-01 1.398105E-03 0.000000E+00 1.478349E-01 1.478349E-01 0.000000E+00 0.000000E+00 0.000000E+00 0.000000E+00
1.670473E+15 7.003719E+35 7.564841E-01 1.604172E-02 1.084867E-02 3.890112E-01 1.796462E-01 2.502982E-01 1.527558E-01 1.398105E-03 0.000000E+00 1.498312E-01 1.498312E-01 0.000000E+00 0.000000E+00 0.000000E+00 0.000000E+00
1.645202E+15 6.845634E+35 7.460311E-01 1.659646E-02 1.123509E-02 3.959577E-01 1.779391E-01 2.467661E-01 1.501075E-01 1.398105E-03 0.000000E+00 1.518523E-01 1.518523E-01 0.000000E+00 0.000000E+00 0.000000E+00 0.000000E+00
1.620320E+15 6.690038E+35 7.357226E-01 1.717027E-02 1.159208E-02 4.030435E-01 1.761894E-01 2.431797E-01 1.474270E-01 1.398105E-03 0.000000E+00 1.538986E-01 1.538986E-01 0.000000E+00 0.000000E+00 0.000000E+00 0.000000E+00
1.595822E+15 6.536904E+35 7.255565E-01 1.775927E-02 1.192042E-02 4.102936E-01 1.743762E-01 2.395560E-01 1.446965E-01 1.398105E-03 0.000000E+00 1.559702E-01 1.559702E-01 0.000000E+00 0.000000E+00 0.000000E+00 0.000000E+00
1.571702E+15 6.386209E+35 7.155309E-01 1.835998E-02 1.222239E-02 4.177386E-01 1.724770E-01 2.359092E-01 1.418947E-01 1.398105E-03 0.000000E+00 1.580674E-01 1.580674E-01 0.000000E+00 0.000000E+00 0.000000E+00 0.000000E+00
1.547954E+15 6.237932E+35 7.056438E-01 1.896957E-02 1.250167E-02 4.253985E-01 1.704771E-01 2.322492E-01 1.390059E-01 1.398105E-03 0.000000E+00 1.601905E-01 1.601905E-01 0.000000E+00 0.000000E+00 0.000000E+00 0.000000E+00
1.524572E+15 6.092036E+35 6.958933E-01 1.958519E-02 1.276398E-02 4.332936E-01 1.683632E-01 2.285818E-01 1.360141E-01 1.398105E-03 0.000000E+00 1.623396E-01 1.623396E-01 0.000000E+00 0.000000E+00 0.000000E+00 0.000000E+00
1.501551E+15 5.948490E+35 6.862775E-01 2.020553E-02 1.301515E-02 4.414398E-01 1.661269E-01 2.249083E-01 1.329062E-01 1.398105E-03 0.000000E+00 1.645149E-01 1.645149E-01 0.000000E+00 0.000000E+00 0.000000E+00 0.000000E+00
1.478884E+15 5.807275E+35 6.767947E-01 2.083029E-02 1.326148E-02 4.498441E-01 1.637640E-01 2.212299E-01 1.296722E-01 1.398105E-03 0.000000E+00 1.667167E-01 1.667167E-01 0.000000E+00 0.000000E+00 0.000000E+00 0.000000E+00
1.456567E+15 5.668375E+35 6.674428E-01 2.146018E-02 1.350950E-02 4.585010E-01 1.612773E-01 2.175462E-01 1.263076E-01 1.398105E-03 0.000000E+00 1.689452E-01 1.689452E-01 0.000000E+00 0.000000E+00 0.000000E+00 0.000000E+00
1.434594E+15 5.531750E+35 6.582202E-01 2.209692E-02 1.376564E-02 4.673999E-01 1.586756E-01 2.138509E-01 1.228130E-01 1.398105E-03 0.000000E+00 1.712006E-01 1.712006E-01 0.000000E+00 0.000000E+00 0.000000E+00 0.000000E+00
1.412958E+15 5.397368E+35 6.491250E-01 2.274315E-02 1.403601E-02 4.765161E-01 1.559708E-01 2.101441E-01 1.191917E-01 1.398105E-03 0.000000E+00 1.734831E-01 1.734831E-01 0.000000E+00 0.000000E+00 0.000000E+00 0.000000E+00
1.391657E+15 5.265213E+35 6.401555E-01 2.340227E-02 1.432622E-02 4.858267E-01 1.531788E-01 2.064176E-01 1.154503E-01 1.398105E-03 0.000000E+00 1.757929E-01 1.757929E-01 0.000000E+00 0.000000E+00 0.000000E+00 0.000000E+00
1.370683E+15 5.135275E+35 6.313100E-01 2.407834E-02 1.464113E-02 4.952970E-01 1.503170E-01 2.026708E-01 1.115976E-01 1.398105E-03 0.000000E+00 1.781303E-01 1.781303E-01 0.000000E+00 0.000000E+00 0.000000E+00 0.000000E+00
1.350031E+15 5.007512E+35 6.225866E-01 2.477586E-02 1.498481E-02 5.049022E-01 1.474029E-01 1.988938E-01 1.076423E-01 1.398105E-03 0.000000E+00 1.804954E-01 1.804954E-01 0.000000E+00 0.000000E+00 0.000000E+00 0.000000E+00
1.329698E+15 4.881904E+35 6.139838E-01 2.549955E-02 1.536042E-02 5.146006E-01 1.444568E-01 1.950876E-01 1.035968E-01 1.398105E-03 0.000000E+00 1.828884E-01 1.828884E-01 0.000000E+00 0.000000E+00 0.000000E+00 0.000000E+00
1.309675E+15 4.758413E+35 6.054999E-01 2.625418E-02 1.577013E-02 5.243650E-01 1.414957E-01 1.912456E-01 9.947135E-02 1.398105E-03 0.000000E+00 1.853095E-01 1.853095E-01 0.000000E+00 0.000000E+00 0.000000E+00 0.000000E+00
1.289961E+15 4.637033E+35 5.971332E-01 2.704645E-02 1.621690E-02 5.341623E-01 1.385375E-01 1.873646E-01 9.527417E-02 1.398105E-03 0.000000E+00 1.877589E-01 1.877589E-01 0.000000E+00 0.000000E+00 0.000000E+00 0.000000E+00
1.270548E+15 4.517734E+35 5.888821E-01 2.788043E-02 1.670044E-02 5.439762E-01 1.355902E-01 1.834453E-01 9.100938E-02 1.398105E-03 0.000000E+00 1.902368E-01 1.902368E-01 0.000000E+00 0.000000E+00 0.000000E+00 0.000000E+00
1.251434E+15 4.400515E+35 5.807450E-01 2.875944E-02 1.721952E-02 5.538039E-01 1.326562E-01 1.794855E-01 8.667727E-02 1.398105E-03 0.000000E+00 1.927434E-01 1.927434E-01 0.000000E+00 0.000000E+00 0.000000E+00 0.000000E+00
1.232611E+15 4.285322E+35 5.727204E-01 2.968675E-02 1.777267E-02 5.636404E-01 1.297395E-01 1.754825E-01 8.228007E-02 1.398105E-03 0.000000E+00 1.952788E-01 1.952788E-01 0.000000E+00 0.000000E+00 0.000000E+00 0.000000E+00
1.214077E+15 4.172147E+35 5.648066E-01 3.066668E-02 1.835874E-02 5.734916E-01 1.268346E-01 1.714411E-01 7.780918E-02 1.398105E-03 0.000000E+00 1.978432E-01 1.978432E-01 0.000000E+00 0.000000E+00 0.000000E+00 0.000000E+00
1.195825E+15 4.060961E+35 5.570022E-01 3.170511E-02 1.897669E-02 5.833642E-01 1.239369E-01 1.673638E-01 7.325514E-02 1.398105E-03 0.000000E+00 2.004368E-01 2.004368E-01 0.000000E+00 0.000000E+00 0.000000E+00 0.000000E+00
1.177851E+15 3.951743E+35 5.493056E-01 3.279853E-02 1.962039E-02 5.932923E-01 1.210279E-01 1.632539E-01 6.860896E-02 1.398105E-03 0.000000E+00 2.030597E-01 2.030597E-01 0.000000E+00 0.000000E+00 0.000000E+00 0.000000E+00
1.160153E+15 3.844482E+35 5.417154E-01 3.394789E-02 2.028650E-02 6.033173E-01 1.180844E-01 1.591159E-01 6.384996E-02 1.398105E-03 0.000000E+00 2.057121E-01 2.057121E-01 0.000000E+00 0.000000E+00 0.000000E+00 0.000000E+00
1.142722E+15 3.739144E+35 5.342301E-01 3.516079E-02 2.097362E-02 6.134375E-01 1.151045E-01 1.549555E-01 5.897007E-02 1.398105E-03 0.000000E+00 2.083941E-01 2.083941E-01 0.000000E+00 0.000000E+00 0.000000E+00 0.000000E+00
1.125557E+15 3.635745E+35 5.268482E-01 3.642716E-02 2.167384E-02 6.237225E-01 1.120502E-01 1.507790E-01 5.394917E-02 1.398105E-03 0.000000E+00 2.111059E-01 2.111059E-01 0.000000E+00 0.000000E+00 0.000000E+00 0.000000E+00
1.108654E+15 3.534241E+35 5.195683E-01 3.775029E-02 2.238423E-02 6.341817E-01 1.089132E-01 1.465937E-01 4.877870E-02 1.398105E-03 0.000000E+00 2.138476E-01 2.138476E-01 0.000000E+00 0.000000E+00 0.000000E+00 0.000000E+00
1.092005E+15 3.434601E+35 5.123890E-01 3.912758E-02 2.309959E-02 6.448224E-01 1.056859E-01 1.424077E-01 4.345871E-02 1.398105E-03 0.000000E+00 2.166193E-01 2.166193E-01 0.000000E+00 0.000000E+00 0.000000E+00 0.000000E+00
1.075609E+15 3.336819E+35 5.053089E-01 4.055156E-02 2.381460E-02 6.556858E-01 1.023437E-01 1.382287E-01 3.797753E-02 1.398105E-03 0.000000E+00 2.194212E-01 2.194212E-01 0.000000E+00 0.000000E+00 0.000000E+00 0.000000E+00
1.059462E+15 3.240880E+35 4.983266E-01 4.202541E-02 2.452489E-02 6.667110E-01 9.891314E-02 1.340646E-01 3.236284E-02 1.398105E-03 0.000000E+00 2.222533E-01 2.222533E-01 0.000000E+00 0.000000E+00 0.000000E+00 0.000000E+00
1.043559E+15 3.146760E+35 4.914408E-01 4.353540E-02 2.522545E-02 6.778728E-01 9.540304E-02 1.299230E-01 2.664219E-02 1.398105E-03 0.000000E+00 2.251157E-01 2.251157E-01 0.000000E+00 0.000000E+00 0.000000E+00 0.000000E+00
1.027895E+15 3.054440E+35 4.846501E-01 4.508517E-02 2.591108E-02 6.890807E-01 9.185520E-02 1.258108E-01 2.085895E-02 1.398105E-03 0.000000E+00 2.280086E-01 2.280086E-01 0.000000E+00 0.000000E+00 0.000000E+00 0.000000E+00
1.012467E+15 2.963911E+35 4.779533E-01 4.666041E-02 2.657847E-02 7.002215E-01 8.832344E-02 1.217335E-01 1.508456E-02 1.398105E-03 0.000000E+00 2.309320E-01 2.309320E-01 0.000000E+00 0.000000E+00 0.000000E+00 0.000000E+00
9.972723E+14 2.875159E+35 4.713490E-01 4.826078E-02 2.722184E-02 7.111077E-01 8.489944E-02 1.176953E-01 9.416814E-03 1.398105E-03 0.000000E+00 2.338860E-01 2.338860E-01 0.000000E+00 0.000000E+00 0.000000E+00 0.000000E+00
9.823065E+14 2.788168E+35 4.648360E-01 4.987564E-02 2.783872E-02 7.215152E-01 8.169412E-02 1.136984E-01 3.979762E-03 1.398105E-03 0.000000E+00 2.368706E-01 2.368706E-01 0.000000E+00 0.000000E+00 0.000000E+00 0.000000E+00
9.675650E+14 2.702920E+35 4.584130E-01 5.149867E-02 2.842521E-02 7.311480E-01 7.885549E-02 1.097429E-01 -1.068383E-03 1.398105E-03 0.000000E+00 2.398860E-01 2.398860E-01 0.000000E+00 0.000000E+00 0.000000E+00 0.000000E+00
9.530442E+14 2.619399E+35 4.520787E-01 5.312408E-02 2.897646E-02 7.320684E-01 8.035422E-02 1.058251E-01 -1.746321E-03 1.398105E-03 0.000000E+00 2.429321E-01 2.429321E-01 0.000000E+00 0.000000E+00 0.000000E+00 0.000000E+00
9.387414E+14 2.537597E+35 4.458320E-01 5.474201E-02 2.949311E-02 7.316845E-01 8.248880E-02 1.019398E-01 -1.746321E-03 1.398105E-03 0.000000E+00 2.460090E-01 2.460090E-01 0.000000E+00 0.000000E+00 0.000000E+00 0.000000E+00
9.246530E+14 2.457502E+35 4.396715E-01 5.634666E-02 2.996857E-02 7.313857E-01 8.456890E-02 9.807836E-02 -1.746321E-03 1.398105E-03 0.000000E+00 2.491167E-01 2.491167E-01 0.000000E+00 0.000000E+00 0.000000E+00 0.000000E+00
9.107757E+14 2.379101E+35 4.335962E-01 5.792990E-02 3.040267E-02 7.312031E-01 8.658625E-02 9.422628E-02 -1.746321E-03 1.398105E-03 0.000000E+00 2.522552E-01 2.522552E-01 0.000000E+00 0.000000E+00 0.000000E+00 0.000000E+00
8.971060E+14 2.302381E+35 4.276048E-01 5.948510E-02 3.079592E-02 7.311691E-01 8.853470E-02 9.036338E-02 -1.746321E-03 1.398105E-03 0.000000E+00 2.554245E-01 2.554245E-01 0.000000E+00 0.000000E+00 0.000000E+00 0.000000E+00
8.836407E+14 2.227329E+35 4.216963E-01 6.100429E-02 3.114325E-02 7.313266E-01 9.040122E-02 8.647281E-02 -1.746321E-03 1.398105E-03 0.000000E+00 2.586246E-01 2.586246E-01 0.000000E+00 0.000000E+00 0.000000E+00 0.000000E+00
8.703765E+14 2.153935E+35 4.158693E-01 6.248032E-02 3.144394E-02 7.317257E-01 9.217793E-02 8.252032E-02 -1.746321E-03 1.398105E-03 0.000000E+00 2.618554E-01 2.618554E-01 0.000000E+00 0.000000E+00 0.000000E+00 0.000000E+00
8.573102E+14 2.082186E+35 4.101229E-01 6.390872E-02 3.170056E-02 7.324032E-01 9.386296E-02 7.847278E-02 -1.746321E-03 1.398105E-03 0.000000E+00 2.651170E-01 2.651170E-01 0.000000E+00 0.000000E+00 0.000000E+00 0.000000E+00
8.444387E+14 2.012068E+35 4.044559E-01 6.528405E-02 3.191275E-02 7.333977E-01 9.545048E-02 7.430321E-02 -1.746321E-03 1.398105E-03 0.000000E+00 2.684093E-01 2.684093E-01 0.000000E+00 0.000000E+00 0.000000E+00 0.000000E+00
8.317590E+14 1.943572E+35 3.988672E-01 6.659687E-02 3.207644E-02 7.348118E-01 9.692699E-02 6.993607E-02 -1.746321E-03 1.398105E-03 0.000000E+00 2.717322E-01 2.717322E-01 0.000000E+00 0.000000E+00 0.000000E+00 0.000000E+00
8.192681E+14 1.876683E+35 3.933557E-01 6.784306E-02 3.219342E-02 7.366568E-01 9.829016E-02 6.536480E-02 -1.746321E-03 1.398105E-03 0.000000E+00 2.750856E-01 2.750856E-01 0.000000E+00 0.000000E+00 0.000000E+00 0.000000E+00
8.069631E+14 1.811389E+35 3.879204E-01 6.902073E-02 3.226670E-02 7.390522E-01 9.954111E-02 6.046746E-02 -1.746321E-03 1.398105E-03 0.000000E+00 2.784694E-01 2.784694E-01 0.000000E+00 0.000000E+00 0.000000E+00 0.000000E+00
7.948412E+14 1.747676E+35 3.825602E-01 7.012602E-02 3.229699E-02 7.419910E-01 1.006767E-01 5.525756E-02 -1.746321E-03 1.398105E-03 0.000000E+00 2.818836E-01 2.818836E-01 0.000000E+00 0.000000E+00 0.000000E+00 0.000000E+00
7.828996E+14 1.685557E+35 3.772740E-01 7.115550E-02 3.228523E-02 7.456507E-01 1.016944E-01 4.956234E-02 -1.746321E-03 1.398105E-03 0.000000E+00 2.853279E-01 2.853279E-01 0.000000E+00 0.000000E+00 0.000000E+00 0.000000E+00
7.711356E+14 1.625081E+35 3.720609E-01 7.210625E-02 3.223260E-02 7.500037E-01 1.025925E-01 4.341315E-02 -1.746321E-03 1.398105E-03 0.000000E+00 2.888023E-01 2.888023E-01 0.000000E+00 0.000000E+00 0.000000E+00 0.000000E+00
7.595465E+14 1.566162E+35 3.669198E-01 7.296981E-02 3.213710E-02 7.552752E-01 1.033606E-01 3.660551E-02 -1.746321E-03 1.398105E-03 0.000000E+00 2.923066E-01 2.923066E-01 0.000000E+00 0.000000E+00 0.000000E+00 0.000000E+00
7.481298E+14 1.508784E+35 3.618498E-01 7.374950E-02 3.200356E-02 7.614476E-01 1.040067E-01 2.914079E-02 -1.746321E-03 1.398105E-03 0.000000E+00 2.958406E-01 2.958406E-01 0.000000E+00 0.000000E+00 0.000000E+00 0.000000E+00
7.368829E+14 1.452926E+35 3.568498E-01 7.444514E-02 3.183424E-02 7.686562E-01 1.045331E-01 2.087961E-02 -1.746321E-03 1.398105E-03 0.000000E+00 2.994042E-01 2.994042E-01 0.000000E+00 0.000000E+00 0.000000E+00 0.000000E+00
7.258034E+14 1.398567E+35 3.519189E-01 7.505610E-02 3.163100E-02 7.770636E-01 1.049408E-01 1.165671E-02 -1.746321E-03 1.398105E-03 0.000000E+00 3.029971E-01 3.029971E-01 0.000000E+00 0.000000E+00 0.000000E+00 0.000000E+00
7.148889E+14 1.345702E+35 3.470562E-01 7.558231E-02 3.139575E-02 7.866536E-01 1.052317E-01 1.484841E-03 -1.746321E-03 1.398105E-03 0.000000E+00 3.066192E-01 3.066192E-01 0.000000E+00 0.000000E+00 0.000000E+00 0.000000E+00
7.041369E+14 1.294521E+35 3.422606E-01 7.602423E-02 3.113054E-02 7.873710E-01 1.054084E-01 4.140055E-04 -1.746321E-03 1.398105E-03 0.000000E+00 3.102701E-01 3.102701E-01 0.000000E+00 0.000000E+00 0.000000E+00 0.000000E+00
6.935442E+14 1.244796E+35 3.375313E-01 7.638282E-02 3.083744E-02 7.872400E-01 1.054739E-01 4.140055E-04 -1.746321E-03 1.398105E-03 0.000000E+00 3.139496E-01 3.139496E-01 0.000000E+00 0.000000E+00 0.000000E+00 0.000000E+00
6.831078E+14 1.196493E+35 3.328673E-01 7.665957E-02 3.051861E-02 7.873242E-01 1.054319E-01 4.140055E-04 -1.746321E-03 1.398105E-03 0.000000E+00 3.176575E-01 3.176575E-01 0.000000E+00 0.000000E+00 0.000000E+00 0.000000E+00
6.728269E+14 1.149580E+35 3.282678E-01 7.685645E-02 3.017619E-02 7.876152E-01 1.052863E-01 4.140055E-04 -1.746321E-03 1.398105E-03 0.000000E+00 3.213935E-01 3.213935E-01 0.000000E+00 0.000000E+00 0.000000E+00 0.000000E+00
6.626995E+14 1.104299E+35 3.237319E-01 7.697588E-02 2.981235E-02 7.881041E-01 1.050419E-01 4.140055E-04 -1.746321E-03 1.398105E-03 0.000000E+00 3.251572E-01 3.251572E-01 0.000000E+00 0.000000E+00 0.000000E+00 0.000000E+00
6.527234E+14 1.060483E+35 3.192586E-01 7.702069E-02 2.942924E-02 7.887807E-01 1.047036E-01 4.140055E-04 -1.746321E-03 1.398105E-03 0.000000E+00 3.289484E-01 3.289484E-01 0.000000E+00 0.000000E+00 0.000000E+00 0.000000E+00
6.428966E+14 1.017982E+35 3.148471E-01 7.699411E-02 2.902896E-02 7.896344E-01 1.042767E-01 4.140055E-04 -1.746321E-03 1.398105E-03 0.000000E+00 3.327667E-01 3.327667E-01 0.000000E+00 0.000000E+00 0.000000E+00 0.000000E+00
6.332138E+14 9.768350E+34 3.104966E-01 7.689967E-02 2.861357E-02 7.906540E-01 1.037669E-01 4.140055E-04 -1.746321E-03 1.398105E-03 0.000000E+00 3.366117E-01 3.366117E-01 0.000000E+00 0.000000E+00 0.000000E+00 0.000000E+00
6.236752E+14 9.373408E+34 3.062062E-01 7.674122E-02 2.818507E-02 7.918279E-01 1.031800E-01 4.140055E-04 -1.746321E-03 1.398105E-03 0.000000E+00 3.404830E-01 3.404830E-01 0.000000E+00 0.000000E+00 0.000000E+00 0.000000E+00
6.142797E+14 8.990529E+34 3.019751E-01 7.652283E-02 2.774536E-02 7.931441E-01 1.025219E-01 4.140055E-04 -1.746321E-03 1.398105E-03 0.000000E+00 3.443804E-01 3.443804E-01 0.000000E+00 0.000000E+00 0.000000E+00 0.000000E+00
6.050255E+14 8.620320E+34 2.978025E-01 7.624875E-02 2.729625E-02 7.945905E-01 1.017987E-01 4.140055E-04 -1.746321E-03 1.398105E-03 0.000000E+00 3.483032E-01 3.483032E-01 0.000000E+00 0.000000E+00 0.000000E+00 0.000000E+00
5.959080E+14 8.266496E+34 2.936875E-01 7.592336E-02 2.683944E-02 7.961549E-01 1.010165E-01 4.140055E-04 -1.746321E-03 1.398105E-03 0.000000E+00 3.522512E-01 3.522512E-01 0.000000E+00 0.000000E+00 0.000000E+00 0.000000E+00
5.869254E+14 7.923054E+34 2.896294E-01 7.554912E-02 2.637608E-02 7.978301E-01 1.001789E-01 4.140055E-04 -1.746321E-03 1.398105E-03 0.000000E+00 3.562239E-01 3.562239E-01 0.000000E+00 0.000000E+00 0.000000E+00 0.000000E+00
5.780783E+14 7.593823E+34 2.856273E-01 7.512702E-02 2.590693E-02 7.996126E-01 9.928763E-02 4.140055E-04 -1.746321E-03 1.398105E-03 0.000000E+00 3.602208E-01 3.602208E-01 0.000000E+00 0.000000E+00 0.000000E+00 0.000000E+00
5.693651E+14 7.277880E+34 2.816806E-01 7.466734E-02 2.543475E-02 8.014764E-01 9.835576E-02 4.140055E-04 -1.746321E-03 1.398105E-03 0.000000E+00 3.642414E-01 3.642414E-01 0.000000E+00 0.000000E+00 0.000000E+00 0.000000E+00
5.607787E+14 6.971362E+34 2.777883E-01 7.417471E-02 2.496077E-02 8.034096E-01 9.738916E-02 4.140055E-04 -1.746321E-03 1.398105E-03 0.000000E+00 3.682852E-01 3.682852E-01 0.000000E+00 0.000000E+00 0.000000E+00 0.000000E+00
5.523217E+14 6.681574E+34 2.739499E-01 7.365362E-02 2.448613E-02 8.054010E-01 9.639343E-02 4.140055E-04 -1.746321E-03 1.398105E-03 0.000000E+00 3.723516E-01 3.723516E-01 0.000000E+00 0.000000E+00 0.000000E+00 0.000000E+00
5.439933E+14 6.398642E+34 2.701645E-01 7.310837E-02 2.401181E-02 8.074402E-01 9.537386E-02 4.140055E-04 -1.746321E-03 1.398105E-03 0.000000E+00 3.764403E-01 3.764403E-01 0.000000E+00 0.000000E+00 0.000000E+00 0.000000E+00
5.357877E+14 6.132636E+34 2.664314E-01 7.254298E-02 2.353867E-02 8.095172E-01 9.433534E-02 4.140055E-04 -1.746321E-03 1.398105E-03 0.000000E+00 3.805505E-01 3.805505E-01 0.000000E+00 0.000000E+00 0.000000E+00 0.000000E+00
5.277046E+14 5.872835E+34 2.627499E-01 7.195591E-02 2.306646E-02 8.116358E-01 9.327605E-02 4.140055E-04 -1.746321E-03 1.398105E-03 0.000000E+00 3.846817E-01 3.846817E-01 0.000000E+00 0.000000E+00 0.000000E+00 0.000000E+00
5.197451E+14 5.628877E+34 2.591193E-01 7.135697E-02 2.259696E-02 8.137727E-01 9.220760E-02 4.140055E-04 -1.746321E-03 1.398105E-03 0.000000E+00 3.888334E-01 3.888334E-01 0.000000E+00 0.000000E+00 0.000000E+00 0.000000E+00
5.119030E+14 5.381229E+34 2.555388E-01 7.075078E-02 2.213088E-02 8.159172E-01 9.113534E-02 4.140055E-04 -1.746321E-03 1.398105E-03 0.000000E+00 3.930048E-01 3.930048E-01 0.000000E+00 0.000000E+00 0.000000E+00 0.000000E+00
5.041785E+14 5.085047E+34 2.520078E-01 7.014039E-02 2.166863E-02 8.180625E-01 9.006270E-02 4.140055E-04 -1.746321E-03 1.398105E-03 0.000000E+00 3.971955E-01 3.971955E-01 0.000000E+00 0.000000E+00 0.000000E+00 0.000000E+00
4.965731E+14 4.793428E+34 2.485256E-01 6.952770E-02 2.121031E-02 8.202045E-01 8.899169E-02 4.140055E-04 -1.746321E-03 1.398105E-03 0.000000E+00 4.014047E-01 4.014047E-01 0.000000E+00 0.000000E+00 0.000000E+00 0.000000E+00
4.890779E+14 4.587665E+34 2.450915E-01 6.891573E-02 2.075588E-02 8.223373E-01 8.792529E-02 4.140055E-04 -1.746321E-03 1.398105E-03 0.000000E+00 4.056318E-01 4.056318E-01 0.000000E+00 0.000000E+00 0.000000E+00 0.000000E+00
4.816977E+14 4.389395E+34 2.417049E-01 6.830979E-02 2.030620E-02 8.244486E-01 8.686966E-02 4.140055E-04 -1.746321E-03 1.398105E-03 0.000000E+00 4.098761E-01 4.098761E-01 0.000000E+00 0.000000E+00 0.000000E+00 0.000000E+00
4.744294E+14 4.203095E+34 2.383650E-01 6.771146E-02 1.986132E-02 8.265350E-01 8.582645E-02 4.140055E-04 -1.746321E-03 1.398105E-03 0.000000E+00 4.141369E-01 4.141369E-01 0.000000E+00 0.000000E+00 0.000000E+00 0.000000E+00
4.672681E+14 4.025119E+34 2.350714E-01 6.712319E-02 1.942093E-02 8.285923E-01 8.479780E-02 4.140055E-04 -1.746321E-03 1.398105E-03 0.000000E+00 4.184136E-01 4.184136E-01 0.000000E+00 0.000000E+00 0.000000E+00 0.000000E+00
4.602184E+14 3.851142E+34 2.318232E-01 6.654904E-02 1.898489E-02 8.306127E-01 8.378761E-02 4.140055E-04 -1.746321E-03 1.398105E-03 0.000000E+00 4.227053E-01 4.227053E-01 0.000000E+00 0.000000E+00 0.000000E+00 0.000000E+00
4.532712E+14 3.692983E+34 2.286199E-01 6.598896E-02 1.855354E-02 8.325955E-01 8.279618E-02 4.140055E-04 -1.746321E-03 1.398105E-03 0.000000E+00 4.270115E-01 4.270115E-01 0.000000E+00 0.000000E+00 0.000000E+00 0.000000E+00
4.464314E+14 3.537271E+34 2.254609E-01 6.544371E-02 1.812674E-02 8.345396E-01 8.182413E-02 4.140055E-04 -1.746321E-03 1.398105E-03 0.000000E+00 4.313313E-01 4.313313E-01 0.000000E+00 0.000000E+00 0.000000E+00 0.000000E+00
4.396943E+14 3.388431E+34 2.223455E-01 6.492144E-02 1.770315E-02 8.364314E-01 8.087826E-02 4.140055E-04 -1.746321E-03 1.398105E-03 0.000000E+00 4.356640E-01 4.356640E-01 0.000000E+00 0.000000E+00 0.000000E+00 0.000000E+00
4.330586E+14 3.251669E+34 2.192731E-01 6.441662E-02 1.728360E-02 8.382801E-01 7.995390E-02 4.140055E-04 -1.746321E-03 1.398105E-03 0.000000E+00 4.400087E-01 4.400087E-01 0.000000E+00 0.000000E+00 0.000000E+00 0.000000E+00
4.265252E+14 3.117016E+34 2.162433E-01 6.392904E-02 1.686804E-02 8.400864E-01 7.905076E-02 4.140055E-04 -1.746321E-03 1.398105E-03 0.000000E+00 4.443649E-01 4.443649E-01 0.000000E+00 0.000000E+00 0.000000E+00 0.000000E+00
4.200879E+14 2.987827E+34 2.132552E-01 6.347042E-02 1.645393E-02 8.418318E-01 7.817804E-02 4.140055E-04 -1.746321E-03 1.398105E-03 0.000000E+00 4.487316E-01 4.487316E-01 0.000000E+00 0.000000E+00 0.000000E+00 0.000000E+00
4.137519E+14 2.871304E+34 2.103085E-01 6.302969E-02 1.604302E-02 8.435351E-01 7.732639E-02 4.140055E-04 -1.746321E-03 1.398105E-03 0.000000E+00 4.531080E-01 4.531080E-01 0.000000E+00 0.000000E+00 0.000000E+00 0.000000E+00
4.075075E+14 2.756466E+34 2.074025E-01 6.260929E-02 1.563464E-02 8.451927E-01 7.649761E-02 4.140055E-04 -1.746321E-03 1.398105E-03 0.000000E+00 4.574934E-01 4.574934E-01 0.000000E+00 0.000000E+00 0.000000E+00 0.000000E+00
4.013629E+14 2.643463E+34 2.045366E-01 6.221760E-02 1.522595E-02 8.467934E-01 7.569723E-02 4.140055E-04 -1.746321E-03 1.398105E-03 0.000000E+00 4.618869E-01 4.618869E-01 0.000000E+00 0.000000E+00 0.000000E+00 0.000000E+00
3.953061E+14 2.543046E+34 2.017104E-01 6.184190E-02 1.481979E-02 8.483572E-01 7.491536E-02 4.140055E-04 -1.746321E-03 1.398105E-03 0.000000E+00 4.662878E-01 4.662878E-01 0.000000E+00 0.000000E+00 0.000000E+00 0.000000E+00
3.893467E+14 2.447033E+34 1.989232E-01 6.149177E-02 1.441284E-02 8.498713E-01 7.415829E-02 4.140055E-04 -1.746321E-03 1.398105E-03 0.000000E+00 4.706951E-01 4.706951E-01 0.000000E+00 0.000000E+00 0.000000E+00 0.000000E+00
3.834727E+14 2.352395E+34 1.961745E-01 6.116266E-02 1.400522E-02 8.513448E-01 7.342156E-02 4.140055E-04 -1.746321E-03 1.398105E-03 0.000000E+00 4.751080E-01 4.751080E-01 0.000000E+00 0.000000E+00 0.000000E+00 0.000000E+00
3.776934E+14 2.259284E+34 1.934638E-01 6.084866E-02 1.359913E-02 8.527849E-01 7.270147E-02 4.140055E-04 -1.746321E-03 1.398105E-03 0.000000E+00 4.795258E-01 4.795258E-01 0.000000E+00 0.000000E+00 0.000000E+00 0.000000E+00
3.719966E+14 2.178780E+34 1.907905E-01 6.056211E-02 1.318720E-02 8.541819E-01 7.200298E-02 4.140055E-04 -1.746321E-03 1.398105E-03 0.000000E+00 4.839475E-01 4.839475E-01 0.000000E+00 0.000000E+00 0.000000E+00 0.000000E+00
3.663916E+14 2.101601E+34 1.881542E-01 6.028589E-02 1.277707E-02 8.555546E-01 7.131664E-02 4.140055E-04 -1.746321E-03 1.398105E-03 0.000000E+00 4.883723E-01 4.883723E-01 0.000000E+00 0.000000E+00 0.000000E+00 0.000000E+00
3.608674E+14 2.025534E+34 1.855543E-01 6.003144E-02 1.236073E-02 8.568962E-01 7.064585E-02 4.140055E-04 -1.746321E-03 1.398105E-03 0.000000E+00 4.927993E-01 4.927993E-01 0.000000E+00 0.000000E+00 0.000000E+00 0.000000E+00
3.554314E+14 1.950682E+34 1.829904E-01 5.978827E-02 1.194275E-02 8.582185E-01 6.998469E-02 4.140055E-04 -1.746321E-03 1.398105E-03 0.000000E+00 4.972278E-01 4.972278E-01 0.000000E+00 0.000000E+00 0.000000E+00 0.000000E+00
3.500752E+14 1.879634E+34 1.804619E-01 5.955882E-02 1.152067E-02 8.595215E-01 6.933317E-02 4.140055E-04 -1.746321E-03 1.398105E-03 0.000000E+00 5.016568E-01 5.016568E-01 0.000000E+00 0.000000E+00 0.000000E+00 0.000000E+00
3.448030E+14 1.819786E+34 1.779683E-01 5.934028E-02 1.109211E-02 8.608157E-01 6.868607E-02 4.140055E-04 -1.746321E-03 1.398105E-03 0.000000E+00 5.060854E-01 5.060854E-01 0.000000E+00 0.000000E+00 0.000000E+00 0.000000E+00
3.396102E+14 1.760839E+34 1.755091E-01 5.912957E-02 1.066181E-02 8.620978E-01 6.804506E-02 4.140055E-04 -1.746321E-03 1.398105E-03 0.000000E+00 5.105129E-01 5.105129E-01 0.000000E+00 0.000000E+00 0.000000E+00 0.000000E+00
3.344967E+14 1.702793E+34 1.730840E-01 5.892589E-02 1.022012E-02 8.633885E-01 6.739969E-02 4.140055E-04 -1.746321E-03 1.398105E-03 0.000000E+00 5.149384E-01 5.149384E-01 0.000000E+00 0.000000E+00 0.000000E+00 0.000000E+00
3.294629E+14 1.645651E+34 1.706923E-01 5.872634E-02 9.778988E-03 8.646699E-01 6.675901E-02 4.140055E-04 -1.746321E-03 1.398105E-03 0.000000E+00 5.193609E-01 5.193609E-01 0.000000E+00 0.000000E+00 0.000000E+00 0.000000E+00
3.245033E+14 1.589352E+34 1.683337E-01 5.852677E-02 9.321915E-03 8.659832E-01 6.610236E-02 4.140055E-04 -1.746321E-03 1.398105E-03 0.000000E+00 5.237798E-01 5.237798E-01 0.000000E+00 0.000000E+00 0.000000E+00 0.000000E+00
3.196235E+14 1.540913E+34 1.660077E-01 5.832946E-02 8.867235E-03 8.672871E-01 6.545037E-02 4.140055E-04 -1.746321E-03 1.398105E-03 0.000000E+00 5.281940E-01 5.281940E-01 0.000000E+00 0.000000E+00 0.000000E+00 0.000000E+00
3.148138E+14 1.498519E+34 1.637138E-01 5.812273E-02 8.392902E-03 8.686493E-01 6.476931E-02 4.140055E-04 -1.746321E-03 1.398105E-03 0.000000E+00 5.326028E-01 5.326028E-01 0.000000E+00 0.000000E+00 0.000000E+00 0.000000E+00
3.100807E+14 1.456799E+34 1.614517E-01 5.791734E-02 7.921867E-03 8.700021E-01 6.409289E-02 4.140055E-04 -1.746321E-03 1.398105E-03 0.000000E+00 5.370053E-01 5.370053E-01 0.000000E+00 0.000000E+00 0.000000E+00 0.000000E+00
3.054193E+14 1.415712E+34 1.592208E-01 5.769225E-02 7.428895E-03 8.714382E-01 6.337483E-02 4.140055E-04 -1.746321E-03 1.398105E-03 0.000000E+00 5.414008E-01 5.414008E-01 0.000000E+00 0.000000E+00 0.000000E+00 0.000000E+00
3.008284E+14 1.375246E+34 1.570207E-01 5.746701E-02 6.938611E-03 8.728693E-01 6.265930E-02 4.140055E-04 -1.746321E-03 1.398105E-03 0.000000E+00 5.457883E-01 5.457883E-01 0.000000E+00 0.000000E+00 0.000000E+00 0.000000E+00
2.963112E+14 1.335429E+34 1.548510E-01 5.721305E-02 6.426239E-03 8.744019E-01 6.189297E-02 4.140055E-04 -1.746321E-03 1.398105E-03 0.000000E+00 5.501671E-01 5.501671E-01 0.000000E+00 0.000000E+00 0.000000E+00 0.000000E+00
2.918584E+14 1.296181E+34 1.527113E-01 5.695468E-02 5.913752E-03 8.759437E-01 6.112211E-02 4.140055E-04 -1.746321E-03 1.398105E-03 0.000000E+00 5.545363E-01 5.545363E-01 0.000000E+00 0.000000E+00 0.000000E+00 0.000000E+00
2.874768E+14 1.260644E+34 1.506011E-01 5.686879E-02 5.743392E-03 8.764562E-01 6.086586E-02 4.140055E-04 -1.746321E-03 1.398105E-03 0.000000E+00 5.588952E-01 5.588952E-01 0.000000E+00 0.000000E+00 0.000000E+00 0.000000E+00
2.831625E+14 1.234572E+34 1.485202E-01 5.686879E-02 5.743392E-03 8.764562E-01 6.086586E-02 4.140055E-04 -1.746321E-03 1.398105E-03 0.000000E+00 5.632429E-01 5.632429E-01 0.000000E+00 0.000000E+00 0.000000E+00 0.000000E+00
2.789123E+14 1.208888E+34 1.464679E-01 5.686879E-02 5.743392E-03 8.764562E-01 6.086586E-02 4.140055E-04 -1.746321E-03 1.398105E-03 0.000000E+00 5.675787E-01 5.675787E-01 0.000000E+00 0.000000E+00 0.000000E+00 0.000000E+00
2.747301E+14 1.183613E+34 1.444441E-01 5.686879E-02 5.743392E-03 8.764562E-01 6.086586E-02 4.140055E-04 -1.746321E-03 1.398105E-03 0.000000E+00 5.719018E-01 5.719018E-01 0.000000E+00 0.000000E+00 0.000000E+00 0.000000E+00
2.706100E+14 1.158715E+34 1.424482E-01 5.686879E-02 5.743392E-03 8.764562E-01 6.086586E-02 4.140055E-04 -1.746321E-03 1.398105E-03 0.000000E+00 5.762115E-01 5.762115E-01 0.000000E+00 0.000000E+00 0.000000E+00 0.000000E+00
2.665531E+14 1.134198E+34 1.404798E-01 5.686879E-02 5.743392E-03 8.764562E-01 6.086586E-02 4.140055E-04 -1.746321E-03 1.398105E-03 0.000000E+00 5.805069E-01 5.805069E-01 0.000000E+00 0.000000E+00 0.000000E+00 0.000000E+00
2.625611E+14 1.110073E+34 1.385387E-01 5.686879E-02 5.743392E-03 8.764562E-01 6.086586E-02 4.140055E-04 -1.746321E-03 1.398105E-03 0.000000E+00 5.847875E-01 5.847875E-01 0.000000E+00 0.000000E+00 0.000000E+00 0.000000E+00
2.586269E+14 1.086299E+34 1.366244E-01 5.686879E-02 5.743392E-03 8.764562E-01 6.086586E-02 4.140055E-04 -1.746321E-03 1.398105E-03 0.000000E+00 5.890524E-01 5.890524E-01 0.000000E+00 0.000000E+00 0.000000E+00 0.000000E+00
2.547543E+14 1.062896E+34 1.347365E-01 5.686879E-02 5.743392E-03 8.764562E-01 6.086586E-02 4.140055E-04 -1.746321E-03 1.398105E-03 0.000000E+00 5.933009E-01 5.933009E-01 0.000000E+00 0.000000E+00 0.000000E+00 0.000000E+00
2.509435E+14 1.039866E+34 1.328748E-01 5.686879E-02 5.743392E-03 8.764562E-01 6.086586E-02 4.140055E-04 -1.746321E-03 1.398105E-03 0.000000E+00 5.975324E-01 5.975324E-01 0.000000E+00 0.000000E+00 0.000000E+00 0.000000E+00
2.471875E+14 1.017168E+34 1.310387E-01 5.686879E-02 5.743392E-03 8.764562E-01 6.086586E-02 4.140055E-04 -1.746321E-03 1.398105E-03 0.000000E+00 6.017461E-01 6.017461E-01 0.000000E+00 0.000000E+00 0.000000E+00 0.000000E+00
2.434906E+14 1.001338E+34 1.292281E-01 5.686879E-02 5.743392E-03 8.764562E-01 6.086586E-02 4.140055E-04 -1.746321E-03 1.398105E-03 0.000000E+00 6.059415E-01 6.059415E-01 0.000000E+00 0.000000E+00 0.000000E+00 0.000000E+00
2.398525E+14 9.921034E+33 1.274424E-01 5.686879E-02 5.743392E-03 8.764562E-01 6.086586E-02 4.140055E-04 -1.746321E-03 1.398105E-03 0.000000E+00 6.101179E-01 6.101179E-01 0.000000E+00 0.000000E+00 0.000000E+00 0.000000E+00
2.362671E+14 9.830028E+33 1.256814E-01 5.686879E-02 5.743392E-03 8.764562E-01 6.086586E-02 4.140055E-04 -1.746321E-03 1.398105E-03 0.000000E+00 6.142746E-01 6.142746E-01 0.000000E+00 0.000000E+00 0.000000E+00 0.000000E+00
2.327376E+14 9.740442E+33 1.239448E-01 5.686879E-02 5.743392E-03 8.764562E-01 6.086586E-02 4.140055E-04 -1.746321E-03 1.398105E-03 0.000000E+00 6.184110E-01 6.184110E-01 0.000000E+00 0.000000E+00 0.000000E+00 0.000000E+00
2.292642E+14 9.652278E+33 1.222321E-01 5.686879E-02 5.743392E-03 8.764562E-01 6.086586E-02 4.140055E-04 -1.746321E-03 1.398105E-03 0.000000E+00 6.225266E-01 6.225266E-01 0.000000E+00 0.000000E+00 0.000000E+00 0.000000E+00
2.258422E+14 9.565419E+33 1.205431E-01 5.686879E-02 5.743392E-03 8.764562E-01 6.086586E-02 4.140055E-04 -1.746321E-03 1.398105E-03 0.000000E+00 6.266207E-01 6.266207E-01 0.000000E+00 0.000000E+00 0.000000E+00 0.000000E+00
2.224724E+14 9.479885E+33 1.188775E-01 5.686879E-02 5.743392E-03 8.764562E-01 6.086586E-02 4.140055E-04 -1.746321E-03 1.398105E-03 0.000000E+00 6.306928E-01 6.306928E-01 0.000000E+00 0.000000E+00 0.000000E+00 0.000000E+00
2.191560E+14 9.395706E+33 1.172349E-01 5.686879E-02 5.743392E-03 8.764562E-01 6.086586E-02 4.140055E-04 -1.746321E-03 1.398105E-03 0.000000E+00 6.347423E-01 6.347423E-01 0.000000E+00 0.000000E+00 0.000000E+00 0.000000E+00
2.158905E+14 9.312820E+33 1.156149E-01 5.686879E-02 5.743392E-03 8.764562E-01 6.086586E-02 4.140055E-04 -1.746321E-03 1.398105E-03 0.000000E+00 6.387688E-01 6.387688E-01 0.000000E+00 0.000000E+00 0.000000E+00 0.000000E+00
2.126729E+14 9.231148E+33 1.140174E-01 5.686879E-02 5.743392E-03 8.764562E-01 6.086586E-02 4.140055E-04 -1.746321E-03 1.398105E-03 0.000000E+00 6.427717E-01 6.427717E-01 0.000000E+00 0.000000E+00 0.000000E+00 0.000000E+00
2.095062E+14 9.150769E+33 1.124419E-01 5.686879E-02 5.743392E-03 8.764562E-01 6.086586E-02 4.140055E-04 -1.746321E-03 1.398105E-03 0.000000E+00 6.467505E-01 6.467505E-01 0.000000E+00 0.000000E+00 0.000000E+00 0.000000E+00
2.063895E+14 9.071659E+33 1.108882E-01 5.686879E-02 5.743392E-03 8.764562E-01 6.086586E-02 4.140055E-04 -1.746321E-03 1.398105E-03 0.000000E+00 6.507048E-01 6.507048E-01 0.000000E+00 0.000000E+00 0.000000E+00 0.000000E+00
2.033181E+14 8.993699E+33 1.093560E-01 5.686879E-02 5.743392E-03 8.764562E-01 6.086586E-02 4.140055E-04 -1.746321E-03 1.398105E-03 0.000000E+00 6.546340E-01 6.546340E-01 0.000000E+00 0.000000E+00 0.000000E+00 0.000000E+00
2.002941E+14 8.916941E+33 1.078449E-01 5.686879E-02 5.743392E-03 8.764562E-01 6.086586E-02 4.140055E-04 -1.746321E-03 1.398105E-03 0.000000E+00 6.585378E-01 6.585378E-01 0.000000E+00 0.000000E+00 0.000000E+00 0.000000E+00
1.973177E+14 8.841394E+33 1.063547E-01 5.686879E-02 5.743392E-03 8.764562E-01 6.086586E-02 4.140055E-04 -1.746321E-03 1.398105E-03 0.000000E+00 6.624158E-01 6.624158E-01 0.000000E+00 0.000000E+00 0.000000E+00 0.000000E+00
1.943878E+14 8.767024E+33 1.048851E-01 5.686879E-02 5.743392E-03 8.764562E-01 6.086586E-02 4.140055E-04 -1.746321E-03 1.398105E-03 0.000000E+00 6.662675E-01 6.662675E-01 0.000000E+00 0.000000E+00 0.000000E+00 0.000000E+00
1.914998E+14 8.693720E+33 1.034359E-01 5.686879E-02 5.743392E-03 8.764562E-01 6.086586E-02 4.140055E-04 -1.746321E-03 1.398105E-03 0.000000E+00 6.700925E-01 6.700925E-01 0.000000E+00 0.000000E+00 0.000000E+00 0.000000E+00
1.886573E+14 8.621570E+33 1.020066E-01 5.686879E-02 5.743392E-03 8.764562E-01 6.086586E-02 4.140055E-04 -1.746321E-03 1.398105E-03 0.000000E+00 6.738905E-01 6.738905E-01 0.000000E+00 0.000000E+00 0.000000E+00 0.000000E+00
1.858594E+14 8.550553E+33 1.005971E-01 5.686879E-02 5.743392E-03 8.764562E-01 6.086586E-02 4.140055E-04 -1.746321E-03 1.398105E-03 0.000000E+00 6.776612E-01 6.776612E-01 0.000000E+00 0.000000E+00 0.000000E+00 0.000000E+00
1.831046E+14 8.480628E+33 9.920705E-02 5.686879E-02 5.743392E-03 8.764562E-01 6.086586E-02 4.140055E-04 -1.746321E-03 1.398105E-03 0.000000E+00 6.814042E-01 6.814042E-01 0.000000E+00 0.000000E+00 0.000000E+00 0.000000E+00
1.803896E+14 8.411716E+33 9.783622E-02 5.686879E-02 5.743392E-03 8.764562E-01 6.086586E-02 4.140055E-04 -1.746321E-03 1.398105E-03 0.000000E+00 6.851192E-01 6.851192E-01 0.000000E+00 0.000000E+00 0.000000E+00 0.000000E+00
1.777173E+14 8.343885E+33 9.648433E-02 5.686879E-02 5.743392E-03 8.764562E-01 6.086586E-02 4.140055E-04 -1.746321E-03 1.398105E-03 0.000000E+00 6.888059E-01 6.888059E-01 0.000000E+00 0.000000E+00 0.000000E+00 0.000000E+00
1.750868E+14 8.277117E+33 9.515113E-02 5.686879E-02 5.743392E-03 8.764562E-01 6.086586E-02 4.140055E-04 -1.746321E-03 1.398105E-03 0.000000E+00 6.924641E-01 6.924641E-01 0.000000E+00 0.000000E+00 0.000000E+00 0.000000E+00
1.724971E+14 8.211382E+33 9.383635E-02 5.686879E-02 5.743392E-03 8.764562E-01 6.086586E-02 4.140055E-04 -1.746321E-03 1.398105E-03 0.000000E+00 6.960934E-01 6.960934E-01 0.000000E+00 0.000000E+00 0.000000E+00 0.000000E+00
1.699444E+14 8.146589E+33 9.253973E-02 5.686879E-02 5.743392E-03 8.764562E-01 6.086586E-02 4.140055E-04 -1.746321E-03 1.398105E-03 0.000000E+00 6.996937E-01 6.996937E-01 0.000000E+00 0.000000E+00 0.000000E+00 0.000000E+00
1.674316E+14 8.082808E+33 9.126103E-02 5.686879E-02 5.743392E-03 8.764562E-01 6.086586E-02 4.140055E-04 -1.746321E-03 1.398105E-03 0.000000E+00 7.032646E-01 7.032646E-01 0.000000E+00 0.000000E+00 0.000000E+00 0.000000E+00
1.649581E+14 8.020024E+33 9.000000E-02 5.686879E-02 5.743392E-03 8.764562E-01 6.086586E-02 4.140055E-04 -1.746321E-03 1.398105E-03 0.000000E+00 7.068061E-01 7.068061E-01 0.000000E+00 0.000000E+00 0.000000E+00 0.000000E+00
   1.334E+14        6.349E+32        7.890E-02	     982     232     32
   8.011E+13        2.745E+32        4.750E-02	    1500     183     40
   3.432E+13        7.426E+31        2.040E-02	    1800     193     50
   1.496E+13        2.096E+31        8.910E-03	    1350     164     50 
   9.685E+12        1.107E+31        5.770E-03	    1100     161     50 
   6.257E+12        6.193E+30        3.730E-03	     950     159     50 
   2.665E+12        2.637E+30        1.590E-03	     500     117     40
   1.472E+12        1.695E+30        8.790E-04       320     116     40 
   1.004E+12        1.261E+30        6.000E-04	     250     116     40 
   6.692E+11        8.740E+29        4.000E-04	     200     116     40 
   5.409E+11        7.000E+29        3.234E-04	     180     116     40   \ Phase transition to the outer crust:
   3.935e+11        6.999e+29        2.355e-04       130     130     40   / pressure continuous but density jumps
   3.285e+11        5.816e+29        1.966e-04        88      88     28
   2.635e+11        4.473e+29        1.578e-04        86      86     28
   2.044e+11        3.290e+29        1.224e-04        84      84     28
   1.855e+11        2.892e+29       1.1115e-04        84      84     28
   1.711e+11        2.597e+29        1.025e-04        84      84     28
   1.390e+11        2.033e+29        8.331e-05        82      82     28
   1.076e+11        1.495e+29        6.455e-05        80      80     28
   8.335e+10        1.100e+29       5.0014e-05        78      78     28
   6.617e+10        8.089e+28        3.971e-05        78      78     28
   5.255e+10        5.949e+28       3.1545e-05        78      78     28
   4.172e+10        4.628e+28        2.506e-05        80      80     30
   3.314e+10        3.404e+28        1.990e-05        80      80     30
   2.631e+10        2.503e+28        1.581e-05        80      80     30
  2.1175e+10        1.938e+28       1.2725e-05        78      78     30
   1.660e+10        1.425e+28        9.981e-06        72      72     28
   1.273e+10        1.048e+28        7.653e-06        84      84     34
   1.011e+10        7.702e+27        6.077e-06        84      84     34
   8.025e+09        5.662e+27        4.827e-06        84      84     34
   6.602e+09        4.362e+27        3.971e-06        84      84     34
   4.074e+09        2.356e+27        2.452e-06        68      68     28
   2.570e+09        1.272e+27        1.547e-06        68      68     28
   1.621e+09        6.860e+26        9.761e-07        68      68     28
   1.288e+09        5.036e+26        7.753e-07        68      68     28
   1.045e+09        4.129e+26        6.294e-07        64      64     28
   8.301e+08        3.029e+26        5.000e-07        64      64     28
   5.237e+08        1.629e+26        3.155e-07        64      64     28
   3.304e+08        8.738e+25        1.990e-07        64      64     28
   2.624e+08        6.676e+25        1.581e-07        64      62     28
   1.315e+08        2.604e+25        7.924e-08        62      62     28
   6.589e+07        1.006e+25        3.972e-08        62      62     28
   3.302e+07        3.833e+24        1.990e-08        62      62     28
   1.655e+07        1.435e+24        9.976e-09        62      62     28
   8.293e+06        5.259e+23        5.000e-09        62      62     28
   6.588e+06        3.911e+23        3.972e-09        56      56     26
   2.622e+06        9.755e+22        1.581e-09        56      56     26
   1.044e+06        2.318e+22        6.294e-10        56      56     26
   4.156e+05        5.266e+21        2.506e-10        56      56     26
   1.654e+05        1.151e+21        9.976e-11        56      56     26
   6.587E+04        2.431E+20        3.972E-11        56      56     26
   2.622E+04        4.968E+19        1.581E-11        56      56     26
   1.044E+04        9.744E+18        6.295E-12        56      56     26
   1.150E+03        1.900E+17        6.930E-13        56      56     26
   2.120E+02        5.820E+15        1.270E-13        56      56     26
   4.510E+01        1.700E+14        2.720E-14        56      56     26
   1.640E+01        1.400E+13        9.900E-15        56      56     26
   1.160E+01        1.210E+12        6.990E-15        56      56     26
   8.150E+00        1.010E+11        4.910E-15        56      56     26
   7.900E+00        1.010E+10        4.760E-15        56      56     26
   7.860E+00        1.010E+09        4.730E-15        56      56     26
   7.800E+00        1.010E+08        4.700E-15        56      56     26




CRUST: from "Crust_EOS_Cat_HZD-NV.dat":
             Haensel-Zdunik-Dobaczewski below neutron drip
             Negele-Vautherin above neutron drip

******************************************************************************************************************************************************

CRUST-CORE BOUNDARY:the last line in the core is:

   Rho        Press       nbar       Ye
  g/cm3     dyne/cm2     #/fm3                  [A_cell]     [A_ion]      [Z]

1.5197E+14 9.2819E+32 9.0000E-02 3.1606E-02
 3.493E+13  7.311E+31  2.096E-02                  1127.        124.        26.

This garantees good match between Ye in the core (3.1606E-02) and the last one in the crust: Z= 32 A_cell=982 => Ye = 0.0326

******************************************************************************************************************************************************

These two lines are eliminated: phase transition to Pi^- condensate

 3.4147E+14 6.2938E+33 2.0000E-01 5.3463E-02 1.2461E-02 9.3408E-01 6.5924E-02 0.0000E+00 0.0000E+00 0.0000E+00 0.0000E+00 5.7017E-01 7.6464E-01 0.0000E+00 0.0000E+00 0.0000E+00 0.0000E+00
 3.2403E+14 7.7987E+33 1.9000E-01 5.2950E-02 1.1105E-02 9.3595E-01 6.4054E-02 0.0000E+00 0.0000E+00 0.0000E+00 0.0000E+00 5.8122E-01 7.7358E-01 0.0000E+00 0.0000E+00 0.0000E+00 0.0000E+00

These are the last lines calculated by Andrew Steiner, but cut-off to match with the crust:

 1.3499E+14 6.9528E+32 8.0000E-02 2.7937E-02 0.0000E+00 9.7206E-01 2.7936E-02 0.0000E+00 0.0000E+00 0.0000E+00 0.0000E+00 7.5316E-01 8.9216E-01 0.0000E+00 0.0000E+00 0.0000E+00 0.0000E+00
 1.1803e+14 5.1444e+32 7.0000e-02 2.4017e-02 0.0000e+00 9.7598e-01 2.4016e-02 0.0000e+00 0.0000e+00 0.0000e+00 0.0000e+00 7.7587e-01 9.0461e-01 0.0000e+00 0.0000e+00 0.0000e+00 0.0000e+00 
 1.0110e+14 3.7582e+32 6.0000e-02 1.9901e-02 0.0000e+00 9.8010e-01 1.9901e-02 0.0000e+00 0.0000e+00 0.0000e+00 0.0000e+00 8.0035e-01 9.1736e-01 0.0000e+00 0.0000e+00 0.0000e+00 0.0000e+00 
 8.4192e+13 2.7001e+32 5.0000e-02 1.5680e-02 0.0000e+00 9.8432e-01 1.5680e-02 0.0000e+00 0.0000e+00 0.0000e+00 0.0000e+00 8.2683e-01 9.3040e-01 0.0000e+00 0.0000e+00 0.0000e+00 0.0000e+00 
 6.7303e+13 1.8846e+32 4.0000e-02 1.1491e-02 0.0000e+00 9.8851e-01 1.1491e-02 0.0000e+00 0.0000e+00 0.0000e+00 0.0000e+00 8.5558e-01 9.4372e-01 0.0000e+00 0.0000e+00 0.0000e+00 0.0000e+00 
 5.0435e+13 1.2400e+32 3.0000e-02 7.5179e-03 0.0000e+00 9.9248e-01 7.5179e-03 0.0000e+00 0.0000e+00 0.0000e+00 0.0000e+00 8.8690e-01 9.5731e-01 0.0000e+00 0.0000e+00 0.0000e+00 0.0000e+00 
 3.3589e+13 7.1313e+31 2.0000e-02 4.0073e-03 0.0000e+00 9.9599e-01 4.0069e-03 0.0000e+00 0.0000e+00 0.0000e+00 0.0000e+00 9.2115e-01 9.7119e-01 0.0000e+00 0.0000e+00 0.0000e+00 0.0000e+00 




