         5       363       111       267

EOS                                                                            

  i            rad           emas         rho         pres          nb           kf(e)      kf(mu)       kf(p)       kf(n)      kf(la)      kf(S-)      kf(S0)      kf(S+)         Tc(n)       Tc(p)      Tc(la)    Durca        mstn        mstp  nSF   Acel   Aion   Zion

    0   0.000000E+00   0.000000E+00   5.569E+14   7.303E+34   3.134E-01      8.854E-01   7.051E-01   1.015E+00   2.019E+00   0.000E+00   0.000E+00   0.000E+00   0.000E+00      8.250E+08   1.000E+00   1.000E+00   00000   8.365E-01   8.365E-01  3p2   N/A    N/A    N/A 
    1   2.613204E+03   2.094876E-02   5.455E+14   6.818E+34   3.078E-01      8.778E-01   6.955E-01   1.004E+00   2.008E+00   0.000E+00   0.000E+00   0.000E+00   0.000E+00      8.407E+08   1.000E+00   1.000E+00   00000   8.393E-01   8.393E-01  3p2   N/A    N/A    N/A 
    2   3.292431E+03   4.139134E-02   5.388E+14   6.542E+34   3.044E-01      8.732E-01   6.897E-01   9.979E-01   2.002E+00   0.000E+00   0.000E+00   0.000E+00   0.000E+00      8.498E+08   1.000E+00   1.000E+00   00000   8.410E-01   8.410E-01  3p2   N/A    N/A    N/A 
    3   3.768892E+03   6.183121E-02   5.331E+14   6.313E+34   3.016E-01      8.691E-01   6.845E-01   9.924E-01   1.996E+00   0.000E+00   0.000E+00   0.000E+00   0.000E+00      8.576E+08   1.000E+00   1.000E+00   00000   8.424E-01   8.424E-01  3p2   N/A    N/A    N/A 
    4   4.148203E+03   8.225668E-02   5.280E+14   6.111E+34   2.990E-01      8.655E-01   6.800E-01   9.874E-01   1.991E+00   0.000E+00   0.000E+00   0.000E+00   0.000E+00      8.643E+08   1.000E+00   1.000E+00   00000   8.437E-01   8.437E-01  3p2   N/A    N/A    N/A 
    5   4.468516E+03   1.011678E-01   5.235E+14   5.934E+34   2.968E-01      8.623E-01   6.759E-01   9.831E-01   1.986E+00   0.000E+00   0.000E+00   0.000E+00   0.000E+00      8.702E+08   1.000E+00   1.000E+00   00000   8.448E-01   8.448E-01  3p2   N/A    N/A    N/A 
    6   4.748507E+03   1.219845E-01   5.190E+14   5.762E+34   2.946E-01      8.591E-01   6.718E-01   9.786E-01   1.982E+00   0.000E+00   0.000E+00   0.000E+00   0.000E+00      8.761E+08   1.000E+00   1.000E+00   00000   8.460E-01   8.460E-01  3p2   N/A    N/A    N/A 
    7   4.998879E+03   1.411912E-01   5.149E+14   5.607E+34   2.925E-01      8.560E-01   6.679E-01   9.744E-01   1.978E+00   0.000E+00   0.000E+00   0.000E+00   0.000E+00      8.814E+08   1.000E+00   1.000E+00   00000   8.470E-01   8.470E-01  3p2   N/A    N/A    N/A 
    8   5.226408E+03   1.597663E-01   5.111E+14   5.462E+34   2.905E-01      8.531E-01   6.642E-01   9.705E-01   1.974E+00   0.000E+00   0.000E+00   0.000E+00   0.000E+00      8.864E+08   1.000E+00   1.000E+00   00000   8.480E-01   8.480E-01  3p2   N/A    N/A    N/A 
    9   5.435683E+03   1.803086E-01   5.072E+14   5.319E+34   2.885E-01      8.502E-01   6.604E-01   9.664E-01   1.970E+00   0.000E+00   0.000E+00   0.000E+00   0.000E+00      8.913E+08   1.000E+00   1.000E+00   00000   8.490E-01   8.490E-01  3p2   N/A    N/A    N/A 
   10   5.629977E+03   1.993802E-01   5.036E+14   5.186E+34   2.867E-01      8.475E-01   6.569E-01   9.627E-01   1.966E+00   0.000E+00   0.000E+00   0.000E+00   0.000E+00      8.959E+08   1.000E+00   1.000E+00   00000   8.499E-01   8.499E-01  3p2   N/A    N/A    N/A 
   11   5.811714E+03   2.172192E-01   5.002E+14   5.061E+34   2.850E-01      8.449E-01   6.536E-01   9.592E-01   1.962E+00   0.000E+00   0.000E+00   0.000E+00   0.000E+00      9.001E+08   1.000E+00   1.000E+00   00000   8.508E-01   8.508E-01  3p2   N/A    N/A    N/A 
   12   5.982744E+03   2.358158E-01   4.968E+14   4.940E+34   2.832E-01      8.423E-01   6.502E-01   9.556E-01   1.959E+00   0.000E+00   0.000E+00   0.000E+00   0.000E+00      9.042E+08   1.000E+00   1.000E+00   00000   8.517E-01   8.517E-01  3p2   N/A    N/A    N/A 
   13   6.144517E+03   2.557541E-01   4.933E+14   4.820E+34   2.814E-01      8.396E-01   6.466E-01   9.518E-01   1.955E+00   0.000E+00   0.000E+00   0.000E+00   0.000E+00      9.085E+08   1.000E+00   1.000E+00   00000   8.526E-01   8.526E-01  3p2   N/A    N/A    N/A 
   14   6.298194E+03   2.746944E-01   4.900E+14   4.705E+34   2.797E-01      8.369E-01   6.432E-01   9.481E-01   1.951E+00   0.000E+00   0.000E+00   0.000E+00   0.000E+00      9.126E+08   1.000E+00   1.000E+00   00000   8.534E-01   8.534E-01  3p2   N/A    N/A    N/A 
   15   6.444715E+03   2.927528E-01   4.868E+14   4.596E+34   2.780E-01      8.344E-01   6.399E-01   9.446E-01   1.948E+00   0.000E+00   0.000E+00   0.000E+00   0.000E+00      9.163E+08   1.000E+00   1.000E+00   00000   8.543E-01   8.543E-01  3p2   N/A    N/A    N/A 
   16   6.584861E+03   3.100256E-01   4.837E+14   4.492E+34   2.765E-01      8.319E-01   6.367E-01   9.413E-01   1.944E+00   0.000E+00   0.000E+00   0.000E+00   0.000E+00      9.199E+08   1.000E+00   1.000E+00   00000   8.551E-01   8.551E-01  3p2   N/A    N/A    N/A 
   17   6.719283E+03   3.269398E-01   4.807E+14   4.392E+34   2.749E-01      8.296E-01   6.336E-01   9.380E-01   1.941E+00   0.000E+00   0.000E+00   0.000E+00   0.000E+00      9.233E+08   1.000E+00   1.000E+00   00000   8.559E-01   8.559E-01  3p2   N/A    N/A    N/A 
   18   6.848532E+03   3.464712E-01   4.775E+14   4.290E+34   2.733E-01      8.270E-01   6.303E-01   9.345E-01   1.938E+00   0.000E+00   0.000E+00   0.000E+00   0.000E+00      9.270E+08   1.000E+00   1.000E+00   00000   8.567E-01   8.567E-01  3p2   N/A    N/A    N/A 
   19   6.973078E+03   3.652919E-01   4.744E+14   4.191E+34   2.716E-01      8.245E-01   6.269E-01   9.309E-01   1.934E+00   0.000E+00   0.000E+00   0.000E+00   0.000E+00      9.305E+08   1.000E+00   1.000E+00   00000   8.575E-01   8.575E-01  3p2   N/A    N/A    N/A 
   20   7.093327E+03   3.834633E-01   4.714E+14   4.096E+34   2.701E-01      8.220E-01   6.236E-01   9.275E-01   1.931E+00   0.000E+00   0.000E+00   0.000E+00   0.000E+00      9.338E+08   1.000E+00   1.000E+00   00000   8.583E-01   8.583E-01  3p2   N/A    N/A    N/A 
   21   7.209631E+03   4.010387E-01   4.685E+14   4.004E+34   2.685E-01      8.196E-01   6.205E-01   9.242E-01   1.928E+00   0.000E+00   0.000E+00   0.000E+00   0.000E+00      9.370E+08   1.000E+00   1.000E+00   00000   8.591E-01   8.591E-01  3p2   N/A    N/A    N/A 
   22   7.322300E+03   4.180647E-01   4.657E+14   3.915E+34   2.671E-01      8.172E-01   6.174E-01   9.210E-01   1.924E+00   0.000E+00   0.000E+00   0.000E+00   0.000E+00      9.400E+08   1.000E+00   1.000E+00   00000   8.598E-01   8.598E-01  3p2   N/A    N/A    N/A 
   23   7.431605E+03   4.345822E-01   4.630E+14   3.829E+34   2.656E-01      8.150E-01   6.143E-01   9.178E-01   1.921E+00   0.000E+00   0.000E+00   0.000E+00   0.000E+00      9.429E+08   1.000E+00   1.000E+00   00000   8.606E-01   8.606E-01  3p2   N/A    N/A    N/A 
   24   7.537784E+03   4.506275E-01   4.603E+14   3.745E+34   2.642E-01      8.127E-01   6.114E-01   9.148E-01   1.918E+00   0.000E+00   0.000E+00   0.000E+00   0.000E+00      9.456E+08   1.000E+00   1.000E+00   00000   8.613E-01   8.613E-01  3p2   N/A    N/A    N/A 
   25   7.641055E+03   4.689535E-01   4.573E+14   3.661E+34   2.627E-01      8.103E-01   6.081E-01   9.113E-01   1.915E+00   0.000E+00   0.000E+00   0.000E+00   0.000E+00      9.486E+08   1.000E+00   1.000E+00   00000   8.621E-01   8.621E-01  3p2   N/A    N/A    N/A 
   26   7.741607E+03   4.870516E-01   4.544E+14   3.579E+34   2.611E-01      8.078E-01   6.048E-01   9.079E-01   1.911E+00   0.000E+00   0.000E+00   0.000E+00   0.000E+00      9.515E+08   1.000E+00   1.000E+00   00000   8.629E-01   8.629E-01  3p2   N/A    N/A    N/A 
   27   7.839612E+03   5.046914E-01   4.515E+14   3.498E+34   2.596E-01      8.053E-01   6.015E-01   9.045E-01   1.908E+00   0.000E+00   0.000E+00   0.000E+00   0.000E+00      9.543E+08   1.000E+00   1.000E+00   00000   8.636E-01   8.636E-01  3p2   N/A    N/A    N/A 
   28   7.935226E+03   5.219007E-01   4.488E+14   3.420E+34   2.581E-01      8.029E-01   5.983E-01   9.011E-01   1.905E+00   0.000E+00   0.000E+00   0.000E+00   0.000E+00      9.570E+08   1.000E+00   1.000E+00   00000   8.644E-01   8.644E-01  3p2   N/A    N/A    N/A 
   29   8.028590E+03   5.387051E-01   4.460E+14   3.343E+34   2.567E-01      8.006E-01   5.951E-01   8.979E-01   1.902E+00   0.000E+00   0.000E+00   0.000E+00   0.000E+00      9.595E+08   1.000E+00   1.000E+00   00000   8.651E-01   8.651E-01  3p2   N/A    N/A    N/A 
   30   8.119832E+03   5.551274E-01   4.434E+14   3.269E+34   2.553E-01      7.983E-01   5.920E-01   8.947E-01   1.898E+00   0.000E+00   0.000E+00   0.000E+00   0.000E+00      9.619E+08   1.000E+00   1.000E+00   00000   8.658E-01   8.658E-01  3p2   N/A    N/A    N/A 
   31   8.209069E+03   5.711890E-01   4.408E+14   3.196E+34   2.539E-01      7.960E-01   5.890E-01   8.916E-01   1.895E+00   0.000E+00   0.000E+00   0.000E+00   0.000E+00      9.642E+08   1.000E+00   1.000E+00   00000   8.665E-01   8.665E-01  3p2   N/A    N/A    N/A 
   32   8.296406E+03   5.869085E-01   4.382E+14   3.124E+34   2.526E-01      7.938E-01   5.860E-01   8.885E-01   1.892E+00   0.000E+00   0.000E+00   0.000E+00   0.000E+00      9.665E+08   1.000E+00   1.000E+00   00000   8.672E-01   8.672E-01  3p2   N/A    N/A    N/A 
   33   8.381941E+03   6.023040E-01   4.358E+14   3.054E+34   2.512E-01      7.916E-01   5.830E-01   8.854E-01   1.889E+00   0.000E+00   0.000E+00   0.000E+00   0.000E+00      9.686E+08   1.000E+00   1.000E+00   00000   8.679E-01   8.679E-01  3p2   N/A    N/A    N/A 
   34   8.465766E+03   6.190388E-01   4.330E+14   2.985E+34   2.498E-01      7.891E-01   5.797E-01   8.820E-01   1.886E+00   0.000E+00   0.000E+00   0.000E+00   0.000E+00      9.708E+08   1.000E+00   1.000E+00   00000   8.687E-01   8.687E-01  3p2   N/A    N/A    N/A 
   35   8.547964E+03   6.360743E-01   4.302E+14   2.917E+34   2.482E-01      7.866E-01   5.763E-01   8.786E-01   1.883E+00   0.000E+00   0.000E+00   0.000E+00   0.000E+00      9.731E+08   1.000E+00   1.000E+00   00000   8.694E-01   8.694E-01  3p2   N/A    N/A    N/A 
   36   8.628609E+03   6.527882E-01   4.275E+14   2.850E+34   2.468E-01      7.842E-01   5.729E-01   8.752E-01   1.879E+00   0.000E+00   0.000E+00   0.000E+00   0.000E+00      9.752E+08   1.000E+00   1.000E+00   00000   8.702E-01   8.702E-01  3p2   N/A    N/A    N/A 
   37   8.707776E+03   6.691955E-01   4.248E+14   2.785E+34   2.453E-01      7.818E-01   5.696E-01   8.718E-01   1.876E+00   0.000E+00   0.000E+00   0.000E+00   0.000E+00      9.772E+08   1.000E+00   1.000E+00   00000   8.709E-01   8.709E-01  3p2   N/A    N/A    N/A 
   38   8.785527E+03   6.853096E-01   4.221E+14   2.721E+34   2.439E-01      7.794E-01   5.663E-01   8.685E-01   1.873E+00   0.000E+00   0.000E+00   0.000E+00   0.000E+00      9.792E+08   1.000E+00   1.000E+00   00000   8.717E-01   8.717E-01  3p2   N/A    N/A    N/A 
   39   8.861927E+03   7.011435E-01   4.195E+14   2.658E+34   2.425E-01      7.770E-01   5.631E-01   8.652E-01   1.869E+00   0.000E+00   0.000E+00   0.000E+00   0.000E+00      9.810E+08   1.000E+00   1.000E+00   00000   8.724E-01   8.724E-01  3p2   N/A    N/A    N/A 
   40   8.937032E+03   7.167090E-01   4.169E+14   2.596E+34   2.411E-01      7.747E-01   5.598E-01   8.620E-01   1.866E+00   0.000E+00   0.000E+00   0.000E+00   0.000E+00      9.827E+08   1.000E+00   1.000E+00   00000   8.731E-01   8.731E-01  3p2   N/A    N/A    N/A 
   41   9.010895E+03   7.320173E-01   4.144E+14   2.535E+34   2.397E-01      7.724E-01   5.566E-01   8.587E-01   1.863E+00   0.000E+00   0.000E+00   0.000E+00   0.000E+00      9.843E+08   1.000E+00   1.000E+00   00000   8.738E-01   8.738E-01  3p2   N/A    N/A    N/A 
   42   9.083566E+03   7.470784E-01   4.119E+14   2.475E+34   2.384E-01      7.701E-01   5.535E-01   8.556E-01   1.860E+00   0.000E+00   0.000E+00   0.000E+00   0.000E+00      9.858E+08   1.000E+00   1.000E+00   00000   8.745E-01   8.745E-01  3p2   N/A    N/A    N/A 
   43   9.155094E+03   7.619026E-01   4.095E+14   2.416E+34   2.371E-01      7.679E-01   5.504E-01   8.525E-01   1.857E+00   0.000E+00   0.000E+00   0.000E+00   0.000E+00      9.873E+08   1.000E+00   1.000E+00   00000   8.752E-01   8.752E-01  3p2   N/A    N/A    N/A 
   44   9.225521E+03   7.764986E-01   4.071E+14   2.357E+34   2.357E-01      7.657E-01   5.473E-01   8.494E-01   1.853E+00   0.000E+00   0.000E+00   0.000E+00   0.000E+00      9.886E+08   1.000E+00   1.000E+00   00000   8.758E-01   8.758E-01  3p2   N/A    N/A    N/A 
   45   9.294888E+03   7.918905E-01   4.044E+14   2.301E+34   2.343E-01      7.632E-01   5.438E-01   8.459E-01   1.850E+00   0.000E+00   0.000E+00   0.000E+00   0.000E+00      9.900E+08   1.000E+00   1.000E+00   00000   8.766E-01   8.766E-01  3p2   N/A    N/A    N/A 
   46   9.363235E+03   8.075713E-01   4.016E+14   2.246E+34   2.328E-01      7.606E-01   5.402E-01   8.423E-01   1.846E+00   0.000E+00   0.000E+00   0.000E+00   0.000E+00      9.914E+08   1.000E+00   1.000E+00   00000   8.774E-01   8.774E-01  3p2   N/A    N/A    N/A 
   47   9.430598E+03   8.230262E-01   3.989E+14   2.191E+34   2.313E-01      7.580E-01   5.366E-01   8.387E-01   1.843E+00   0.000E+00   0.000E+00   0.000E+00   0.000E+00      9.927E+08   1.000E+00   1.000E+00   00000   8.781E-01   8.781E-01  3p2   N/A    N/A    N/A 
   48   9.497014E+03   8.382637E-01   3.962E+14   2.138E+34   2.298E-01      7.555E-01   5.330E-01   8.352E-01   1.839E+00   0.000E+00   0.000E+00   0.000E+00   0.000E+00      9.939E+08   1.000E+00   1.000E+00   00000   8.789E-01   8.789E-01  3p2   N/A    N/A    N/A 
   49   9.562512E+03   8.532908E-01   3.935E+14   2.085E+34   2.283E-01      7.530E-01   5.294E-01   8.317E-01   1.836E+00   0.000E+00   0.000E+00   0.000E+00   0.000E+00      9.949E+08   1.000E+00   1.000E+00   00000   8.797E-01   8.797E-01  3p2   N/A    N/A    N/A 
   50   9.627126E+03   8.681150E-01   3.909E+14   2.033E+34   2.269E-01      7.505E-01   5.259E-01   8.283E-01   1.832E+00   0.000E+00   0.000E+00   0.000E+00   0.000E+00      9.959E+08   1.000E+00   1.000E+00   00000   8.804E-01   8.804E-01  3p2   N/A    N/A    N/A 
   51   9.690884E+03   8.827428E-01   3.883E+14   1.981E+34   2.255E-01      7.481E-01   5.224E-01   8.248E-01   1.829E+00   0.000E+00   0.000E+00   0.000E+00   0.000E+00      9.967E+08   1.000E+00   1.000E+00   00000   8.811E-01   8.811E-01  3p2   N/A    N/A    N/A 
   52   9.753813E+03   8.971805E-01   3.857E+14   1.931E+34   2.240E-01      7.456E-01   5.189E-01   8.214E-01   1.825E+00   0.000E+00   0.000E+00   0.000E+00   0.000E+00      9.975E+08   1.000E+00   1.000E+00   00000   8.819E-01   8.819E-01  3p2   N/A    N/A    N/A 
   53   9.815941E+03   9.114343E-01   3.832E+14   1.880E+34   2.226E-01      7.432E-01   5.154E-01   8.181E-01   1.822E+00   0.000E+00   0.000E+00   0.000E+00   0.000E+00      9.981E+08   1.000E+00   1.000E+00   00000   8.826E-01   8.826E-01  3p2   N/A    N/A    N/A 
   54   9.877292E+03   9.255100E-01   3.807E+14   1.831E+34   2.213E-01      7.408E-01   5.120E-01   8.147E-01   1.818E+00   0.000E+00   0.000E+00   0.000E+00   0.000E+00      9.987E+08   1.000E+00   1.000E+00   00000   8.833E-01   8.833E-01  3p2   N/A    N/A    N/A 
   55   9.937890E+03   9.394129E-01   3.782E+14   1.782E+34   2.199E-01      7.385E-01   5.086E-01   8.114E-01   1.815E+00   0.000E+00   0.000E+00   0.000E+00   0.000E+00      9.991E+08   1.000E+00   1.000E+00   00000   8.840E-01   8.840E-01  3p2   N/A    N/A    N/A 
   56   9.997759E+03   9.531483E-01   3.757E+14   1.734E+34   2.186E-01      7.361E-01   5.052E-01   8.082E-01   1.811E+00   0.000E+00   0.000E+00   0.000E+00   0.000E+00      9.995E+08   1.000E+00   1.000E+00   00000   8.847E-01   8.847E-01  3p2   N/A    N/A    N/A 
   57   1.005692E+04   9.669570E-01   3.732E+14   1.687E+34   2.171E-01      7.337E-01   5.016E-01   8.047E-01   1.808E+00   0.000E+00   0.000E+00   0.000E+00   0.000E+00      9.998E+08   1.000E+00   1.000E+00   00000   8.854E-01   8.854E-01  3p2   N/A    N/A    N/A 
   58   1.011539E+04   9.811936E-01   3.703E+14   1.642E+34   2.155E-01      7.309E-01   4.975E-01   8.008E-01   1.804E+00   0.000E+00   0.000E+00   0.000E+00   0.000E+00      9.999E+08   2.501E+07   1.000E+00   00000   8.863E-01   8.863E-01  3p2   N/A    N/A    N/A 
   59   1.017319E+04   9.952676E-01   3.674E+14   1.598E+34   2.139E-01      7.281E-01   4.934E-01   7.969E-01   1.800E+00   0.000E+00   0.000E+00   0.000E+00   0.000E+00      1.000E+09   6.981E+07   1.000E+00   00000   8.871E-01   8.871E-01  3p2   N/A    N/A    N/A 
   60   1.023035E+04   1.009183E+00   3.645E+14   1.554E+34   2.123E-01      7.253E-01   4.893E-01   7.930E-01   1.795E+00   0.000E+00   0.000E+00   0.000E+00   0.000E+00      9.999E+08   1.266E+08   1.000E+00   00000   8.879E-01   8.879E-01  3p2   N/A    N/A    N/A 
   61   1.028687E+04   1.022945E+00   3.617E+14   1.511E+34   2.108E-01      7.226E-01   4.852E-01   7.892E-01   1.791E+00   0.000E+00   0.000E+00   0.000E+00   0.000E+00      9.997E+08   1.931E+08   1.000E+00   00000   8.887E-01   8.887E-01  3p2   N/A    N/A    N/A 
   62   1.034278E+04   1.036558E+00   3.589E+14   1.469E+34   2.092E-01      7.199E-01   4.812E-01   7.854E-01   1.787E+00   0.000E+00   0.000E+00   0.000E+00   0.000E+00      9.994E+08   2.675E+08   1.000E+00   00000   8.895E-01   8.895E-01  3p2   N/A    N/A    N/A 
   63   1.039809E+04   1.050025E+00   3.562E+14   1.426E+34   2.077E-01      7.172E-01   4.771E-01   7.816E-01   1.783E+00   0.000E+00   0.000E+00   0.000E+00   0.000E+00      9.989E+08   3.477E+08   1.000E+00   00000   8.903E-01   8.903E-01  3p2   N/A    N/A    N/A 
   64   1.045282E+04   1.063350E+00   3.534E+14   1.385E+34   2.061E-01      7.145E-01   4.731E-01   7.779E-01   1.779E+00   0.000E+00   0.000E+00   0.000E+00   0.000E+00      9.983E+08   4.320E+08   1.000E+00   00000   8.911E-01   8.911E-01  3p2   N/A    N/A    N/A 
   65   1.050698E+04   1.076537E+00   3.507E+14   1.343E+34   2.046E-01      7.119E-01   4.691E-01   7.741E-01   1.775E+00   0.000E+00   0.000E+00   0.000E+00   0.000E+00      9.976E+08   5.185E+08   1.000E+00   00000   8.919E-01   8.919E-01  3p2   N/A    N/A    N/A 
   66   1.056058E+04   1.089589E+00   3.481E+14   1.302E+34   2.031E-01      7.092E-01   4.651E-01   7.705E-01   1.771E+00   0.000E+00   0.000E+00   0.000E+00   0.000E+00      9.967E+08   6.056E+08   1.000E+00   00000   8.927E-01   8.927E-01  3p2   N/A    N/A    N/A 
   67   1.061365E+04   1.102511E+00   3.454E+14   1.262E+34   2.016E-01      7.066E-01   4.611E-01   7.668E-01   1.767E+00   0.000E+00   0.000E+00   0.000E+00   0.000E+00      9.957E+08   6.916E+08   1.000E+00   00000   8.934E-01   8.934E-01  3p2   N/A    N/A    N/A 
   68   1.066620E+04   1.115304E+00   3.428E+14   1.222E+34   2.002E-01      7.040E-01   4.571E-01   7.632E-01   1.763E+00   0.000E+00   0.000E+00   0.000E+00   0.000E+00      9.946E+08   7.751E+08   1.000E+00   00000   8.942E-01   8.942E-01  3p2   N/A    N/A    N/A 
   69   1.071823E+04   1.127972E+00   3.402E+14   1.182E+34   1.987E-01      7.015E-01   4.532E-01   7.596E-01   1.759E+00   0.000E+00   0.000E+00   0.000E+00   0.000E+00      9.934E+08   8.544E+08   1.000E+00   00000   8.950E-01   8.950E-01  3p2   N/A    N/A    N/A 
   70   1.076976E+04   1.140618E+00   3.373E+14   1.145E+34   1.971E-01      6.986E-01   4.487E-01   7.555E-01   1.755E+00   0.000E+00   0.000E+00   0.000E+00   0.000E+00      9.919E+08   9.380E+08   1.000E+00   00000   8.958E-01   8.958E-01  3p2   N/A    N/A    N/A 
   71   1.082080E+04   1.153234E+00   3.341E+14   1.109E+34   1.953E-01      6.955E-01   4.438E-01   7.511E-01   1.750E+00   0.000E+00   0.000E+00   0.000E+00   0.000E+00      9.900E+08   1.023E+09   1.000E+00   00000   8.967E-01   8.967E-01  3p2   N/A    N/A    N/A 
   72   1.087137E+04   1.165733E+00   3.310E+14   1.074E+34   1.935E-01      6.923E-01   4.389E-01   7.467E-01   1.745E+00   0.000E+00   0.000E+00   0.000E+00   0.000E+00      9.880E+08   1.103E+09   1.000E+00   00000   8.977E-01   8.977E-01  3p2   N/A    N/A    N/A 
   73   1.092147E+04   1.178116E+00   3.279E+14   1.039E+34   1.918E-01      6.892E-01   4.340E-01   7.424E-01   1.740E+00   0.000E+00   0.000E+00   0.000E+00   0.000E+00      9.858E+08   1.176E+09   1.000E+00   00000   8.986E-01   8.986E-01  3p2   N/A    N/A    N/A 
   74   1.097111E+04   1.190386E+00   3.248E+14   1.004E+34   1.900E-01      6.862E-01   4.291E-01   7.380E-01   1.735E+00   0.000E+00   0.000E+00   0.000E+00   0.000E+00      9.833E+08   1.245E+09   1.000E+00   00000   8.995E-01   8.995E-01  3p2   N/A    N/A    N/A 
   75   1.102031E+04   1.202547E+00   3.217E+14   9.696E+33   1.883E-01      6.831E-01   4.242E-01   7.337E-01   1.730E+00   0.000E+00   0.000E+00   0.000E+00   0.000E+00      9.808E+08   1.310E+09   1.000E+00   00000   9.004E-01   9.004E-01  3p2   N/A    N/A    N/A 
   76   1.106907E+04   1.214600E+00   3.187E+14   9.355E+33   1.866E-01      6.801E-01   4.193E-01   7.295E-01   1.725E+00   0.000E+00   0.000E+00   0.000E+00   0.000E+00      9.780E+08   1.371E+09   1.000E+00   00000   9.013E-01   9.013E-01  3p2   N/A    N/A    N/A 
   77   1.111741E+04   1.226547E+00   3.157E+14   9.018E+33   1.849E-01      6.770E-01   4.143E-01   7.252E-01   1.720E+00   0.000E+00   0.000E+00   0.000E+00   0.000E+00      9.750E+08   1.430E+09   1.000E+00   00000   9.022E-01   9.022E-01  3p2   N/A    N/A    N/A 
   78   1.116533E+04   1.238392E+00   3.127E+14   8.683E+33   1.832E-01      6.740E-01   4.094E-01   7.210E-01   1.716E+00   0.000E+00   0.000E+00   0.000E+00   0.000E+00      9.719E+08   1.487E+09   1.000E+00   00000   9.030E-01   9.030E-01  3p2   N/A    N/A    N/A 
   79   1.121284E+04   1.250136E+00   3.098E+14   8.351E+33   1.815E-01      6.710E-01   4.045E-01   7.168E-01   1.711E+00   0.000E+00   0.000E+00   0.000E+00   0.000E+00      9.686E+08   1.542E+09   1.000E+00   00000   9.039E-01   9.039E-01  3p2   N/A    N/A    N/A 
   80   1.125995E+04   1.261781E+00   3.069E+14   8.023E+33   1.799E-01      6.681E-01   3.995E-01   7.126E-01   1.706E+00   0.000E+00   0.000E+00   0.000E+00   0.000E+00      9.651E+08   1.596E+09   1.000E+00   00000   9.048E-01   9.048E-01  3p2   N/A    N/A    N/A 
   81   1.130668E+04   1.273329E+00   3.040E+14   7.696E+33   1.782E-01      6.651E-01   3.945E-01   7.085E-01   1.701E+00   0.000E+00   0.000E+00   0.000E+00   0.000E+00      9.615E+08   1.649E+09   1.000E+00   00000   9.056E-01   9.056E-01  3p2   N/A    N/A    N/A 
   82   1.135302E+04   1.284645E+00   3.007E+14   7.388E+33   1.764E-01      6.618E-01   3.890E-01   7.038E-01   1.695E+00   0.000E+00   0.000E+00   0.000E+00   0.000E+00      9.572E+08   1.707E+09   1.000E+00   00000   9.066E-01   9.066E-01  3p2   N/A    N/A    N/A 
   83   1.139898E+04   1.295690E+00   2.971E+14   7.103E+33   1.743E-01      6.580E-01   3.825E-01   6.986E-01   1.689E+00   0.000E+00   0.000E+00   0.000E+00   0.000E+00      9.520E+08   1.772E+09   1.000E+00   00000   9.077E-01   9.077E-01  3p2   N/A    N/A    N/A 
   84   1.144458E+04   1.306648E+00   2.934E+14   6.821E+33   1.722E-01      6.543E-01   3.760E-01   6.933E-01   1.683E+00   0.000E+00   0.000E+00   0.000E+00   0.000E+00      9.465E+08   1.836E+09   1.000E+00   00000   9.088E-01   9.088E-01  3p2   N/A    N/A    N/A 
   85   1.148981E+04   1.317518E+00   2.898E+14   6.540E+33   1.701E-01      6.505E-01   3.695E-01   6.880E-01   1.676E+00   0.000E+00   0.000E+00   0.000E+00   0.000E+00      9.407E+08   1.899E+09   1.000E+00   00000   9.099E-01   9.099E-01  3p2   N/A    N/A    N/A 
   86   1.153470E+04   1.328304E+00   2.862E+14   6.262E+33   1.681E-01      6.468E-01   3.628E-01   6.828E-01   1.670E+00   0.000E+00   0.000E+00   0.000E+00   0.000E+00      9.347E+08   1.960E+09   1.000E+00   00000   9.109E-01   9.109E-01  3p2   N/A    N/A    N/A 
   87   1.157923E+04   1.339006E+00   2.827E+14   5.986E+33   1.660E-01      6.431E-01   3.562E-01   6.776E-01   1.664E+00   0.000E+00   0.000E+00   0.000E+00   0.000E+00      9.283E+08   2.021E+09   1.000E+00   00000   9.120E-01   9.120E-01  3p2   N/A    N/A    N/A 
   88   1.162343E+04   1.349627E+00   2.791E+14   5.712E+33   1.640E-01      6.394E-01   3.494E-01   6.724E-01   1.657E+00   0.000E+00   0.000E+00   0.000E+00   0.000E+00      9.217E+08   2.082E+09   1.000E+00   00000   9.131E-01   9.131E-01  3p2   N/A    N/A    N/A 
   89   1.166729E+04   1.360167E+00   2.756E+14   5.440E+33   1.620E-01      6.357E-01   3.426E-01   6.673E-01   1.651E+00   0.000E+00   0.000E+00   0.000E+00   0.000E+00      9.148E+08   2.141E+09   1.000E+00   00000   9.141E-01   9.141E-01  3p2   N/A    N/A    N/A 
   90   1.171082E+04   1.370629E+00   2.722E+14   5.170E+33   1.600E-01      6.320E-01   3.358E-01   6.621E-01   1.644E+00   0.000E+00   0.000E+00   0.000E+00   0.000E+00      9.077E+08   2.200E+09   1.000E+00   00000   9.152E-01   9.152E-01  3p2   N/A    N/A    N/A 
   91   1.175404E+04   1.381013E+00   2.687E+14   4.902E+33   1.580E-01      6.283E-01   3.288E-01   6.570E-01   1.638E+00   0.000E+00   0.000E+00   0.000E+00   0.000E+00      9.003E+08   2.259E+09   1.000E+00   00000   9.162E-01   9.162E-01  3p2   N/A    N/A    N/A 
   92   1.179694E+04   1.391322E+00   2.653E+14   4.636E+33   1.560E-01      6.246E-01   3.217E-01   6.519E-01   1.631E+00   0.000E+00   0.000E+00   0.000E+00   0.000E+00      8.926E+08   2.317E+09   1.000E+00   00000   9.172E-01   9.172E-01  3p2   N/A    N/A    N/A 
   93   1.183953E+04   1.400832E+00   2.603E+14   4.407E+33   1.531E-01      6.192E-01   3.110E-01   6.443E-01   1.622E+00   0.000E+00   0.000E+00   0.000E+00   0.000E+00      8.809E+08   2.400E+09   1.000E+00   00000   9.188E-01   9.188E-01  3p2   N/A    N/A    N/A 
   94   1.188181E+04   1.410207E+00   2.552E+14   4.183E+33   1.502E-01      6.136E-01   2.998E-01   6.366E-01   1.612E+00   0.000E+00   0.000E+00   0.000E+00   0.000E+00      8.682E+08   2.482E+09   1.000E+00   00000   9.203E-01   9.203E-01  3p2   N/A    N/A    N/A 
   95   1.192380E+04   1.419516E+00   2.501E+14   3.960E+33   1.473E-01      6.080E-01   2.881E-01   6.289E-01   1.602E+00   0.000E+00   0.000E+00   0.000E+00   0.000E+00      8.549E+08   2.561E+09   1.000E+00   00000   9.218E-01   9.218E-01  3p2   N/A    N/A    N/A 
   96   1.196549E+04   1.428760E+00   2.451E+14   3.739E+33   1.443E-01      6.024E-01   2.761E-01   6.211E-01   1.592E+00   0.000E+00   0.000E+00   0.000E+00   0.000E+00      8.410E+08   2.637E+09   1.000E+00   00000   9.234E-01   9.234E-01  3p2   N/A    N/A    N/A 
   97   1.200689E+04   1.437940E+00   2.401E+14   3.519E+33   1.414E-01      5.967E-01   2.634E-01   6.133E-01   1.582E+00   0.000E+00   0.000E+00   0.000E+00   0.000E+00      8.265E+08   2.710E+09   1.000E+00   00000   9.249E-01   9.249E-01  3p2   N/A    N/A    N/A 
   98   1.204801E+04   1.447057E+00   2.351E+14   3.301E+33   1.386E-01      5.910E-01   2.502E-01   6.055E-01   1.571E+00   0.000E+00   0.000E+00   0.000E+00   0.000E+00      8.115E+08   2.780E+09   1.000E+00   00000   9.264E-01   9.264E-01  3p2   N/A    N/A    N/A 
   99   1.208885E+04   1.456113E+00   2.302E+14   3.085E+33   1.357E-01      5.852E-01   2.363E-01   5.977E-01   1.561E+00   0.000E+00   0.000E+00   0.000E+00   0.000E+00      7.959E+08   2.849E+09   1.000E+00   00000   9.279E-01   9.279E-01  3p2   N/A    N/A    N/A 
  100   1.212942E+04   1.465107E+00   2.253E+14   2.870E+33   1.329E-01      5.794E-01   2.213E-01   5.899E-01   1.551E+00   0.000E+00   0.000E+00   0.000E+00   0.000E+00      7.798E+08   2.916E+09   1.000E+00   00000   9.294E-01   9.294E-01  3p2   N/A    N/A    N/A 
  101   1.216972E+04   1.473592E+00   2.200E+14   2.671E+33   1.298E-01      5.729E-01   2.041E-01   5.814E-01   1.539E+00   0.000E+00   0.000E+00   0.000E+00   0.000E+00      7.617E+08   2.988E+09   1.000E+00   00000   9.310E-01   9.310E-01  3p2   N/A    N/A    N/A 
  102   1.220975E+04   1.481359E+00   2.142E+14   2.497E+33   1.264E-01      5.657E-01   1.828E-01   5.719E-01   1.526E+00   0.000E+00   0.000E+00   0.000E+00   0.000E+00      7.410E+08   3.068E+09   1.000E+00   00000   9.328E-01   9.328E-01  3p2   N/A    N/A    N/A 
  103   1.224952E+04   1.489075E+00   2.084E+14   2.324E+33   1.230E-01      5.583E-01   1.586E-01   5.625E-01   1.513E+00   0.000E+00   0.000E+00   0.000E+00   0.000E+00      7.195E+08   3.142E+09   1.000E+00   00000   9.346E-01   9.346E-01  3p2   N/A    N/A    N/A 
  104   1.228903E+04   1.496741E+00   2.027E+14   2.152E+33   1.196E-01      5.506E-01   1.301E-01   5.530E-01   1.500E+00   0.000E+00   0.000E+00   0.000E+00   0.000E+00      6.973E+08   3.207E+09   1.000E+00   00000   9.364E-01   9.364E-01  3p2   N/A    N/A    N/A 
  105   1.232830E+04   1.504359E+00   1.969E+14   1.981E+33   1.163E-01      5.428E-01   9.400E-02   5.438E-01   1.486E+00   0.000E+00   0.000E+00   0.000E+00   0.000E+00      6.745E+08   3.256E+09   1.000E+00   00000   9.382E-01   9.382E-01  3p2   N/A    N/A    N/A 
  106   1.236731E+04   1.511928E+00   1.913E+14   1.811E+33   1.130E-01      5.347E-01  -3.039E-02   5.347E-01   1.472E+00   0.000E+00   0.000E+00   0.000E+00   0.000E+00      6.510E+08   3.284E+09   1.000E+00   00000   9.399E-01   9.399E-01  3p2   N/A    N/A    N/A 
  107   1.240608E+04   1.519449E+00   1.856E+14   1.643E+33   1.097E-01      5.262E-01  -1.830E-02   5.262E-01   1.458E+00   0.000E+00   0.000E+00   0.000E+00   0.000E+00      6.269E+08   3.290E+09   1.000E+00   00000   9.417E-01   9.417E-01  3p2   N/A    N/A    N/A 
  108   1.244461E+04   1.526189E+00   1.794E+14   1.496E+33   1.060E-01      5.165E-01   5.663E-03   5.165E-01   1.442E+00   0.000E+00   0.000E+00   0.000E+00   0.000E+00      5.996E+08   3.271E+09   1.000E+00   00000   9.436E-01   9.436E-01  3p2   N/A    N/A    N/A 
  109   1.248290E+04   1.532542E+00   1.729E+14   1.361E+33   1.022E-01      5.062E-01  -0.000E+00   5.062E-01   1.425E+00   0.000E+00   0.000E+00   0.000E+00   0.000E+00      5.706E+08   3.225E+09   1.000E+00   00000   9.456E-01   9.456E-01  3p2   N/A    N/A    N/A 
  110   1.252096E+04   1.538856E+00   1.664E+14   1.227E+33   9.842E-02      4.956E-01  -0.000E+00   4.956E-01   1.408E+00   0.000E+00   0.000E+00   0.000E+00   0.000E+00      5.411E+08   3.157E+09   1.000E+00   00000   9.476E-01   9.476E-01  3p2   N/A    N/A    N/A 
  111   1.255879E+04   1.545131E+00   1.600E+14   1.093E+33   9.465E-02      4.848E-01  -0.000E+00   4.847E-01   1.390E+00   0.000E+00   0.000E+00   0.000E+00   0.000E+00      5.112E+08   3.071E+09   1.000E+00   00000   9.496E-01   9.496E-01  3p2   N/A    N/A    N/A 
  112   1.259258E+04   1.550737E+00   1.540E+14   9.739E+32   9.108E-02      4.700E-01   0.000E+00   0.000E+00   1.248E+00   0.000E+00   0.000E+00   0.000E+00   0.000E+00      1.871E+09   0.000E+00   0.000E+00   00000   9.527E-01   0.000E+00  1s0  831.3  232.0   32.0
  113   1.262252E+04   1.555439E+00   1.482E+14   8.750E+32   8.765E-02      4.563E-01   0.000E+00   0.000E+00   1.240E+00   0.000E+00   0.000E+00   0.000E+00   0.000E+00      1.980E+09   0.000E+00   0.000E+00   00000   9.536E-01   0.000E+00  1s0  873.8  232.0   32.0
  114   1.264329E+04   1.558312E+00   1.426E+14   8.164E+32   8.434E-02      4.437E-01   0.000E+00   0.000E+00   1.231E+00   0.000E+00   0.000E+00   0.000E+00   0.000E+00      2.108E+09   0.000E+00   0.000E+00   00000   9.546E-01   0.000E+00  1s0  914.7  232.0   32.0
  115   1.266406E+04   1.561185E+00   1.372E+14   7.577E+32   8.116E-02      4.320E-01   0.000E+00   0.000E+00   1.221E+00   0.000E+00   0.000E+00   0.000E+00   0.000E+00      2.251E+09   0.000E+00   0.000E+00   00000   9.557E-01   0.000E+00  1s0  954.1  232.0   32.0
  116   1.268484E+04   1.564058E+00   1.320E+14   6.990E+32   7.810E-02      4.205E-01   0.000E+00   0.000E+00   1.210E+00   0.000E+00   0.000E+00   0.000E+00   0.000E+00      2.399E+09   0.000E+00   0.000E+00   00000   9.569E-01   0.000E+00  1s0  995.2  232.0   32.0
  117   1.270561E+04   1.566930E+00   1.271E+14   6.404E+32   7.517E-02      4.087E-01   0.000E+00   0.000E+00   1.201E+00   0.000E+00   0.000E+00   0.000E+00   0.000E+00      2.541E+09   0.000E+00   0.000E+00   00000   9.579E-01   0.000E+00  1s0 1043.5  232.0   32.0
  118   1.272639E+04   1.569803E+00   1.223E+14   5.817E+32   7.235E-02      3.977E-01   0.000E+00   0.000E+00   1.190E+00   0.000E+00   0.000E+00   0.000E+00   0.000E+00      2.690E+09   0.000E+00   0.000E+00   00000   9.591E-01   0.000E+00  1s0 1090.1  232.0   32.0
  119   1.274716E+04   1.572676E+00   1.177E+14   5.231E+32   6.963E-02      3.874E-01   0.000E+00   0.000E+00   1.179E+00   0.000E+00   0.000E+00   0.000E+00   0.000E+00      2.842E+09   0.000E+00   0.000E+00   00000   9.603E-01   0.000E+00  1s0 1134.9  232.0   32.0
  120   1.276144E+04   1.574331E+00   1.132E+14   4.899E+32   6.702E-02      3.778E-01   0.000E+00   0.000E+00   1.168E+00   0.000E+00   0.000E+00   0.000E+00   0.000E+00      2.993E+09   0.000E+00   0.000E+00   00000   9.615E-01   0.000E+00  1s0 1178.0  232.0   32.0
  121   1.277358E+04   1.575585E+00   1.090E+14   4.651E+32   6.451E-02      3.687E-01   0.000E+00   0.000E+00   1.156E+00   0.000E+00   0.000E+00   0.000E+00   0.000E+00      3.139E+09   0.000E+00   0.000E+00   00000   9.628E-01   0.000E+00  1s0 1219.4  232.0   32.0
  122   1.278571E+04   1.576839E+00   1.049E+14   4.403E+32   6.209E-02      3.601E-01   0.000E+00   0.000E+00   1.145E+00   0.000E+00   0.000E+00   0.000E+00   0.000E+00      3.280E+09   0.000E+00   0.000E+00   00000   9.641E-01   0.000E+00  1s0 1259.3  232.0   32.0
  123   1.279785E+04   1.578093E+00   1.009E+14   4.156E+32   5.976E-02      3.520E-01   0.000E+00   0.000E+00   1.133E+00   0.000E+00   0.000E+00   0.000E+00   0.000E+00      3.416E+09   0.000E+00   0.000E+00   00000   9.654E-01   0.000E+00  1s0 1297.8  232.0   32.0
  124   1.280999E+04   1.579348E+00   9.711E+13   3.908E+32   5.752E-02      3.443E-01   0.000E+00   0.000E+00   1.121E+00   0.000E+00   0.000E+00   0.000E+00   0.000E+00      3.547E+09   0.000E+00   0.000E+00   00000   9.667E-01   0.000E+00  1s0 1334.7  232.0   32.0
  125   1.282213E+04   1.580602E+00   9.345E+13   3.660E+32   5.536E-02      3.370E-01   0.000E+00   0.000E+00   1.108E+00   0.000E+00   0.000E+00   0.000E+00   0.000E+00      3.674E+09   0.000E+00   0.000E+00   00000   9.681E-01   0.000E+00  1s0 1370.3  232.0   32.0
  126   1.283427E+04   1.581856E+00   8.993E+13   3.412E+32   5.329E-02      3.300E-01   0.000E+00   0.000E+00   1.096E+00   0.000E+00   0.000E+00   0.000E+00   0.000E+00      3.796E+09   0.000E+00   0.000E+00   00000   9.694E-01   0.000E+00  1s0 1404.5  232.0   32.0
  127   1.284641E+04   1.583110E+00   8.655E+13   3.164E+32   5.129E-02      3.234E-01   0.000E+00   0.000E+00   1.084E+00   0.000E+00   0.000E+00   0.000E+00   0.000E+00      3.915E+09   0.000E+00   0.000E+00   00000   9.708E-01   0.000E+00  1s0 1437.4  232.0   32.0
  128   1.285812E+04   1.584277E+00   8.328E+13   2.934E+32   4.937E-02      3.169E-01   0.000E+00   0.000E+00   1.072E+00   0.000E+00   0.000E+00   0.000E+00   0.000E+00      4.029E+09   0.000E+00   0.000E+00   00000   9.721E-01   0.000E+00  1s0 1469.1  232.0   32.0
  129   1.286760E+04   1.584987E+00   8.015E+13   2.798E+32   4.752E-02      3.108E-01   0.000E+00   0.000E+00   1.060E+00   0.000E+00   0.000E+00   0.000E+00   0.000E+00      4.139E+09   0.000E+00   0.000E+00   00000   9.735E-01   0.000E+00  1s0 1499.6  232.0   32.0
  130   1.287709E+04   1.585696E+00   7.713E+13   2.661E+32   4.573E-02      3.291E-01   0.000E+00   0.000E+00   1.060E+00   0.000E+00   0.000E+00   0.000E+00   0.000E+00      4.135E+09   0.000E+00   0.000E+00   00000   9.734E-01   0.000E+00  1s0 1519.5  183.0   40.0
  131   1.288657E+04   1.586405E+00   7.422E+13   2.525E+32   4.401E-02      3.236E-01   0.000E+00   0.000E+00   1.047E+00   0.000E+00   0.000E+00   0.000E+00   0.000E+00      4.247E+09   0.000E+00   0.000E+00   00000   9.748E-01   0.000E+00  1s0 1538.6  183.0   40.0
  132   1.289605E+04   1.587115E+00   7.142E+13   2.389E+32   4.236E-02      3.182E-01   0.000E+00   0.000E+00   1.034E+00   0.000E+00   0.000E+00   0.000E+00   0.000E+00      4.353E+09   0.000E+00   0.000E+00   00000   9.762E-01   0.000E+00  1s0 1556.9  183.0   40.0
  133   1.290554E+04   1.587824E+00   6.873E+13   2.252E+32   4.077E-02      3.130E-01   0.000E+00   0.000E+00   1.022E+00   0.000E+00   0.000E+00   0.000E+00   0.000E+00      4.453E+09   0.000E+00   0.000E+00   00000   9.776E-01   0.000E+00  1s0 1574.5  183.0   40.0
  134   1.291502E+04   1.588533E+00   6.614E+13   2.116E+32   3.923E-02      3.079E-01   0.000E+00   0.000E+00   1.009E+00   0.000E+00   0.000E+00   0.000E+00   0.000E+00      4.548E+09   0.000E+00   0.000E+00   00000   9.790E-01   0.000E+00  1s0 1591.5  183.0   40.0
  135   1.292450E+04   1.589243E+00   6.365E+13   1.980E+32   3.776E-02      3.030E-01   0.000E+00   0.000E+00   9.969E-01   0.000E+00   0.000E+00   0.000E+00   0.000E+00      4.637E+09   0.000E+00   0.000E+00   00000   9.803E-01   0.000E+00  1s0 1607.8  183.0   40.0
  136   1.293398E+04   1.589952E+00   6.125E+13   1.843E+32   3.634E-02      2.982E-01   0.000E+00   0.000E+00   9.847E-01   0.000E+00   0.000E+00   0.000E+00   0.000E+00      4.720E+09   0.000E+00   0.000E+00   00000   9.817E-01   0.000E+00  1s0 1623.5  183.0   40.0
  137   1.294332E+04   1.590635E+00   5.894E+13   1.712E+32   3.497E-02      2.935E-01   0.000E+00   0.000E+00   9.725E-01   0.000E+00   0.000E+00   0.000E+00   0.000E+00      4.798E+09   0.000E+00   0.000E+00   00000   9.830E-01   0.000E+00  1s0 1638.7  183.0   40.0
  138   1.295118E+04   1.591054E+00   5.672E+13   1.634E+32   3.366E-02      2.889E-01   0.000E+00   0.000E+00   9.606E-01   0.000E+00   0.000E+00   0.000E+00   0.000E+00      4.869E+09   0.000E+00   0.000E+00   00000   9.843E-01   0.000E+00  1s0 1653.2  183.0   40.0
  139   1.295904E+04   1.591473E+00   5.459E+13   1.555E+32   3.239E-02      2.844E-01   0.000E+00   0.000E+00   9.487E-01   0.000E+00   0.000E+00   0.000E+00   0.000E+00      4.934E+09   0.000E+00   0.000E+00   00000   9.856E-01   0.000E+00  1s0 1667.2  183.0   40.0
  140   1.296690E+04   1.591892E+00   5.253E+13   1.476E+32   3.118E-02      2.801E-01   0.000E+00   0.000E+00   9.370E-01   0.000E+00   0.000E+00   0.000E+00   0.000E+00      4.994E+09   0.000E+00   0.000E+00   00000   9.869E-01   0.000E+00  1s0 1680.7  183.0   40.0
  141   1.297476E+04   1.592311E+00   5.055E+13   1.398E+32   3.001E-02      2.758E-01   0.000E+00   0.000E+00   9.254E-01   0.000E+00   0.000E+00   0.000E+00   0.000E+00      5.047E+09   0.000E+00   0.000E+00   00000   9.882E-01   0.000E+00  1s0 1693.7  183.0   40.0
  142   1.298262E+04   1.592730E+00   4.865E+13   1.319E+32   2.888E-02      2.717E-01   0.000E+00   0.000E+00   9.139E-01   0.000E+00   0.000E+00   0.000E+00   0.000E+00      5.094E+09   0.000E+00   0.000E+00   00000   9.895E-01   0.000E+00  1s0 1706.1  183.0   40.0
  143   1.299049E+04   1.593149E+00   4.681E+13   1.241E+32   2.779E-02      2.676E-01   0.000E+00   0.000E+00   9.026E-01   0.000E+00   0.000E+00   0.000E+00   0.000E+00      5.134E+09   0.000E+00   0.000E+00   00000   9.907E-01   0.000E+00  1s0 1718.2  183.0   40.0
  144   1.299835E+04   1.593568E+00   4.505E+13   1.162E+32   2.675E-02      2.636E-01   0.000E+00   0.000E+00   8.914E-01   0.000E+00   0.000E+00   0.000E+00   0.000E+00      5.169E+09   0.000E+00   0.000E+00   00000   9.919E-01   0.000E+00  1s0 1729.7  183.0   40.0
  145   1.300621E+04   1.593988E+00   4.335E+13   1.083E+32   2.575E-02      2.597E-01   0.000E+00   0.000E+00   8.803E-01   0.000E+00   0.000E+00   0.000E+00   0.000E+00      5.197E+09   0.000E+00   0.000E+00   00000   9.932E-01   0.000E+00  1s0 1740.8  183.0   40.0
  146   1.301407E+04   1.594407E+00   4.172E+13   1.005E+32   2.478E-02      2.559E-01   0.000E+00   0.000E+00   8.693E-01   0.000E+00   0.000E+00   0.000E+00   0.000E+00      5.219E+09   0.000E+00   0.000E+00   00000   9.944E-01   0.000E+00  1s0 1751.5  183.0   40.0
  147   1.302070E+04   1.594666E+00   4.015E+13   9.571E+31   2.385E-02      2.521E-01   0.000E+00   0.000E+00   8.585E-01   0.000E+00   0.000E+00   0.000E+00   0.000E+00      5.235E+09   0.000E+00   0.000E+00   00000   9.956E-01   0.000E+00  1s0 1761.8  183.0   40.0
  148   1.302723E+04   1.594913E+00   3.863E+13   9.117E+31   2.295E-02      2.485E-01   0.000E+00   0.000E+00   8.478E-01   0.000E+00   0.000E+00   0.000E+00   0.000E+00      5.244E+09   0.000E+00   0.000E+00   00000   9.967E-01   0.000E+00  1s0 1771.7  183.0   40.0
  149   1.303376E+04   1.595161E+00   3.718E+13   8.663E+31   2.209E-02      2.449E-01   0.000E+00   0.000E+00   8.372E-01   0.000E+00   0.000E+00   0.000E+00   0.000E+00      5.248E+09   0.000E+00   0.000E+00   00000   9.979E-01   0.000E+00  1s0 1781.3  183.0   40.0
  150   1.304030E+04   1.595408E+00   3.578E+13   8.209E+31   2.126E-02      2.414E-01   0.000E+00   0.000E+00   8.268E-01   0.000E+00   0.000E+00   0.000E+00   0.000E+00      5.245E+09   0.000E+00   0.000E+00   00000   9.991E-01   0.000E+00  1s0 1790.5  183.0   40.0
  151   1.304683E+04   1.595655E+00   3.443E+13   7.755E+31   2.046E-02      2.379E-01   0.000E+00   0.000E+00   8.165E-01   0.000E+00   0.000E+00   0.000E+00   0.000E+00      5.236E+09   0.000E+00   0.000E+00   00000   1.000E+00   0.000E+00  1s0 1799.3  183.0   40.0
  152   1.305336E+04   1.595902E+00   3.313E+13   7.301E+31   1.969E-02      2.543E-01   0.000E+00   0.000E+00   8.040E-01   0.000E+00   0.000E+00   0.000E+00   0.000E+00      5.217E+09   0.000E+00   0.000E+00   00000   1.000E+00   0.000E+00  1s0 1772.4  193.0   50.0
  153   1.305989E+04   1.596150E+00   3.188E+13   6.847E+31   1.895E-02      2.525E-01   0.000E+00   0.000E+00   7.932E-01   0.000E+00   0.000E+00   0.000E+00   0.000E+00      5.193E+09   0.000E+00   0.000E+00   00000   1.000E+00   0.000E+00  1s0 1743.4  193.0   50.0
  154   1.306642E+04   1.596397E+00   3.068E+13   6.394E+31   1.824E-02      2.506E-01   0.000E+00   0.000E+00   7.826E-01   0.000E+00   0.000E+00   0.000E+00   0.000E+00      5.162E+09   0.000E+00   0.000E+00   00000   1.000E+00   0.000E+00  1s0 1715.4  193.0   50.0
  155   1.307296E+04   1.596644E+00   2.953E+13   5.940E+31   1.755E-02      2.487E-01   0.000E+00   0.000E+00   7.722E-01   0.000E+00   0.000E+00   0.000E+00   0.000E+00      5.126E+09   0.000E+00   0.000E+00   00000   1.000E+00   0.000E+00  1s0 1688.6  193.0   50.0
  156   1.307873E+04   1.596821E+00   2.841E+13   5.618E+31   1.689E-02      2.469E-01   0.000E+00   0.000E+00   7.618E-01   0.000E+00   0.000E+00   0.000E+00   0.000E+00      5.085E+09   0.000E+00   0.000E+00   00000   1.000E+00   0.000E+00  1s0 1662.7  193.0   50.0
  157   1.308416E+04   1.596966E+00   2.734E+13   5.357E+31   1.626E-02      2.449E-01   0.000E+00   0.000E+00   7.517E-01   0.000E+00   0.000E+00   0.000E+00   0.000E+00      5.039E+09   0.000E+00   0.000E+00   00000   1.000E+00   0.000E+00  1s0 1637.8  193.0   50.0
  158   1.308960E+04   1.597111E+00   2.631E+13   5.095E+31   1.565E-02      2.430E-01   0.000E+00   0.000E+00   7.416E-01   0.000E+00   0.000E+00   0.000E+00   0.000E+00      4.990E+09   0.000E+00   0.000E+00   00000   1.000E+00   0.000E+00  1s0 1613.9  193.0   50.0
  159   1.309503E+04   1.597257E+00   2.532E+13   4.833E+31   1.506E-02      2.411E-01   0.000E+00   0.000E+00   7.317E-01   0.000E+00   0.000E+00   0.000E+00   0.000E+00      4.938E+09   0.000E+00   0.000E+00   00000   1.000E+00   0.000E+00  1s0 1590.8  193.0   50.0
  160   1.310046E+04   1.597402E+00   2.437E+13   4.572E+31   1.449E-02      2.392E-01   0.000E+00   0.000E+00   7.220E-01   0.000E+00   0.000E+00   0.000E+00   0.000E+00      4.882E+09   0.000E+00   0.000E+00   00000   1.000E+00   0.000E+00  1s0 1568.7  193.0   50.0
  161   1.310589E+04   1.597547E+00   2.345E+13   4.310E+31   1.395E-02      2.372E-01   0.000E+00   0.000E+00   7.124E-01   0.000E+00   0.000E+00   0.000E+00   0.000E+00      4.825E+09   0.000E+00   0.000E+00   00000   1.000E+00   0.000E+00  1s0 1547.3  193.0   50.0
  162   1.311132E+04   1.597692E+00   2.257E+13   4.049E+31   1.342E-02      2.352E-01   0.000E+00   0.000E+00   7.029E-01   0.000E+00   0.000E+00   0.000E+00   0.000E+00      4.765E+09   0.000E+00   0.000E+00   00000   1.000E+00   0.000E+00  1s0 1526.8  193.0   50.0
  163   1.311676E+04   1.597837E+00   2.172E+13   3.787E+31   1.292E-02      2.333E-01   0.000E+00   0.000E+00   6.935E-01   0.000E+00   0.000E+00   0.000E+00   0.000E+00      4.705E+09   0.000E+00   0.000E+00   00000   1.000E+00   0.000E+00  1s0 1507.0  193.0   50.0
  164   1.312219E+04   1.597982E+00   2.090E+13   3.525E+31   1.243E-02      2.313E-01   0.000E+00   0.000E+00   6.843E-01   0.000E+00   0.000E+00   0.000E+00   0.000E+00      4.643E+09   0.000E+00   0.000E+00   00000   1.000E+00   0.000E+00  1s0 1488.0  193.0   50.0
  165   1.312727E+04   1.598105E+00   2.011E+13   3.306E+31   1.197E-02      2.293E-01   0.000E+00   0.000E+00   6.752E-01   0.000E+00   0.000E+00   0.000E+00   0.000E+00      4.580E+09   0.000E+00   0.000E+00   00000   1.000E+00   0.000E+00  1s0 1469.7  193.0   50.0
  166   1.313179E+04   1.598190E+00   1.935E+13   3.155E+31   1.152E-02      2.273E-01   0.000E+00   0.000E+00   6.662E-01   0.000E+00   0.000E+00   0.000E+00   0.000E+00      4.516E+09   0.000E+00   0.000E+00   00000   1.000E+00   0.000E+00  1s0 1452.1  193.0   50.0
  167   1.313632E+04   1.598275E+00   1.862E+13   3.004E+31   1.108E-02      2.253E-01   0.000E+00   0.000E+00   6.573E-01   0.000E+00   0.000E+00   0.000E+00   0.000E+00      4.453E+09   0.000E+00   0.000E+00   00000   1.000E+00   0.000E+00  1s0 1435.1  193.0   50.0
  168   1.314084E+04   1.598360E+00   1.792E+13   2.853E+31   1.067E-02      2.233E-01   0.000E+00   0.000E+00   6.486E-01   0.000E+00   0.000E+00   0.000E+00   0.000E+00      4.389E+09   0.000E+00   0.000E+00   00000   1.000E+00   0.000E+00  1s0 1418.8  193.0   50.0
  169   1.314536E+04   1.598445E+00   1.725E+13   2.702E+31   1.027E-02      2.213E-01   0.000E+00   0.000E+00   6.400E-01   0.000E+00   0.000E+00   0.000E+00   0.000E+00      4.325E+09   0.000E+00   0.000E+00   00000   1.000E+00   0.000E+00  1s0 1403.1  193.0   50.0
  170   1.314988E+04   1.598530E+00   1.660E+13   2.551E+31   9.881E-03      2.192E-01   0.000E+00   0.000E+00   6.315E-01   0.000E+00   0.000E+00   0.000E+00   0.000E+00      4.261E+09   0.000E+00   0.000E+00   00000   1.000E+00   0.000E+00  1s0 1388.0  193.0   50.0
  171   1.315441E+04   1.598615E+00   1.597E+13   2.400E+31   9.510E-03      2.172E-01   0.000E+00   0.000E+00   6.232E-01   0.000E+00   0.000E+00   0.000E+00   0.000E+00      4.198E+09   0.000E+00   0.000E+00   00000   1.000E+00   0.000E+00  1s0 1373.5  193.0   50.0
  172   1.315893E+04   1.598700E+00   1.537E+13   2.249E+31   9.153E-03      2.152E-01   0.000E+00   0.000E+00   6.149E-01   0.000E+00   0.000E+00   0.000E+00   0.000E+00      4.136E+09   0.000E+00   0.000E+00   00000   1.000E+00   0.000E+00  1s0 1359.5  193.0   50.0
  173   1.316345E+04   1.598785E+00   1.479E+13   2.098E+31   8.809E-03      2.134E-01   0.000E+00   0.000E+00   6.118E-01   0.000E+00   0.000E+00   0.000E+00   0.000E+00      4.111E+09   0.000E+00   0.000E+00   00000   1.000E+00   0.000E+00  1s0 1341.9  164.0   50.0
  174   1.316796E+04   1.598870E+00   1.423E+13   1.949E+31   8.477E-03      2.121E-01   0.000E+00   0.000E+00   6.034E-01   0.000E+00   0.000E+00   0.000E+00   0.000E+00      4.048E+09   0.000E+00   0.000E+00   00000   1.000E+00   0.000E+00  1s0 1315.5  164.0   50.0
  175   1.317165E+04   1.598918E+00   1.370E+13   1.864E+31   8.158E-03      2.108E-01   0.000E+00   0.000E+00   5.952E-01   0.000E+00   0.000E+00   0.000E+00   0.000E+00      3.985E+09   0.000E+00   0.000E+00   00000   1.000E+00   0.000E+00  1s0 1290.1  164.0   50.0
  176   1.317534E+04   1.598967E+00   1.318E+13   1.779E+31   7.851E-03      2.094E-01   0.000E+00   0.000E+00   5.871E-01   0.000E+00   0.000E+00   0.000E+00   0.000E+00      3.923E+09   0.000E+00   0.000E+00   00000   1.000E+00   0.000E+00  1s0 1265.7  164.0   50.0
  177   1.317903E+04   1.599015E+00   1.268E+13   1.694E+31   7.555E-03      2.080E-01   0.000E+00   0.000E+00   5.791E-01   0.000E+00   0.000E+00   0.000E+00   0.000E+00      3.862E+09   0.000E+00   0.000E+00   00000   1.000E+00   0.000E+00  1s0 1242.1  164.0   50.0
  178   1.318272E+04   1.599064E+00   1.221E+13   1.609E+31   7.271E-03      2.067E-01   0.000E+00   0.000E+00   5.712E-01   0.000E+00   0.000E+00   0.000E+00   0.000E+00      3.802E+09   0.000E+00   0.000E+00   00000   1.000E+00   0.000E+00  1s0 1219.5  164.0   50.0
  179   1.318641E+04   1.599112E+00   1.175E+13   1.524E+31   6.997E-03      2.053E-01   0.000E+00   0.000E+00   5.634E-01   0.000E+00   0.000E+00   0.000E+00   0.000E+00      3.742E+09   0.000E+00   0.000E+00   00000   1.000E+00   0.000E+00  1s0 1197.7  164.0   50.0
  180   1.319010E+04   1.599161E+00   1.130E+13   1.439E+31   6.733E-03      2.039E-01   0.000E+00   0.000E+00   5.557E-01   0.000E+00   0.000E+00   0.000E+00   0.000E+00      3.682E+09   0.000E+00   0.000E+00   00000   1.000E+00   0.000E+00  1s0 1176.7  164.0   50.0
  181   1.319379E+04   1.599209E+00   1.088E+13   1.354E+31   6.480E-03      2.024E-01   0.000E+00   0.000E+00   5.481E-01   0.000E+00   0.000E+00   0.000E+00   0.000E+00      3.623E+09   0.000E+00   0.000E+00   00000   1.000E+00   0.000E+00  1s0 1156.5  164.0   50.0
  182   1.319748E+04   1.599258E+00   1.047E+13   1.269E+31   6.236E-03      2.010E-01   0.000E+00   0.000E+00   5.406E-01   0.000E+00   0.000E+00   0.000E+00   0.000E+00      3.564E+09   0.000E+00   0.000E+00   00000   1.000E+00   0.000E+00  1s0 1137.1  164.0   50.0
  183   1.320117E+04   1.599306E+00   1.007E+13   1.185E+31   6.001E-03      1.995E-01   0.000E+00   0.000E+00   5.332E-01   0.000E+00   0.000E+00   0.000E+00   0.000E+00      3.505E+09   0.000E+00   0.000E+00   00000   1.000E+00   0.000E+00  1s0 1118.4  164.0   50.0
  184   1.320453E+04   1.599345E+00   9.694E+12   1.116E+31   5.775E-03      1.981E-01   0.000E+00   0.000E+00   5.260E-01   0.000E+00   0.000E+00   0.000E+00   0.000E+00      3.447E+09   0.000E+00   0.000E+00   00000   1.000E+00   0.000E+00  1s0 1100.4  164.0   50.0
  185   1.320743E+04   1.599372E+00   9.328E+12   1.071E+31   5.558E-03      1.965E-01   0.000E+00   0.000E+00   5.194E-01   0.000E+00   0.000E+00   0.000E+00   0.000E+00      3.393E+09   0.000E+00   0.000E+00   00000   1.000E+00   0.000E+00  1s0 1084.4  161.0   50.0
  186   1.321032E+04   1.599398E+00   8.977E+12   1.026E+31   5.349E-03      1.949E-01   0.000E+00   0.000E+00   5.124E-01   0.000E+00   0.000E+00   0.000E+00   0.000E+00      3.335E+09   0.000E+00   0.000E+00   00000   1.000E+00   0.000E+00  1s0 1069.0  161.0   50.0
  187   1.321322E+04   1.599424E+00   8.639E+12   9.806E+30   5.147E-03      1.934E-01   0.000E+00   0.000E+00   5.054E-01   0.000E+00   0.000E+00   0.000E+00   0.000E+00      3.277E+09   0.000E+00   0.000E+00   00000   1.000E+00   0.000E+00  1s0 1054.2  161.0   50.0
  188   1.321611E+04   1.599450E+00   8.313E+12   9.355E+30   4.954E-03      1.918E-01   0.000E+00   0.000E+00   4.986E-01   0.000E+00   0.000E+00   0.000E+00   0.000E+00      3.219E+09   0.000E+00   0.000E+00   00000   1.000E+00   0.000E+00  1s0 1040.0  161.0   50.0
  189   1.321900E+04   1.599476E+00   8.000E+12   8.904E+30   4.767E-03      1.902E-01   0.000E+00   0.000E+00   4.919E-01   0.000E+00   0.000E+00   0.000E+00   0.000E+00      3.161E+09   0.000E+00   0.000E+00   00000   1.000E+00   0.000E+00  1s0 1026.3  161.0   50.0
  190   1.322190E+04   1.599502E+00   7.699E+12   8.453E+30   4.588E-03      1.886E-01   0.000E+00   0.000E+00   4.852E-01   0.000E+00   0.000E+00   0.000E+00   0.000E+00      3.102E+09   0.000E+00   0.000E+00   00000   1.000E+00   0.000E+00  1s0 1013.1  161.0   50.0
  191   1.322479E+04   1.599528E+00   7.408E+12   8.002E+30   4.415E-03      1.870E-01   0.000E+00   0.000E+00   4.787E-01   0.000E+00   0.000E+00   0.000E+00   0.000E+00      3.044E+09   0.000E+00   0.000E+00   00000   1.000E+00   0.000E+00  1s0 1000.4  161.0   50.0
  192   1.322769E+04   1.599554E+00   7.129E+12   7.551E+30   4.249E-03      1.853E-01   0.000E+00   0.000E+00   4.722E-01   0.000E+00   0.000E+00   0.000E+00   0.000E+00      2.986E+09   0.000E+00   0.000E+00   00000   1.000E+00   0.000E+00  1s0  988.2  161.0   50.0
  193   1.323058E+04   1.599580E+00   6.861E+12   7.100E+30   4.089E-03      1.837E-01   0.000E+00   0.000E+00   4.659E-01   0.000E+00   0.000E+00   0.000E+00   0.000E+00      2.928E+09   0.000E+00   0.000E+00   00000   1.000E+00   0.000E+00  1s0  976.4  161.0   50.0
  194   1.323346E+04   1.599606E+00   6.602E+12   6.655E+30   3.935E-03      1.821E-01   0.000E+00   0.000E+00   4.596E-01   0.000E+00   0.000E+00   0.000E+00   0.000E+00      2.871E+09   0.000E+00   0.000E+00   00000   1.000E+00   0.000E+00  1s0  965.1  161.0   50.0
  195   1.323554E+04   1.599618E+00   6.353E+12   6.446E+30   3.787E-03      1.805E-01   0.000E+00   0.000E+00   4.534E-01   0.000E+00   0.000E+00   0.000E+00   0.000E+00      2.813E+09   0.000E+00   0.000E+00   00000   1.000E+00   0.000E+00  1s0  954.2  161.0   50.0
  196   1.323762E+04   1.599630E+00   6.114E+12   6.238E+30   3.645E-03      1.796E-01   0.000E+00   0.000E+00   4.473E-01   0.000E+00   0.000E+00   0.000E+00   0.000E+00      2.757E+09   0.000E+00   0.000E+00   00000   1.000E+00   0.000E+00  1s0  932.1  159.0   50.0
  197   1.323970E+04   1.599642E+00   5.884E+12   6.030E+30   3.508E-03      1.791E-01   0.000E+00   0.000E+00   4.407E-01   0.000E+00   0.000E+00   0.000E+00   0.000E+00      2.694E+09   0.000E+00   0.000E+00   00000   1.000E+00   0.000E+00  1s0  903.2  159.0   50.0
  198   1.324179E+04   1.599654E+00   5.662E+12   5.822E+30   3.376E-03      1.787E-01   0.000E+00   0.000E+00   4.341E-01   0.000E+00   0.000E+00   0.000E+00   0.000E+00      2.632E+09   0.000E+00   0.000E+00   00000   1.000E+00   0.000E+00  1s0  875.5  159.0   50.0
  199   1.324387E+04   1.599666E+00   5.449E+12   5.614E+30   3.248E-03      1.783E-01   0.000E+00   0.000E+00   4.276E-01   0.000E+00   0.000E+00   0.000E+00   0.000E+00      2.571E+09   0.000E+00   0.000E+00   00000   1.000E+00   0.000E+00  1s0  848.7  159.0   50.0
  200   1.324595E+04   1.599679E+00   5.243E+12   5.405E+30   3.126E-03      1.778E-01   0.000E+00   0.000E+00   4.211E-01   0.000E+00   0.000E+00   0.000E+00   0.000E+00      2.509E+09   0.000E+00   0.000E+00   00000   1.000E+00   0.000E+00  1s0  823.0  159.0   50.0
  201   1.324804E+04   1.599691E+00   5.046E+12   5.197E+30   3.008E-03      1.774E-01   0.000E+00   0.000E+00   4.147E-01   0.000E+00   0.000E+00   0.000E+00   0.000E+00      2.448E+09   0.000E+00   0.000E+00   00000   1.000E+00   0.000E+00  1s0  798.3  159.0   50.0
  202   1.325012E+04   1.599703E+00   4.856E+12   4.989E+30   2.895E-03      1.769E-01   0.000E+00   0.000E+00   4.084E-01   0.000E+00   0.000E+00   0.000E+00   0.000E+00      2.388E+09   0.000E+00   0.000E+00   00000   1.000E+00   0.000E+00  1s0  774.4  159.0   50.0
  203   1.325220E+04   1.599715E+00   4.673E+12   4.781E+30   2.786E-03      1.764E-01   0.000E+00   0.000E+00   4.022E-01   0.000E+00   0.000E+00   0.000E+00   0.000E+00      2.328E+09   0.000E+00   0.000E+00   00000   1.000E+00   0.000E+00  1s0  751.5  159.0   50.0
  204   1.325428E+04   1.599727E+00   4.497E+12   4.572E+30   2.681E-03      1.759E-01   0.000E+00   0.000E+00   3.960E-01   0.000E+00   0.000E+00   0.000E+00   0.000E+00      2.269E+09   0.000E+00   0.000E+00   00000   1.000E+00   0.000E+00  1s0  729.5  159.0   50.0
  205   1.325637E+04   1.599739E+00   4.327E+12   4.364E+30   2.580E-03      1.754E-01   0.000E+00   0.000E+00   3.898E-01   0.000E+00   0.000E+00   0.000E+00   0.000E+00      2.211E+09   0.000E+00   0.000E+00   00000   1.000E+00   0.000E+00  1s0  708.2  159.0   50.0
  206   1.325845E+04   1.599751E+00   4.164E+12   4.156E+30   2.483E-03      1.748E-01   0.000E+00   0.000E+00   3.838E-01   0.000E+00   0.000E+00   0.000E+00   0.000E+00      2.153E+09   0.000E+00   0.000E+00   00000   1.000E+00   0.000E+00  1s0  687.8  159.0   50.0
  207   1.326048E+04   1.599762E+00   4.007E+12   3.978E+30   2.390E-03      1.743E-01   0.000E+00   0.000E+00   3.778E-01   0.000E+00   0.000E+00   0.000E+00   0.000E+00      2.096E+09   0.000E+00   0.000E+00   00000   1.000E+00   0.000E+00  1s0  668.2  159.0   50.0
  208   1.326240E+04   1.599769E+00   3.856E+12   3.862E+30   2.300E-03      1.737E-01   0.000E+00   0.000E+00   3.719E-01   0.000E+00   0.000E+00   0.000E+00   0.000E+00      2.039E+09   0.000E+00   0.000E+00   00000   1.000E+00   0.000E+00  1s0  649.2  159.0   50.0
  209   1.326433E+04   1.599775E+00   3.711E+12   3.747E+30   2.213E-03      1.732E-01   0.000E+00   0.000E+00   3.660E-01   0.000E+00   0.000E+00   0.000E+00   0.000E+00      1.984E+09   0.000E+00   0.000E+00   00000   1.000E+00   0.000E+00  1s0  631.0  159.0   50.0
  210   1.326625E+04   1.599782E+00   3.571E+12   3.631E+30   2.130E-03      1.726E-01   0.000E+00   0.000E+00   3.602E-01   0.000E+00   0.000E+00   0.000E+00   0.000E+00      1.929E+09   0.000E+00   0.000E+00   00000   1.000E+00   0.000E+00  1s0  613.5  159.0   50.0
  211   1.326818E+04   1.599789E+00   3.437E+12   3.515E+30   2.050E-03      1.720E-01   0.000E+00   0.000E+00   3.544E-01   0.000E+00   0.000E+00   0.000E+00   0.000E+00      1.875E+09   0.000E+00   0.000E+00   00000   1.000E+00   0.000E+00  1s0  596.7  159.0   50.0
  212   1.327010E+04   1.599796E+00   3.307E+12   3.400E+30   1.973E-03      1.714E-01   0.000E+00   0.000E+00   3.487E-01   0.000E+00   0.000E+00   0.000E+00   0.000E+00      1.822E+09   0.000E+00   0.000E+00   00000   1.000E+00   0.000E+00  1s0  580.4  159.0   50.0
  213   1.327202E+04   1.599803E+00   3.183E+12   3.284E+30   1.898E-03      1.707E-01   0.000E+00   0.000E+00   3.431E-01   0.000E+00   0.000E+00   0.000E+00   0.000E+00      1.769E+09   0.000E+00   0.000E+00   00000   1.000E+00   0.000E+00  1s0  564.8  159.0   50.0
  214   1.327395E+04   1.599809E+00   3.063E+12   3.169E+30   1.827E-03      1.701E-01   0.000E+00   0.000E+00   3.375E-01   0.000E+00   0.000E+00   0.000E+00   0.000E+00      1.718E+09   0.000E+00   0.000E+00   00000   1.000E+00   0.000E+00  1s0  549.8  159.0   50.0
  215   1.327587E+04   1.599816E+00   2.947E+12   3.053E+30   1.758E-03      1.694E-01   0.000E+00   0.000E+00   3.320E-01   0.000E+00   0.000E+00   0.000E+00   0.000E+00      1.668E+09   0.000E+00   0.000E+00   00000   1.000E+00   0.000E+00  1s0  535.4  159.0   50.0
  216   1.327779E+04   1.599823E+00   2.836E+12   2.937E+30   1.692E-03      1.687E-01   0.000E+00   0.000E+00   3.266E-01   0.000E+00   0.000E+00   0.000E+00   0.000E+00      1.618E+09   0.000E+00   0.000E+00   00000   1.000E+00   0.000E+00  1s0  521.4  159.0   50.0
  217   1.327972E+04   1.599830E+00   2.729E+12   2.822E+30   1.628E-03      1.680E-01   0.000E+00   0.000E+00   3.212E-01   0.000E+00   0.000E+00   0.000E+00   0.000E+00      1.570E+09   0.000E+00   0.000E+00   00000   1.000E+00   0.000E+00  1s0  508.1  159.0   50.0
  218   1.328164E+04   1.599837E+00   2.626E+12   2.706E+30   1.567E-03      1.554E-01   0.000E+00   0.000E+00   3.284E-01   0.000E+00   0.000E+00   0.000E+00   0.000E+00      1.635E+09   0.000E+00   0.000E+00   00000   1.000E+00   0.000E+00  1s0  494.2  117.0   40.0
  219   1.328356E+04   1.599843E+00   2.528E+12   2.590E+30   1.508E-03      1.550E-01   0.000E+00   0.000E+00   3.232E-01   0.000E+00   0.000E+00   0.000E+00   0.000E+00      1.588E+09   0.000E+00   0.000E+00   00000   1.000E+00   0.000E+00  1s0  479.3  117.0   40.0
  220   1.328549E+04   1.599850E+00   2.432E+12   2.475E+30   1.451E-03      1.546E-01   0.000E+00   0.000E+00   3.180E-01   0.000E+00   0.000E+00   0.000E+00   0.000E+00      1.542E+09   0.000E+00   0.000E+00   00000   1.000E+00   0.000E+00  1s0  464.9  117.0   40.0
  221   1.328723E+04   1.599854E+00   2.341E+12   2.404E+30   1.397E-03      1.542E-01   0.000E+00   0.000E+00   3.129E-01   0.000E+00   0.000E+00   0.000E+00   0.000E+00      1.496E+09   0.000E+00   0.000E+00   00000   1.000E+00   0.000E+00  1s0  451.1  117.0   40.0
  222   1.328891E+04   1.599858E+00   2.252E+12   2.347E+30   1.344E-03      1.538E-01   0.000E+00   0.000E+00   3.078E-01   0.000E+00   0.000E+00   0.000E+00   0.000E+00      1.452E+09   0.000E+00   0.000E+00   00000   1.000E+00   0.000E+00  1s0  437.8  117.0   40.0
  223   1.329060E+04   1.599861E+00   2.168E+12   2.291E+30   1.294E-03      1.533E-01   0.000E+00   0.000E+00   3.028E-01   0.000E+00   0.000E+00   0.000E+00   0.000E+00      1.408E+09   0.000E+00   0.000E+00   00000   1.000E+00   0.000E+00  1s0  424.9  117.0   40.0
  224   1.329228E+04   1.599865E+00   2.086E+12   2.234E+30   1.245E-03      1.529E-01   0.000E+00   0.000E+00   2.978E-01   0.000E+00   0.000E+00   0.000E+00   0.000E+00      1.366E+09   0.000E+00   0.000E+00   00000   1.000E+00   0.000E+00  1s0  412.6  117.0   40.0
  225   1.329397E+04   1.599868E+00   2.007E+12   2.178E+30   1.198E-03      1.524E-01   0.000E+00   0.000E+00   2.929E-01   0.000E+00   0.000E+00   0.000E+00   0.000E+00      1.324E+09   0.000E+00   0.000E+00   00000   1.000E+00   0.000E+00  1s0  400.8  117.0   40.0
  226   1.329565E+04   1.599871E+00   1.932E+12   2.121E+30   1.153E-03      1.519E-01   0.000E+00   0.000E+00   2.880E-01   0.000E+00   0.000E+00   0.000E+00   0.000E+00      1.283E+09   0.000E+00   0.000E+00   00000   1.000E+00   0.000E+00  1s0  389.4  117.0   40.0
  227   1.329734E+04   1.599875E+00   1.859E+12   2.065E+30   1.110E-03      1.514E-01   0.000E+00   0.000E+00   2.831E-01   0.000E+00   0.000E+00   0.000E+00   0.000E+00      1.243E+09   0.000E+00   0.000E+00   00000   1.000E+00   0.000E+00  1s0  378.4  117.0   40.0
  228   1.329902E+04   1.599878E+00   1.789E+12   2.008E+30   1.068E-03      1.509E-01   0.000E+00   0.000E+00   2.783E-01   0.000E+00   0.000E+00   0.000E+00   0.000E+00      1.203E+09   0.000E+00   0.000E+00   00000   1.000E+00   0.000E+00  1s0  367.8  117.0   40.0
  229   1.330071E+04   1.599881E+00   1.721E+12   1.952E+30   1.028E-03      1.504E-01   0.000E+00   0.000E+00   2.736E-01   0.000E+00   0.000E+00   0.000E+00   0.000E+00      1.165E+09   0.000E+00   0.000E+00   00000   1.000E+00   0.000E+00  1s0  357.6  117.0   40.0
  230   1.330239E+04   1.599885E+00   1.657E+12   1.895E+30   9.890E-04      1.499E-01   0.000E+00   0.000E+00   2.689E-01   0.000E+00   0.000E+00   0.000E+00   0.000E+00      1.126E+09   0.000E+00   0.000E+00   00000   1.000E+00   0.000E+00  1s0  347.9  117.0   40.0
  231   1.330407E+04   1.599888E+00   1.594E+12   1.839E+30   9.518E-04      1.493E-01   0.000E+00   0.000E+00   2.642E-01   0.000E+00   0.000E+00   0.000E+00   0.000E+00      1.089E+09   0.000E+00   0.000E+00   00000   1.000E+00   0.000E+00  1s0  338.4  117.0   40.0
  232   1.330576E+04   1.599891E+00   1.534E+12   1.782E+30   9.160E-04      1.488E-01   0.000E+00   0.000E+00   2.596E-01   0.000E+00   0.000E+00   0.000E+00   0.000E+00      1.052E+09   0.000E+00   0.000E+00   00000   1.000E+00   0.000E+00  1s0  329.4  117.0   40.0
  233   1.330744E+04   1.599895E+00   1.476E+12   1.726E+30   8.816E-04      1.482E-01   0.000E+00   0.000E+00   2.550E-01   0.000E+00   0.000E+00   0.000E+00   0.000E+00      1.016E+09   0.000E+00   0.000E+00   00000   1.000E+00   0.000E+00  1s0  320.6  117.0   40.0
  234   1.330913E+04   1.599898E+00   1.421E+12   1.669E+30   8.484E-04      1.476E-01   0.000E+00   0.000E+00   2.509E-01   0.000E+00   0.000E+00   0.000E+00   0.000E+00      9.839E+08   0.000E+00   0.000E+00   00000   1.000E+00   0.000E+00  1s0  312.3  116.0   40.0
  235   1.331081E+04   1.599901E+00   1.367E+12   1.613E+30   8.165E-04      1.470E-01   0.000E+00   0.000E+00   2.464E-01   0.000E+00   0.000E+00   0.000E+00   0.000E+00      9.489E+08   0.000E+00   0.000E+00   00000   1.000E+00   0.000E+00  1s0  304.3  116.0   40.0
  236   1.331250E+04   1.599905E+00   1.316E+12   1.556E+30   7.858E-04      1.464E-01   0.000E+00   0.000E+00   2.420E-01   0.000E+00   0.000E+00   0.000E+00   0.000E+00      9.145E+08   0.000E+00   0.000E+00   00000   1.000E+00   0.000E+00  1s0  296.6  116.0   40.0
  237   1.331456E+04   1.599907E+00   1.266E+12   1.513E+30   7.562E-04      1.458E-01   0.000E+00   0.000E+00   2.376E-01   0.000E+00   0.000E+00   0.000E+00   0.000E+00      8.805E+08   0.000E+00   0.000E+00   00000   1.000E+00   0.000E+00  1s0  289.2  116.0   40.0
  238   1.331673E+04   1.599910E+00   1.218E+12   1.473E+30   7.278E-04      1.451E-01   0.000E+00   0.000E+00   2.332E-01   0.000E+00   0.000E+00   0.000E+00   0.000E+00      8.470E+08   0.000E+00   0.000E+00   00000   1.000E+00   0.000E+00  1s0  282.1  116.0   40.0
  239   1.331889E+04   1.599912E+00   1.172E+12   1.433E+30   7.004E-04      1.445E-01   0.000E+00   0.000E+00   2.289E-01   0.000E+00   0.000E+00   0.000E+00   0.000E+00      8.139E+08   0.000E+00   0.000E+00   00000   1.000E+00   0.000E+00  1s0  275.2  116.0   40.0
  240   1.332106E+04   1.599915E+00   1.128E+12   1.393E+30   6.741E-04      1.438E-01   0.000E+00   0.000E+00   2.247E-01   0.000E+00   0.000E+00   0.000E+00   0.000E+00      7.812E+08   0.000E+00   0.000E+00   00000   1.000E+00   0.000E+00  1s0  268.6  116.0   40.0
  241   1.332323E+04   1.599917E+00   1.086E+12   1.353E+30   6.487E-04      1.431E-01   0.000E+00   0.000E+00   2.204E-01   0.000E+00   0.000E+00   0.000E+00   0.000E+00      7.490E+08   0.000E+00   0.000E+00   00000   1.000E+00   0.000E+00  1s0  262.2  116.0   40.0
  242   1.332540E+04   1.599919E+00   1.045E+12   1.314E+30   6.244E-04      1.424E-01   0.000E+00   0.000E+00   2.163E-01   0.000E+00   0.000E+00   0.000E+00   0.000E+00      7.171E+08   0.000E+00   0.000E+00   00000   1.000E+00   0.000E+00  1s0  256.1  116.0   40.0
  243   1.332756E+04   1.599922E+00   1.005E+12   1.274E+30   6.009E-04      1.417E-01   0.000E+00   0.000E+00   2.121E-01   0.000E+00   0.000E+00   0.000E+00   0.000E+00      6.855E+08   0.000E+00   0.000E+00   00000   1.000E+00   0.000E+00  1s0  250.2  116.0   40.0
  244   1.332973E+04   1.599924E+00   9.676E+11   1.234E+30   5.783E-04      1.410E-01   0.000E+00   0.000E+00   2.080E-01   0.000E+00   0.000E+00   0.000E+00   0.000E+00      6.543E+08   0.000E+00   0.000E+00   00000   1.000E+00   0.000E+00  1s0  244.6  116.0   40.0
  245   1.333190E+04   1.599926E+00   9.311E+11   1.194E+30   5.565E-04      1.402E-01   0.000E+00   0.000E+00   2.040E-01   0.000E+00   0.000E+00   0.000E+00   0.000E+00      6.234E+08   0.000E+00   0.000E+00   00000   1.000E+00   0.000E+00  1s0  239.1  116.0   40.0
  246   1.333407E+04   1.599929E+00   8.961E+11   1.154E+30   5.355E-04      1.395E-01   0.000E+00   0.000E+00   1.999E-01   0.000E+00   0.000E+00   0.000E+00   0.000E+00      5.929E+08   0.000E+00   0.000E+00   00000   1.000E+00   0.000E+00  1s0  233.9  116.0   40.0
  247   1.333623E+04   1.599931E+00   8.623E+11   1.114E+30   5.154E-04      1.387E-01   0.000E+00   0.000E+00   1.960E-01   0.000E+00   0.000E+00   0.000E+00   0.000E+00      5.626E+08   0.000E+00   0.000E+00   00000   1.000E+00   0.000E+00  1s0  228.8  116.0   40.0
  248   1.333840E+04   1.599934E+00   8.298E+11   1.075E+30   4.959E-04      1.379E-01   0.000E+00   0.000E+00   1.920E-01   0.000E+00   0.000E+00   0.000E+00   0.000E+00      5.327E+08   0.000E+00   0.000E+00   00000   1.000E+00   0.000E+00  1s0  224.0  116.0   40.0
  249   1.334057E+04   1.599936E+00   7.985E+11   1.035E+30   4.773E-04      1.371E-01   0.000E+00   0.000E+00   1.881E-01   0.000E+00   0.000E+00   0.000E+00   0.000E+00      5.032E+08   0.000E+00   0.000E+00   00000   1.000E+00   0.000E+00  1s0  219.3  116.0   40.0
  250   1.334274E+04   1.599938E+00   7.685E+11   9.949E+29   4.593E-04      1.363E-01   0.000E+00   0.000E+00   1.843E-01   0.000E+00   0.000E+00   0.000E+00   0.000E+00      4.742E+08   0.000E+00   0.000E+00   00000   1.000E+00   0.000E+00  1s0  214.8  116.0   40.0
  251   1.334479E+04   1.599941E+00   7.395E+11   9.602E+29   4.420E-04      1.355E-01   0.000E+00   0.000E+00   1.804E-01   0.000E+00   0.000E+00   0.000E+00   0.000E+00      4.458E+08   0.000E+00   0.000E+00   00000   1.000E+00   0.000E+00  1s0  210.5  116.0   40.0
  252   1.334646E+04   1.599942E+00   7.116E+11   9.426E+29   4.254E-04      1.347E-01   0.000E+00   0.000E+00   1.767E-01   0.000E+00   0.000E+00   0.000E+00   0.000E+00      4.179E+08   0.000E+00   0.000E+00   00000   1.000E+00   0.000E+00  1s0  206.3  116.0   40.0
  253   1.334814E+04   1.599943E+00   6.848E+11   9.250E+29   4.093E-04      1.338E-01   0.000E+00   0.000E+00   1.729E-01   0.000E+00   0.000E+00   0.000E+00   0.000E+00      3.906E+08   0.000E+00   0.000E+00   00000   1.000E+00   0.000E+00  1s0  202.3  116.0   40.0
  254   1.334981E+04   1.599944E+00   6.590E+11   9.074E+29   3.939E-04      1.330E-01   0.000E+00   0.000E+00   1.692E-01   0.000E+00   0.000E+00   0.000E+00   0.000E+00      3.638E+08   0.000E+00   0.000E+00   00000   1.000E+00   0.000E+00  1s0  198.4  116.0   40.0
  255   1.335149E+04   1.599945E+00   6.342E+11   8.897E+29   3.791E-04      1.322E-01   0.000E+00   0.000E+00   1.655E-01   0.000E+00   0.000E+00   0.000E+00   0.000E+00      3.374E+08   0.000E+00   0.000E+00   00000   1.000E+00   0.000E+00  1s0  194.5  116.0   40.0
  256   1.335316E+04   1.599946E+00   6.103E+11   8.721E+29   3.648E-04      1.313E-01   0.000E+00   0.000E+00   1.618E-01   0.000E+00   0.000E+00   0.000E+00   0.000E+00      3.118E+08   0.000E+00   0.000E+00   00000   1.000E+00   0.000E+00  1s0  190.8  116.0   40.0
  257   1.335483E+04   1.599947E+00   5.873E+11   8.545E+29   3.511E-04      1.305E-01   0.000E+00   0.000E+00   1.581E-01   0.000E+00   0.000E+00   0.000E+00   0.000E+00      2.869E+08   0.000E+00   0.000E+00   00000   1.000E+00   0.000E+00  1s0  187.2  116.0   40.0
  258   1.335651E+04   1.599948E+00   5.652E+11   8.369E+29   3.379E-04      1.296E-01   0.000E+00   0.000E+00   1.545E-01   0.000E+00   0.000E+00   0.000E+00   0.000E+00      2.628E+08   0.000E+00   0.000E+00   00000   1.000E+00   0.000E+00  1s0  183.8  116.0   40.0
  259   1.335818E+04   1.599949E+00   5.439E+11   8.192E+29   3.252E-04      1.287E-01   0.000E+00   0.000E+00   1.509E-01   0.000E+00   0.000E+00   0.000E+00   0.000E+00      2.395E+08   0.000E+00   0.000E+00   00000   1.000E+00   0.000E+00  1s0  180.5  116.0   40.0
  260   1.335986E+04   1.599950E+00   5.234E+11   8.016E+29   3.130E-04      1.287E-01   0.000E+00   0.000E+00   1.457E-01   0.000E+00   0.000E+00   0.000E+00   0.000E+00      2.064E+08   0.000E+00   0.000E+00   00000   1.000E+00   0.000E+00  1s0  174.1  116.0   40.0
  261   1.336153E+04   1.599951E+00   5.037E+11   7.840E+29   3.012E-04      1.287E-01   0.000E+00   0.000E+00   1.399E-01   0.000E+00   0.000E+00   0.000E+00   0.000E+00      1.719E+08   0.000E+00   0.000E+00   00000   1.000E+00   0.000E+00  1s0  167.4  116.0   40.0
  262   1.336320E+04   1.599952E+00   4.847E+11   7.664E+29   2.899E-04      1.287E-01   0.000E+00   0.000E+00   1.338E-01   0.000E+00   0.000E+00   0.000E+00   0.000E+00      1.379E+08   0.000E+00   0.000E+00   00000   1.000E+00   0.000E+00  1s0  160.9  116.0   40.0
  263   1.336488E+04   1.599953E+00   4.664E+11   7.488E+29   2.790E-04      1.288E-01   0.000E+00   0.000E+00   1.274E-01   0.000E+00   0.000E+00   0.000E+00   0.000E+00      1.046E+08   0.000E+00   0.000E+00   00000   1.000E+00   0.000E+00  1s0  154.7  116.0   40.0
  264   1.336655E+04   1.599954E+00   4.488E+11   7.311E+29   2.685E-04      1.288E-01   0.000E+00   0.000E+00   1.205E-01   0.000E+00   0.000E+00   0.000E+00   0.000E+00      7.237E+07   0.000E+00   0.000E+00   00000   1.000E+00   0.000E+00  1s0  148.8  116.0   40.0
  265   1.336823E+04   1.599955E+00   4.319E+11   7.135E+29   2.584E-04      1.289E-01   0.000E+00   0.000E+00   1.131E-01   0.000E+00   0.000E+00   0.000E+00   0.000E+00      4.172E+07   0.000E+00   0.000E+00   00000   1.000E+00   0.000E+00  1s0  143.0  116.0   40.0
  266   1.336990E+04   1.599957E+00   4.157E+11   6.959E+29   2.487E-04      1.289E-01   0.000E+00   0.000E+00   1.048E-01   0.000E+00   0.000E+00   0.000E+00   0.000E+00      1.351E+07   0.000E+00   0.000E+00   00000   1.000E+00   0.000E+00  1s0  137.5  116.0   40.0
  267   1.337158E+04   1.599958E+00   4.000E+11   6.783E+29   2.394E-04      1.290E-01   0.000E+00   0.000E+00   9.542E-02   0.000E+00   0.000E+00   0.000E+00   0.000E+00      8.963E+03   0.000E+00   0.000E+00   00000   1.000E+00   0.000E+00  1s0  132.2  116.0   40.0
  268   1.337325E+04   1.599959E+00   3.849E+11   6.606E+29   2.304E-04      1.280E-01   0.000E+00   0.000E+00   0.000E+00   0.000E+00   0.000E+00   0.000E+00   0.000E+00      0.000E+00   0.000E+00   0.000E+00   00000   0.000E+00   0.000E+00       130.0  130.0   40.0
  269   1.337493E+04   1.599960E+00   3.704E+11   6.430E+29   2.217E-04      1.264E-01   0.000E+00   0.000E+00   0.000E+00   0.000E+00   0.000E+00   0.000E+00   0.000E+00      0.000E+00   0.000E+00   0.000E+00   00000   0.000E+00   0.000E+00       130.0  130.0   40.0
  270   1.337660E+04   1.599961E+00   3.564E+11   6.254E+29   2.133E-04      1.248E-01   0.000E+00   0.000E+00   0.000E+00   0.000E+00   0.000E+00   0.000E+00   0.000E+00      0.000E+00   0.000E+00   0.000E+00   00000   0.000E+00   0.000E+00       130.0  130.0   40.0
  271   1.337828E+04   1.599962E+00   3.430E+11   6.077E+29   2.053E-04      1.232E-01   0.000E+00   0.000E+00   0.000E+00   0.000E+00   0.000E+00   0.000E+00   0.000E+00      0.000E+00   0.000E+00   0.000E+00   00000   0.000E+00   0.000E+00       130.0  130.0   40.0
  272   1.338136E+04   1.599963E+00   3.301E+11   5.880E+29   1.975E-04      1.216E-01   0.000E+00   0.000E+00   0.000E+00   0.000E+00   0.000E+00   0.000E+00   0.000E+00      0.000E+00   0.000E+00   0.000E+00   00000   0.000E+00   0.000E+00       130.0  130.0   40.0
  273   1.338562E+04   1.599964E+00   3.176E+11   5.664E+29   1.901E-04      1.214E-01   0.000E+00   0.000E+00   0.000E+00   0.000E+00   0.000E+00   0.000E+00   0.000E+00      0.000E+00   0.000E+00   0.000E+00   00000   0.000E+00   0.000E+00        88.0   88.0   28.0
  274   1.338989E+04   1.599966E+00   3.057E+11   5.448E+29   1.830E-04      1.199E-01   0.000E+00   0.000E+00   0.000E+00   0.000E+00   0.000E+00   0.000E+00   0.000E+00      0.000E+00   0.000E+00   0.000E+00   00000   0.000E+00   0.000E+00        88.0   88.0   28.0
  275   1.339415E+04   1.599967E+00   2.941E+11   5.233E+29   1.761E-04      1.184E-01   0.000E+00   0.000E+00   0.000E+00   0.000E+00   0.000E+00   0.000E+00   0.000E+00      0.000E+00   0.000E+00   0.000E+00   00000   0.000E+00   0.000E+00        88.0   88.0   28.0
  276   1.339841E+04   1.599968E+00   2.831E+11   5.017E+29   1.695E-04      1.169E-01   0.000E+00   0.000E+00   0.000E+00   0.000E+00   0.000E+00   0.000E+00   0.000E+00      0.000E+00   0.000E+00   0.000E+00   00000   0.000E+00   0.000E+00        88.0   88.0   28.0
  277   1.340267E+04   1.599970E+00   2.724E+11   4.802E+29   1.631E-04      1.154E-01   0.000E+00   0.000E+00   0.000E+00   0.000E+00   0.000E+00   0.000E+00   0.000E+00      0.000E+00   0.000E+00   0.000E+00   00000   0.000E+00   0.000E+00        88.0   88.0   28.0
  278   1.340693E+04   1.599971E+00   2.621E+11   4.586E+29   1.570E-04      1.148E-01   0.000E+00   0.000E+00   0.000E+00   0.000E+00   0.000E+00   0.000E+00   0.000E+00      0.000E+00   0.000E+00   0.000E+00   00000   0.000E+00   0.000E+00        86.0   86.0   28.0
  279   1.341119E+04   1.599972E+00   2.522E+11   4.371E+29   1.511E-04      1.133E-01   0.000E+00   0.000E+00   0.000E+00   0.000E+00   0.000E+00   0.000E+00   0.000E+00      0.000E+00   0.000E+00   0.000E+00   00000   0.000E+00   0.000E+00        86.0   86.0   28.0
  280   1.341545E+04   1.599974E+00   2.427E+11   4.155E+29   1.454E-04      1.119E-01   0.000E+00   0.000E+00   0.000E+00   0.000E+00   0.000E+00   0.000E+00   0.000E+00      0.000E+00   0.000E+00   0.000E+00   00000   0.000E+00   0.000E+00        86.0   86.0   28.0
  281   1.341971E+04   1.599975E+00   2.336E+11   3.939E+29   1.399E-04      1.105E-01   0.000E+00   0.000E+00   0.000E+00   0.000E+00   0.000E+00   0.000E+00   0.000E+00      0.000E+00   0.000E+00   0.000E+00   00000   0.000E+00   0.000E+00        86.0   86.0   28.0
  282   1.342398E+04   1.599976E+00   2.248E+11   3.724E+29   1.346E-04      1.091E-01   0.000E+00   0.000E+00   0.000E+00   0.000E+00   0.000E+00   0.000E+00   0.000E+00      0.000E+00   0.000E+00   0.000E+00   00000   0.000E+00   0.000E+00        86.0   86.0   28.0
  283   1.342818E+04   1.599978E+00   2.163E+11   3.532E+29   1.295E-04      1.077E-01   0.000E+00   0.000E+00   0.000E+00   0.000E+00   0.000E+00   0.000E+00   0.000E+00      0.000E+00   0.000E+00   0.000E+00   00000   0.000E+00   0.000E+00        86.0   86.0   28.0
  284   1.343222E+04   1.599978E+00   2.081E+11   3.399E+29   1.246E-04      1.063E-01   0.000E+00   0.000E+00   0.000E+00   0.000E+00   0.000E+00   0.000E+00   0.000E+00      0.000E+00   0.000E+00   0.000E+00   00000   0.000E+00   0.000E+00        86.0   86.0   28.0
  285   1.343627E+04   1.599979E+00   2.003E+11   3.266E+29   1.200E-04      1.058E-01   0.000E+00   0.000E+00   0.000E+00   0.000E+00   0.000E+00   0.000E+00   0.000E+00      0.000E+00   0.000E+00   0.000E+00   00000   0.000E+00   0.000E+00        84.0   84.0   28.0
  286   1.344032E+04   1.599980E+00   1.927E+11   3.133E+29   1.155E-04      1.045E-01   0.000E+00   0.000E+00   0.000E+00   0.000E+00   0.000E+00   0.000E+00   0.000E+00      0.000E+00   0.000E+00   0.000E+00   00000   0.000E+00   0.000E+00        84.0   84.0   28.0
  287   1.344436E+04   1.599981E+00   1.855E+11   3.000E+29   1.111E-04      1.031E-01   0.000E+00   0.000E+00   0.000E+00   0.000E+00   0.000E+00   0.000E+00   0.000E+00      0.000E+00   0.000E+00   0.000E+00   00000   0.000E+00   0.000E+00        84.0   84.0   28.0
  288   1.344841E+04   1.599982E+00   1.785E+11   2.867E+29   1.069E-04      1.018E-01   0.000E+00   0.000E+00   0.000E+00   0.000E+00   0.000E+00   0.000E+00   0.000E+00      0.000E+00   0.000E+00   0.000E+00   00000   0.000E+00   0.000E+00        84.0   84.0   28.0
  289   1.345246E+04   1.599983E+00   1.718E+11   2.734E+29   1.029E-04      1.005E-01   0.000E+00   0.000E+00   0.000E+00   0.000E+00   0.000E+00   0.000E+00   0.000E+00      0.000E+00   0.000E+00   0.000E+00   00000   0.000E+00   0.000E+00        84.0   84.0   28.0
  290   1.345650E+04   1.599983E+00   1.653E+11   2.601E+29   9.902E-05      9.924E-02   0.000E+00   0.000E+00   0.000E+00   0.000E+00   0.000E+00   0.000E+00   0.000E+00      0.000E+00   0.000E+00   0.000E+00   00000   0.000E+00   0.000E+00        84.0   84.0   28.0
  291   1.346055E+04   1.599984E+00   1.591E+11   2.468E+29   9.530E-05      9.798E-02   0.000E+00   0.000E+00   0.000E+00   0.000E+00   0.000E+00   0.000E+00   0.000E+00      0.000E+00   0.000E+00   0.000E+00   00000   0.000E+00   0.000E+00        84.0   84.0   28.0
  292   1.346460E+04   1.599985E+00   1.531E+11   2.335E+29   9.171E-05      9.673E-02   0.000E+00   0.000E+00   0.000E+00   0.000E+00   0.000E+00   0.000E+00   0.000E+00      0.000E+00   0.000E+00   0.000E+00   00000   0.000E+00   0.000E+00        84.0   84.0   28.0
  293   1.346864E+04   1.599986E+00   1.473E+11   2.201E+29   8.827E-05      9.551E-02   0.000E+00   0.000E+00   0.000E+00   0.000E+00   0.000E+00   0.000E+00   0.000E+00      0.000E+00   0.000E+00   0.000E+00   00000   0.000E+00   0.000E+00        84.0   84.0   28.0
  294   1.347254E+04   1.599987E+00   1.417E+11   2.086E+29   8.495E-05      9.429E-02   0.000E+00   0.000E+00   0.000E+00   0.000E+00   0.000E+00   0.000E+00   0.000E+00      0.000E+00   0.000E+00   0.000E+00   00000   0.000E+00   0.000E+00        84.0   84.0   28.0
  295   1.347613E+04   1.599987E+00   1.364E+11   2.010E+29   8.175E-05      9.385E-02   0.000E+00   0.000E+00   0.000E+00   0.000E+00   0.000E+00   0.000E+00   0.000E+00      0.000E+00   0.000E+00   0.000E+00   00000   0.000E+00   0.000E+00        82.0   82.0   28.0
  296   1.347971E+04   1.599988E+00   1.313E+11   1.934E+29   7.868E-05      9.266E-02   0.000E+00   0.000E+00   0.000E+00   0.000E+00   0.000E+00   0.000E+00   0.000E+00      0.000E+00   0.000E+00   0.000E+00   00000   0.000E+00   0.000E+00        82.0   82.0   28.0
  297   1.348329E+04   1.599988E+00   1.263E+11   1.859E+29   7.572E-05      9.148E-02   0.000E+00   0.000E+00   0.000E+00   0.000E+00   0.000E+00   0.000E+00   0.000E+00      0.000E+00   0.000E+00   0.000E+00   00000   0.000E+00   0.000E+00        82.0   82.0   28.0
  298   1.348687E+04   1.599988E+00   1.215E+11   1.783E+29   7.288E-05      9.032E-02   0.000E+00   0.000E+00   0.000E+00   0.000E+00   0.000E+00   0.000E+00   0.000E+00      0.000E+00   0.000E+00   0.000E+00   00000   0.000E+00   0.000E+00        82.0   82.0   28.0
  299   1.349045E+04   1.599989E+00   1.170E+11   1.707E+29   7.014E-05      8.918E-02   0.000E+00   0.000E+00   0.000E+00   0.000E+00   0.000E+00   0.000E+00   0.000E+00      0.000E+00   0.000E+00   0.000E+00   00000   0.000E+00   0.000E+00        82.0   82.0   28.0
  300   1.349403E+04   1.599989E+00   1.126E+11   1.631E+29   6.751E-05      8.805E-02   0.000E+00   0.000E+00   0.000E+00   0.000E+00   0.000E+00   0.000E+00   0.000E+00      0.000E+00   0.000E+00   0.000E+00   00000   0.000E+00   0.000E+00        82.0   82.0   28.0
  301   1.349761E+04   1.599990E+00   1.083E+11   1.555E+29   6.497E-05      8.693E-02   0.000E+00   0.000E+00   0.000E+00   0.000E+00   0.000E+00   0.000E+00   0.000E+00      0.000E+00   0.000E+00   0.000E+00   00000   0.000E+00   0.000E+00        82.0   82.0   28.0
  302   1.350120E+04   1.599990E+00   1.042E+11   1.480E+29   6.253E-05      8.653E-02   0.000E+00   0.000E+00   0.000E+00   0.000E+00   0.000E+00   0.000E+00   0.000E+00      0.000E+00   0.000E+00   0.000E+00   00000   0.000E+00   0.000E+00        80.0   80.0   28.0
  303   1.350478E+04   1.599991E+00   1.003E+11   1.404E+29   6.017E-05      8.543E-02   0.000E+00   0.000E+00   0.000E+00   0.000E+00   0.000E+00   0.000E+00   0.000E+00      0.000E+00   0.000E+00   0.000E+00   00000   0.000E+00   0.000E+00        80.0   80.0   28.0
  304   1.350836E+04   1.599991E+00   9.652E+10   1.328E+29   5.791E-05      8.435E-02   0.000E+00   0.000E+00   0.000E+00   0.000E+00   0.000E+00   0.000E+00   0.000E+00      0.000E+00   0.000E+00   0.000E+00   00000   0.000E+00   0.000E+00        80.0   80.0   28.0
  305   1.351194E+04   1.599992E+00   9.288E+10   1.253E+29   5.573E-05      8.327E-02   0.000E+00   0.000E+00   0.000E+00   0.000E+00   0.000E+00   0.000E+00   0.000E+00      0.000E+00   0.000E+00   0.000E+00   00000   0.000E+00   0.000E+00        80.0   80.0   28.0
  306   1.351547E+04   1.599992E+00   8.938E+10   1.204E+29   5.363E-05      8.222E-02   0.000E+00   0.000E+00   0.000E+00   0.000E+00   0.000E+00   0.000E+00   0.000E+00      0.000E+00   0.000E+00   0.000E+00   00000   0.000E+00   0.000E+00        80.0   80.0   28.0
  307   1.351900E+04   1.599992E+00   8.601E+10   1.156E+29   5.161E-05      8.117E-02   0.000E+00   0.000E+00   0.000E+00   0.000E+00   0.000E+00   0.000E+00   0.000E+00      0.000E+00   0.000E+00   0.000E+00   00000   0.000E+00   0.000E+00        80.0   80.0   28.0
  308   1.352253E+04   1.599993E+00   8.277E+10   1.107E+29   4.966E-05      8.082E-02   0.000E+00   0.000E+00   0.000E+00   0.000E+00   0.000E+00   0.000E+00   0.000E+00      0.000E+00   0.000E+00   0.000E+00   00000   0.000E+00   0.000E+00        78.0   78.0   28.0
  309   1.352606E+04   1.599993E+00   7.965E+10   1.059E+29   4.779E-05      7.979E-02   0.000E+00   0.000E+00   0.000E+00   0.000E+00   0.000E+00   0.000E+00   0.000E+00      0.000E+00   0.000E+00   0.000E+00   00000   0.000E+00   0.000E+00        78.0   78.0   28.0
  310   1.352960E+04   1.599993E+00   7.664E+10   1.010E+29   4.599E-05      7.877E-02   0.000E+00   0.000E+00   0.000E+00   0.000E+00   0.000E+00   0.000E+00   0.000E+00      0.000E+00   0.000E+00   0.000E+00   00000   0.000E+00   0.000E+00        78.0   78.0   28.0
  311   1.353313E+04   1.599994E+00   7.375E+10   9.614E+28   4.426E-05      7.777E-02   0.000E+00   0.000E+00   0.000E+00   0.000E+00   0.000E+00   0.000E+00   0.000E+00      0.000E+00   0.000E+00   0.000E+00   00000   0.000E+00   0.000E+00        78.0   78.0   28.0
  312   1.353666E+04   1.599994E+00   7.097E+10   9.128E+28   4.259E-05      7.678E-02   0.000E+00   0.000E+00   0.000E+00   0.000E+00   0.000E+00   0.000E+00   0.000E+00      0.000E+00   0.000E+00   0.000E+00   00000   0.000E+00   0.000E+00        78.0   78.0   28.0
  313   1.354019E+04   1.599994E+00   6.830E+10   8.642E+28   4.099E-05      7.581E-02   0.000E+00   0.000E+00   0.000E+00   0.000E+00   0.000E+00   0.000E+00   0.000E+00      0.000E+00   0.000E+00   0.000E+00   00000   0.000E+00   0.000E+00        78.0   78.0   28.0
  314   1.354372E+04   1.599995E+00   6.572E+10   8.156E+28   3.944E-05      7.484E-02   0.000E+00   0.000E+00   0.000E+00   0.000E+00   0.000E+00   0.000E+00   0.000E+00      0.000E+00   0.000E+00   0.000E+00   00000   0.000E+00   0.000E+00        78.0   78.0   28.0
  315   1.354725E+04   1.599995E+00   6.325E+10   7.670E+28   3.796E-05      7.389E-02   0.000E+00   0.000E+00   0.000E+00   0.000E+00   0.000E+00   0.000E+00   0.000E+00      0.000E+00   0.000E+00   0.000E+00   00000   0.000E+00   0.000E+00        78.0   78.0   28.0
  316   1.355050E+04   1.599995E+00   6.086E+10   7.286E+28   3.653E-05      7.295E-02   0.000E+00   0.000E+00   0.000E+00   0.000E+00   0.000E+00   0.000E+00   0.000E+00      0.000E+00   0.000E+00   0.000E+00   00000   0.000E+00   0.000E+00        78.0   78.0   28.0
  317   1.355344E+04   1.599995E+00   5.857E+10   7.020E+28   3.515E-05      7.202E-02   0.000E+00   0.000E+00   0.000E+00   0.000E+00   0.000E+00   0.000E+00   0.000E+00      0.000E+00   0.000E+00   0.000E+00   00000   0.000E+00   0.000E+00        78.0   78.0   28.0
  318   1.355637E+04   1.599996E+00   5.636E+10   6.753E+28   3.383E-05      7.111E-02   0.000E+00   0.000E+00   0.000E+00   0.000E+00   0.000E+00   0.000E+00   0.000E+00      0.000E+00   0.000E+00   0.000E+00   00000   0.000E+00   0.000E+00        78.0   78.0   28.0
  319   1.355930E+04   1.599996E+00   5.423E+10   6.487E+28   3.255E-05      7.020E-02   0.000E+00   0.000E+00   0.000E+00   0.000E+00   0.000E+00   0.000E+00   0.000E+00      0.000E+00   0.000E+00   0.000E+00   00000   0.000E+00   0.000E+00        78.0   78.0   28.0
  320   1.356223E+04   1.599996E+00   5.219E+10   6.220E+28   3.133E-05      6.931E-02   0.000E+00   0.000E+00   0.000E+00   0.000E+00   0.000E+00   0.000E+00   0.000E+00      0.000E+00   0.000E+00   0.000E+00   00000   0.000E+00   0.000E+00        78.0   78.0   28.0
  321   1.356516E+04   1.599996E+00   5.022E+10   5.953E+28   3.015E-05      6.843E-02   0.000E+00   0.000E+00   0.000E+00   0.000E+00   0.000E+00   0.000E+00   0.000E+00      0.000E+00   0.000E+00   0.000E+00   00000   0.000E+00   0.000E+00        78.0   78.0   28.0
  322   1.356809E+04   1.599996E+00   4.833E+10   5.687E+28   2.902E-05      6.756E-02   0.000E+00   0.000E+00   0.000E+00   0.000E+00   0.000E+00   0.000E+00   0.000E+00      0.000E+00   0.000E+00   0.000E+00   00000   0.000E+00   0.000E+00        78.0   78.0   28.0
  323   1.357102E+04   1.599996E+00   4.651E+10   5.420E+28   2.793E-05      6.671E-02   0.000E+00   0.000E+00   0.000E+00   0.000E+00   0.000E+00   0.000E+00   0.000E+00      0.000E+00   0.000E+00   0.000E+00   00000   0.000E+00   0.000E+00        78.0   78.0   28.0
  324   1.357395E+04   1.599997E+00   4.475E+10   5.154E+28   2.688E-05      6.586E-02   0.000E+00   0.000E+00   0.000E+00   0.000E+00   0.000E+00   0.000E+00   0.000E+00      0.000E+00   0.000E+00   0.000E+00   00000   0.000E+00   0.000E+00        78.0   78.0   28.0
  325   1.357688E+04   1.599997E+00   4.307E+10   4.887E+28   2.587E-05      6.502E-02   0.000E+00   0.000E+00   0.000E+00   0.000E+00   0.000E+00   0.000E+00   0.000E+00      0.000E+00   0.000E+00   0.000E+00   00000   0.000E+00   0.000E+00        78.0   78.0   28.0
  326   1.357981E+04   1.599997E+00   4.144E+10   4.620E+28   2.489E-05      6.514E-02   0.000E+00   0.000E+00   0.000E+00   0.000E+00   0.000E+00   0.000E+00   0.000E+00      0.000E+00   0.000E+00   0.000E+00   00000   0.000E+00   0.000E+00        80.0   80.0   30.0
  327   1.358275E+04   1.599997E+00   3.988E+10   4.363E+28   2.395E-05      6.431E-02   0.000E+00   0.000E+00   0.000E+00   0.000E+00   0.000E+00   0.000E+00   0.000E+00      0.000E+00   0.000E+00   0.000E+00   00000   0.000E+00   0.000E+00        80.0   80.0   30.0
  328   1.358570E+04   1.599997E+00   3.838E+10   4.189E+28   2.305E-05      6.349E-02   0.000E+00   0.000E+00   0.000E+00   0.000E+00   0.000E+00   0.000E+00   0.000E+00      0.000E+00   0.000E+00   0.000E+00   00000   0.000E+00   0.000E+00        80.0   80.0   30.0
  329   1.358865E+04   1.599997E+00   3.693E+10   4.015E+28   2.218E-05      6.268E-02   0.000E+00   0.000E+00   0.000E+00   0.000E+00   0.000E+00   0.000E+00   0.000E+00      0.000E+00   0.000E+00   0.000E+00   00000   0.000E+00   0.000E+00        80.0   80.0   30.0
  330   1.359160E+04   1.599997E+00   3.554E+10   3.841E+28   2.134E-05      6.188E-02   0.000E+00   0.000E+00   0.000E+00   0.000E+00   0.000E+00   0.000E+00   0.000E+00      0.000E+00   0.000E+00   0.000E+00   00000   0.000E+00   0.000E+00        80.0   80.0   30.0
  331   1.359456E+04   1.599998E+00   3.420E+10   3.667E+28   2.054E-05      6.109E-02   0.000E+00   0.000E+00   0.000E+00   0.000E+00   0.000E+00   0.000E+00   0.000E+00      0.000E+00   0.000E+00   0.000E+00   00000   0.000E+00   0.000E+00        80.0   80.0   30.0
  332   1.359751E+04   1.599998E+00   3.291E+10   3.493E+28   1.976E-05      6.032E-02   0.000E+00   0.000E+00   0.000E+00   0.000E+00   0.000E+00   0.000E+00   0.000E+00      0.000E+00   0.000E+00   0.000E+00   00000   0.000E+00   0.000E+00        80.0   80.0   30.0
  333   1.360046E+04   1.599998E+00   3.167E+10   3.319E+28   1.902E-05      5.955E-02   0.000E+00   0.000E+00   0.000E+00   0.000E+00   0.000E+00   0.000E+00   0.000E+00      0.000E+00   0.000E+00   0.000E+00   00000   0.000E+00   0.000E+00        80.0   80.0   30.0
  334   1.360342E+04   1.599998E+00   3.048E+10   3.145E+28   1.830E-05      5.879E-02   0.000E+00   0.000E+00   0.000E+00   0.000E+00   0.000E+00   0.000E+00   0.000E+00      0.000E+00   0.000E+00   0.000E+00   00000   0.000E+00   0.000E+00        80.0   80.0   30.0
  335   1.360637E+04   1.599998E+00   2.933E+10   2.971E+28   1.762E-05      5.805E-02   0.000E+00   0.000E+00   0.000E+00   0.000E+00   0.000E+00   0.000E+00   0.000E+00      0.000E+00   0.000E+00   0.000E+00   00000   0.000E+00   0.000E+00        80.0   80.0   30.0
  336   1.360932E+04   1.599998E+00   2.822E+10   2.797E+28   1.695E-05      5.731E-02   0.000E+00   0.000E+00   0.000E+00   0.000E+00   0.000E+00   0.000E+00   0.000E+00      0.000E+00   0.000E+00   0.000E+00   00000   0.000E+00   0.000E+00        80.0   80.0   30.0
  337   1.361227E+04   1.599998E+00   2.716E+10   2.623E+28   1.632E-05      5.659E-02   0.000E+00   0.000E+00   0.000E+00   0.000E+00   0.000E+00   0.000E+00   0.000E+00      0.000E+00   0.000E+00   0.000E+00   00000   0.000E+00   0.000E+00        80.0   80.0   30.0
  338   1.361486E+04   1.599998E+00   2.613E+10   2.506E+28   1.570E-05      5.587E-02   0.000E+00   0.000E+00   0.000E+00   0.000E+00   0.000E+00   0.000E+00   0.000E+00      0.000E+00   0.000E+00   0.000E+00   00000   0.000E+00   0.000E+00        80.0   80.0   30.0
  339   1.361731E+04   1.599998E+00   2.515E+10   2.411E+28   1.511E-05      5.516E-02   0.000E+00   0.000E+00   0.000E+00   0.000E+00   0.000E+00   0.000E+00   0.000E+00      0.000E+00   0.000E+00   0.000E+00   00000   0.000E+00   0.000E+00        80.0   80.0   30.0
  340   1.361975E+04   1.599998E+00   2.420E+10   2.317E+28   1.454E-05      5.445E-02   0.000E+00   0.000E+00   0.000E+00   0.000E+00   0.000E+00   0.000E+00   0.000E+00      0.000E+00   0.000E+00   0.000E+00   00000   0.000E+00   0.000E+00        80.0   80.0   30.0
  341   1.362219E+04   1.599999E+00   2.329E+10   2.223E+28   1.399E-05      5.376E-02   0.000E+00   0.000E+00   0.000E+00   0.000E+00   0.000E+00   0.000E+00   0.000E+00      0.000E+00   0.000E+00   0.000E+00   00000   0.000E+00   0.000E+00        80.0   80.0   30.0
  342   1.362463E+04   1.599999E+00   2.241E+10   2.128E+28   1.347E-05      5.308E-02   0.000E+00   0.000E+00   0.000E+00   0.000E+00   0.000E+00   0.000E+00   0.000E+00      0.000E+00   0.000E+00   0.000E+00   00000   0.000E+00   0.000E+00        80.0   80.0   30.0
  343   1.362707E+04   1.599999E+00   2.157E+10   2.034E+28   1.296E-05      5.240E-02   0.000E+00   0.000E+00   0.000E+00   0.000E+00   0.000E+00   0.000E+00   0.000E+00      0.000E+00   0.000E+00   0.000E+00   00000   0.000E+00   0.000E+00        80.0   80.0   30.0
  344   1.362951E+04   1.599999E+00   2.075E+10   1.940E+28   1.247E-05      5.217E-02   0.000E+00   0.000E+00   0.000E+00   0.000E+00   0.000E+00   0.000E+00   0.000E+00      0.000E+00   0.000E+00   0.000E+00   00000   0.000E+00   0.000E+00        78.0   78.0   30.0
  345   1.363195E+04   1.599999E+00   1.997E+10   1.846E+28   1.200E-05      5.151E-02   0.000E+00   0.000E+00   0.000E+00   0.000E+00   0.000E+00   0.000E+00   0.000E+00      0.000E+00   0.000E+00   0.000E+00   00000   0.000E+00   0.000E+00        78.0   78.0   30.0
  346   1.363440E+04   1.599999E+00   1.922E+10   1.751E+28   1.155E-05      5.086E-02   0.000E+00   0.000E+00   0.000E+00   0.000E+00   0.000E+00   0.000E+00   0.000E+00      0.000E+00   0.000E+00   0.000E+00   00000   0.000E+00   0.000E+00        78.0   78.0   30.0
  347   1.363684E+04   1.599999E+00   1.849E+10   1.657E+28   1.112E-05      5.021E-02   0.000E+00   0.000E+00   0.000E+00   0.000E+00   0.000E+00   0.000E+00   0.000E+00      0.000E+00   0.000E+00   0.000E+00   00000   0.000E+00   0.000E+00        78.0   78.0   30.0
  348   1.363928E+04   1.599999E+00   1.780E+10   1.563E+28   1.070E-05      4.957E-02   0.000E+00   0.000E+00   0.000E+00   0.000E+00   0.000E+00   0.000E+00   0.000E+00      0.000E+00   0.000E+00   0.000E+00   00000   0.000E+00   0.000E+00        78.0   78.0   30.0
  349   1.364158E+04   1.599999E+00   1.713E+10   1.493E+28   1.030E-05      4.894E-02   0.000E+00   0.000E+00   0.000E+00   0.000E+00   0.000E+00   0.000E+00   0.000E+00      0.000E+00   0.000E+00   0.000E+00   00000   0.000E+00   0.000E+00        78.0   78.0   30.0
  350   1.364379E+04   1.599999E+00   1.648E+10   1.438E+28   9.909E-06      4.850E-02   0.000E+00   0.000E+00   0.000E+00   0.000E+00   0.000E+00   0.000E+00   0.000E+00      0.000E+00   0.000E+00   0.000E+00   00000   0.000E+00   0.000E+00        72.0   72.0   28.0
  351   1.364601E+04   1.599999E+00   1.586E+10   1.382E+28   9.535E-06      4.788E-02   0.000E+00   0.000E+00   0.000E+00   0.000E+00   0.000E+00   0.000E+00   0.000E+00      0.000E+00   0.000E+00   0.000E+00   00000   0.000E+00   0.000E+00        72.0   72.0   28.0
  352   1.364823E+04   1.599999E+00   1.526E+10   1.326E+28   9.175E-06      4.727E-02   0.000E+00   0.000E+00   0.000E+00   0.000E+00   0.000E+00   0.000E+00   0.000E+00      0.000E+00   0.000E+00   0.000E+00   00000   0.000E+00   0.000E+00        72.0   72.0   28.0
  353   1.365045E+04   1.599999E+00   1.469E+10   1.271E+28   8.829E-06      4.667E-02   0.000E+00   0.000E+00   0.000E+00   0.000E+00   0.000E+00   0.000E+00   0.000E+00      0.000E+00   0.000E+00   0.000E+00   00000   0.000E+00   0.000E+00        72.0   72.0   28.0
  354   1.365267E+04   1.599999E+00   1.413E+10   1.215E+28   8.496E-06      4.608E-02   0.000E+00   0.000E+00   0.000E+00   0.000E+00   0.000E+00   0.000E+00   0.000E+00      0.000E+00   0.000E+00   0.000E+00   00000   0.000E+00   0.000E+00        72.0   72.0   28.0
  355   1.365489E+04   1.599999E+00   1.360E+10   1.159E+28   8.176E-06      4.549E-02   0.000E+00   0.000E+00   0.000E+00   0.000E+00   0.000E+00   0.000E+00   0.000E+00      0.000E+00   0.000E+00   0.000E+00   00000   0.000E+00   0.000E+00        72.0   72.0   28.0
  356   1.365711E+04   1.599999E+00   1.309E+10   1.103E+28   7.867E-06      4.491E-02   0.000E+00   0.000E+00   0.000E+00   0.000E+00   0.000E+00   0.000E+00   0.000E+00      0.000E+00   0.000E+00   0.000E+00   00000   0.000E+00   0.000E+00        72.0   72.0   28.0
  357   1.365932E+04   1.599999E+00   1.259E+10   1.048E+28   7.571E-06      4.493E-02   0.000E+00   0.000E+00   0.000E+00   0.000E+00   0.000E+00   0.000E+00   0.000E+00      0.000E+00   0.000E+00   0.000E+00   00000   0.000E+00   0.000E+00        84.0   84.0   34.0
  358   1.366154E+04   1.599999E+00   1.212E+10   9.920E+27   7.285E-06      4.436E-02   0.000E+00   0.000E+00   0.000E+00   0.000E+00   0.000E+00   0.000E+00   0.000E+00      0.000E+00   0.000E+00   0.000E+00   00000   0.000E+00   0.000E+00        84.0   84.0   34.0
  359   1.366376E+04   1.599999E+00   1.166E+10   9.362E+27   7.010E-06      4.380E-02   0.000E+00   0.000E+00   0.000E+00   0.000E+00   0.000E+00   0.000E+00   0.000E+00      0.000E+00   0.000E+00   0.000E+00   00000   0.000E+00   0.000E+00        84.0   84.0   34.0
  360   1.366596E+04   1.599999E+00   1.122E+10   8.905E+27   6.746E-06      4.324E-02   0.000E+00   0.000E+00   0.000E+00   0.000E+00   0.000E+00   0.000E+00   0.000E+00      0.000E+00   0.000E+00   0.000E+00   00000   0.000E+00   0.000E+00        84.0   84.0   34.0
  361   1.366813E+04   1.599999E+00   1.080E+10   8.544E+27   6.491E-06      4.269E-02   0.000E+00   0.000E+00   0.000E+00   0.000E+00   0.000E+00   0.000E+00   0.000E+00      0.000E+00   0.000E+00   0.000E+00   00000   0.000E+00   0.000E+00        84.0   84.0   34.0
  362   1.367031E+04   1.599999E+00   1.039E+10   8.183E+27   6.246E-06      4.215E-02   0.000E+00   0.000E+00   0.000E+00   0.000E+00   0.000E+00   0.000E+00   0.000E+00      0.000E+00   0.000E+00   0.000E+00   00000   0.000E+00   0.000E+00        84.0   84.0   34.0
  363   1.367249E+04   1.599999E+00   1.000E+10   7.822E+27   6.011E-06      4.161E-02   0.000E+00   0.000E+00   0.000E+00   0.000E+00   0.000E+00   0.000E+00   0.000E+00      0.000E+00   0.000E+00   0.000E+00   00000   0.000E+00   0.000E+00        84.0   84.0   34.0
