         5       363       111       267

EOS                                                                            

  i            rad           emas         rho         pres          nb           kf(e)      kf(mu)       kf(p)       kf(n)      kf(la)      kf(S-)      kf(S0)      kf(S+)         Tc(n)       Tc(p)      Tc(la)    Durca        mstn        mstp  nSF   Acel   Aion   Zion

    0   0.000000E+00   0.000000E+00   5.174E+14   5.696E+34   2.937E-01      8.579E-01   6.703E-01   9.770E-01   1.980E+00   0.000E+00   0.000E+00   0.000E+00   0.000E+00      8.782E+08   1.000E+00   1.000E+00   00000   8.464E-01   8.464E-01  3p2   N/A    N/A    N/A 
    1   2.539823E+03   1.773782E-02   5.075E+14   5.328E+34   2.887E-01      8.504E-01   6.606E-01   9.667E-01   1.970E+00   0.000E+00   0.000E+00   0.000E+00   0.000E+00      8.910E+08   1.000E+00   1.000E+00   00000   8.489E-01   8.489E-01  3p2   N/A    N/A    N/A 
    2   3.199976E+03   3.554522E-02   5.017E+14   5.115E+34   2.857E-01      8.461E-01   6.550E-01   9.607E-01   1.964E+00   0.000E+00   0.000E+00   0.000E+00   0.000E+00      8.982E+08   1.000E+00   1.000E+00   00000   8.504E-01   8.504E-01  3p2   N/A    N/A    N/A 
    3   3.663058E+03   5.303790E-02   4.968E+14   4.941E+34   2.832E-01      8.423E-01   6.502E-01   9.556E-01   1.959E+00   0.000E+00   0.000E+00   0.000E+00   0.000E+00      9.042E+08   1.000E+00   1.000E+00   00000   8.517E-01   8.517E-01  3p2   N/A    N/A    N/A 
    4   4.031718E+03   7.008073E-02   4.924E+14   4.788E+34   2.810E-01      8.389E-01   6.458E-01   9.508E-01   1.954E+00   0.000E+00   0.000E+00   0.000E+00   0.000E+00      9.096E+08   1.000E+00   1.000E+00   00000   8.528E-01   8.528E-01  3p2   N/A    N/A    N/A 
    5   4.343036E+03   8.711623E-02   4.884E+14   4.649E+34   2.789E-01      8.356E-01   6.415E-01   9.464E-01   1.950E+00   0.000E+00   0.000E+00   0.000E+00   0.000E+00      9.145E+08   1.000E+00   1.000E+00   00000   8.539E-01   8.539E-01  3p2   N/A    N/A    N/A 
    6   4.615165E+03   1.039264E-01   4.846E+14   4.521E+34   2.769E-01      8.326E-01   6.376E-01   9.422E-01   1.945E+00   0.000E+00   0.000E+00   0.000E+00   0.000E+00      9.189E+08   1.000E+00   1.000E+00   00000   8.549E-01   8.549E-01  3p2   N/A    N/A    N/A 
    7   4.858507E+03   1.212102E-01   4.810E+14   4.400E+34   2.751E-01      8.298E-01   6.339E-01   9.383E-01   1.941E+00   0.000E+00   0.000E+00   0.000E+00   0.000E+00      9.231E+08   1.000E+00   1.000E+00   00000   8.558E-01   8.558E-01  3p2   N/A    N/A    N/A 
    8   5.079646E+03   1.369170E-01   4.777E+14   4.289E+34   2.734E-01      8.272E-01   6.305E-01   9.347E-01   1.938E+00   0.000E+00   0.000E+00   0.000E+00   0.000E+00      9.268E+08   1.000E+00   1.000E+00   00000   8.567E-01   8.567E-01  3p2   N/A    N/A    N/A 
    9   5.283045E+03   1.537723E-01   4.744E+14   4.182E+34   2.716E-01      8.244E-01   6.269E-01   9.309E-01   1.934E+00   0.000E+00   0.000E+00   0.000E+00   0.000E+00      9.306E+08   1.000E+00   1.000E+00   00000   8.575E-01   8.575E-01  3p2   N/A    N/A    N/A 
   10   5.471882E+03   1.709131E-01   4.710E+14   4.077E+34   2.699E-01      8.216E-01   6.232E-01   9.271E-01   1.930E+00   0.000E+00   0.000E+00   0.000E+00   0.000E+00      9.343E+08   1.000E+00   1.000E+00   00000   8.584E-01   8.584E-01  3p2   N/A    N/A    N/A 
   11   5.648516E+03   1.869461E-01   4.679E+14   3.980E+34   2.682E-01      8.190E-01   6.198E-01   9.235E-01   1.927E+00   0.000E+00   0.000E+00   0.000E+00   0.000E+00      9.377E+08   1.000E+00   1.000E+00   00000   8.593E-01   8.593E-01  3p2   N/A    N/A    N/A 
   12   5.814743E+03   2.020345E-01   4.649E+14   3.888E+34   2.667E-01      8.166E-01   6.165E-01   9.201E-01   1.924E+00   0.000E+00   0.000E+00   0.000E+00   0.000E+00      9.408E+08   1.000E+00   1.000E+00   00000   8.601E-01   8.601E-01  3p2   N/A    N/A    N/A 
   13   5.971974E+03   2.181854E-01   4.619E+14   3.798E+34   2.651E-01      8.141E-01   6.132E-01   9.166E-01   1.920E+00   0.000E+00   0.000E+00   0.000E+00   0.000E+00      9.439E+08   1.000E+00   1.000E+00   00000   8.609E-01   8.609E-01  3p2   N/A    N/A    N/A 
   14   6.121335E+03   2.351786E-01   4.589E+14   3.709E+34   2.635E-01      8.116E-01   6.098E-01   9.131E-01   1.917E+00   0.000E+00   0.000E+00   0.000E+00   0.000E+00      9.471E+08   1.000E+00   1.000E+00   00000   8.617E-01   8.617E-01  3p2   N/A    N/A    N/A 
   15   6.263742E+03   2.513805E-01   4.560E+14   3.624E+34   2.620E-01      8.091E-01   6.065E-01   9.097E-01   1.913E+00   0.000E+00   0.000E+00   0.000E+00   0.000E+00      9.500E+08   1.000E+00   1.000E+00   00000   8.624E-01   8.624E-01  3p2   N/A    N/A    N/A 
   16   6.399953E+03   2.668775E-01   4.532E+14   3.542E+34   2.605E-01      8.067E-01   6.034E-01   9.064E-01   1.910E+00   0.000E+00   0.000E+00   0.000E+00   0.000E+00      9.527E+08   1.000E+00   1.000E+00   00000   8.632E-01   8.632E-01  3p2   N/A    N/A    N/A 
   17   6.530600E+03   2.817415E-01   4.505E+14   3.464E+34   2.591E-01      8.044E-01   6.003E-01   9.032E-01   1.907E+00   0.000E+00   0.000E+00   0.000E+00   0.000E+00      9.553E+08   1.000E+00   1.000E+00   00000   8.639E-01   8.639E-01  3p2   N/A    N/A    N/A 
   18   6.656219E+03   2.960334E-01   4.480E+14   3.389E+34   2.577E-01      8.022E-01   5.973E-01   9.002E-01   1.904E+00   0.000E+00   0.000E+00   0.000E+00   0.000E+00      9.577E+08   1.000E+00   1.000E+00   00000   8.646E-01   8.646E-01  3p2   N/A    N/A    N/A 
   19   6.777267E+03   3.123641E-01   4.452E+14   3.313E+34   2.562E-01      7.998E-01   5.941E-01   8.968E-01   1.901E+00   0.000E+00   0.000E+00   0.000E+00   0.000E+00      9.603E+08   1.000E+00   1.000E+00   00000   8.654E-01   8.654E-01  3p2   N/A    N/A    N/A 
   20   6.894140E+03   3.286269E-01   4.424E+14   3.239E+34   2.548E-01      7.974E-01   5.908E-01   8.935E-01   1.897E+00   0.000E+00   0.000E+00   0.000E+00   0.000E+00      9.629E+08   1.000E+00   1.000E+00   00000   8.661E-01   8.661E-01  3p2   N/A    N/A    N/A 
   21   7.007179E+03   3.443563E-01   4.397E+14   3.167E+34   2.533E-01      7.951E-01   5.877E-01   8.903E-01   1.894E+00   0.000E+00   0.000E+00   0.000E+00   0.000E+00      9.652E+08   1.000E+00   1.000E+00   00000   8.668E-01   8.668E-01  3p2   N/A    N/A    N/A 
   22   7.116684E+03   3.595940E-01   4.371E+14   3.097E+34   2.519E-01      7.928E-01   5.846E-01   8.871E-01   1.891E+00   0.000E+00   0.000E+00   0.000E+00   0.000E+00      9.675E+08   1.000E+00   1.000E+00   00000   8.676E-01   8.676E-01  3p2   N/A    N/A    N/A 
   23   7.222919E+03   3.743766E-01   4.346E+14   3.030E+34   2.506E-01      7.905E-01   5.815E-01   8.840E-01   1.888E+00   0.000E+00   0.000E+00   0.000E+00   0.000E+00      9.696E+08   1.000E+00   1.000E+00   00000   8.682E-01   8.682E-01  3p2   N/A    N/A    N/A 
   24   7.326117E+03   3.887367E-01   4.321E+14   2.964E+34   2.493E-01      7.883E-01   5.786E-01   8.809E-01   1.885E+00   0.000E+00   0.000E+00   0.000E+00   0.000E+00      9.716E+08   1.000E+00   1.000E+00   00000   8.689E-01   8.689E-01  3p2   N/A    N/A    N/A 
   25   7.426487E+03   4.027033E-01   4.297E+14   2.901E+34   2.480E-01      7.862E-01   5.757E-01   8.780E-01   1.882E+00   0.000E+00   0.000E+00   0.000E+00   0.000E+00      9.735E+08   1.000E+00   1.000E+00   00000   8.696E-01   8.696E-01  3p2   N/A    N/A    N/A 
   26   7.524216E+03   4.168751E-01   4.273E+14   2.838E+34   2.467E-01      7.841E-01   5.727E-01   8.750E-01   1.879E+00   0.000E+00   0.000E+00   0.000E+00   0.000E+00      9.753E+08   1.000E+00   1.000E+00   00000   8.702E-01   8.702E-01  3p2   N/A    N/A    N/A 
   27   7.619469E+03   4.326067E-01   4.247E+14   2.775E+34   2.453E-01      7.817E-01   5.695E-01   8.717E-01   1.876E+00   0.000E+00   0.000E+00   0.000E+00   0.000E+00      9.773E+08   1.000E+00   1.000E+00   00000   8.710E-01   8.710E-01  3p2   N/A    N/A    N/A 
   28   7.712398E+03   4.479544E-01   4.221E+14   2.714E+34   2.439E-01      7.794E-01   5.663E-01   8.685E-01   1.873E+00   0.000E+00   0.000E+00   0.000E+00   0.000E+00      9.792E+08   1.000E+00   1.000E+00   00000   8.717E-01   8.717E-01  3p2   N/A    N/A    N/A 
   29   7.803140E+03   4.629410E-01   4.196E+14   2.655E+34   2.425E-01      7.771E-01   5.631E-01   8.653E-01   1.869E+00   0.000E+00   0.000E+00   0.000E+00   0.000E+00      9.809E+08   1.000E+00   1.000E+00   00000   8.724E-01   8.724E-01  3p2   N/A    N/A    N/A 
   30   7.891820E+03   4.775868E-01   4.171E+14   2.596E+34   2.412E-01      7.748E-01   5.600E-01   8.622E-01   1.866E+00   0.000E+00   0.000E+00   0.000E+00   0.000E+00      9.826E+08   1.000E+00   1.000E+00   00000   8.731E-01   8.731E-01  3p2   N/A    N/A    N/A 
   31   7.978551E+03   4.919109E-01   4.147E+14   2.539E+34   2.399E-01      7.726E-01   5.570E-01   8.591E-01   1.863E+00   0.000E+00   0.000E+00   0.000E+00   0.000E+00      9.841E+08   1.000E+00   1.000E+00   00000   8.737E-01   8.737E-01  3p2   N/A    N/A    N/A 
   32   8.063435E+03   5.059300E-01   4.123E+14   2.483E+34   2.386E-01      7.705E-01   5.540E-01   8.561E-01   1.860E+00   0.000E+00   0.000E+00   0.000E+00   0.000E+00      9.856E+08   1.000E+00   1.000E+00   00000   8.744E-01   8.744E-01  3p2   N/A    N/A    N/A 
   33   8.146569E+03   5.196600E-01   4.100E+14   2.429E+34   2.373E-01      7.684E-01   5.511E-01   8.532E-01   1.857E+00   0.000E+00   0.000E+00   0.000E+00   0.000E+00      9.870E+08   1.000E+00   1.000E+00   00000   8.750E-01   8.750E-01  3p2   N/A    N/A    N/A 
   34   8.228040E+03   5.331153E-01   4.078E+14   2.375E+34   2.361E-01      7.663E-01   5.482E-01   8.503E-01   1.854E+00   0.000E+00   0.000E+00   0.000E+00   0.000E+00      9.882E+08   1.000E+00   1.000E+00   00000   8.757E-01   8.757E-01  3p2   N/A    N/A    N/A 
   35   8.307929E+03   5.463094E-01   4.055E+14   2.323E+34   2.349E-01      7.642E-01   5.453E-01   8.474E-01   1.852E+00   0.000E+00   0.000E+00   0.000E+00   0.000E+00      9.894E+08   1.000E+00   1.000E+00   00000   8.763E-01   8.763E-01  3p2   N/A    N/A    N/A 
   36   8.386310E+03   5.603353E-01   4.031E+14   2.271E+34   2.336E-01      7.620E-01   5.422E-01   8.443E-01   1.848E+00   0.000E+00   0.000E+00   0.000E+00   0.000E+00      9.907E+08   1.000E+00   1.000E+00   00000   8.770E-01   8.770E-01  3p2   N/A    N/A    N/A 
   37   8.463254E+03   5.748968E-01   4.005E+14   2.220E+34   2.322E-01      7.596E-01   5.388E-01   8.409E-01   1.845E+00   0.000E+00   0.000E+00   0.000E+00   0.000E+00      9.919E+08   1.000E+00   1.000E+00   00000   8.777E-01   8.777E-01  3p2   N/A    N/A    N/A 
   38   8.538822E+03   5.891981E-01   3.980E+14   2.170E+34   2.308E-01      7.572E-01   5.354E-01   8.376E-01   1.842E+00   0.000E+00   0.000E+00   0.000E+00   0.000E+00      9.931E+08   1.000E+00   1.000E+00   00000   8.784E-01   8.784E-01  3p2   N/A    N/A    N/A 
   39   8.613076E+03   6.032507E-01   3.955E+14   2.121E+34   2.294E-01      7.549E-01   5.321E-01   8.344E-01   1.838E+00   0.000E+00   0.000E+00   0.000E+00   0.000E+00      9.941E+08   1.000E+00   1.000E+00   00000   8.791E-01   8.791E-01  3p2   N/A    N/A    N/A 
   40   8.686072E+03   6.170651E-01   3.931E+14   2.072E+34   2.281E-01      7.526E-01   5.289E-01   8.312E-01   1.835E+00   0.000E+00   0.000E+00   0.000E+00   0.000E+00      9.951E+08   1.000E+00   1.000E+00   00000   8.798E-01   8.798E-01  3p2   N/A    N/A    N/A 
   41   8.757861E+03   6.306512E-01   3.907E+14   2.025E+34   2.268E-01      7.503E-01   5.256E-01   8.280E-01   1.832E+00   0.000E+00   0.000E+00   0.000E+00   0.000E+00      9.959E+08   1.000E+00   1.000E+00   00000   8.804E-01   8.804E-01  3p2   N/A    N/A    N/A 
   42   8.828492E+03   6.440180E-01   3.883E+14   1.978E+34   2.255E-01      7.481E-01   5.225E-01   8.249E-01   1.829E+00   0.000E+00   0.000E+00   0.000E+00   0.000E+00      9.967E+08   1.000E+00   1.000E+00   00000   8.811E-01   8.811E-01  3p2   N/A    N/A    N/A 
   43   8.898011E+03   6.571744E-01   3.860E+14   1.932E+34   2.242E-01      7.459E-01   5.193E-01   8.218E-01   1.826E+00   0.000E+00   0.000E+00   0.000E+00   0.000E+00      9.974E+08   1.000E+00   1.000E+00   00000   8.818E-01   8.818E-01  3p2   N/A    N/A    N/A 
   44   8.966460E+03   6.701284E-01   3.837E+14   1.887E+34   2.230E-01      7.437E-01   5.162E-01   8.188E-01   1.822E+00   0.000E+00   0.000E+00   0.000E+00   0.000E+00      9.980E+08   1.000E+00   1.000E+00   00000   8.824E-01   8.824E-01  3p2   N/A    N/A    N/A 
   45   9.033879E+03   6.828875E-01   3.815E+14   1.842E+34   2.217E-01      7.416E-01   5.131E-01   8.158E-01   1.819E+00   0.000E+00   0.000E+00   0.000E+00   0.000E+00      9.985E+08   1.000E+00   1.000E+00   00000   8.831E-01   8.831E-01  3p2   N/A    N/A    N/A 
   46   9.100307E+03   6.954590E-01   3.792E+14   1.798E+34   2.205E-01      7.395E-01   5.100E-01   8.128E-01   1.816E+00   0.000E+00   0.000E+00   0.000E+00   0.000E+00      9.989E+08   1.000E+00   1.000E+00   00000   8.837E-01   8.837E-01  3p2   N/A    N/A    N/A 
   47   9.165779E+03   7.079549E-01   3.770E+14   1.755E+34   2.193E-01      7.373E-01   5.069E-01   8.099E-01   1.813E+00   0.000E+00   0.000E+00   0.000E+00   0.000E+00      9.993E+08   1.000E+00   1.000E+00   00000   8.843E-01   8.843E-01  3p2   N/A    N/A    N/A 
   48   9.230329E+03   7.214019E-01   3.744E+14   1.713E+34   2.178E-01      7.349E-01   5.033E-01   8.064E-01   1.810E+00   0.000E+00   0.000E+00   0.000E+00   0.000E+00      9.996E+08   1.000E+00   1.000E+00   00000   8.851E-01   8.851E-01  3p2   N/A    N/A    N/A 
   49   9.293988E+03   7.346633E-01   3.719E+14   1.672E+34   2.164E-01      7.324E-01   4.997E-01   8.029E-01   1.806E+00   0.000E+00   0.000E+00   0.000E+00   0.000E+00      9.999E+08   6.053E+06   1.000E+00   00000   8.858E-01   8.858E-01  3p2   N/A    N/A    N/A 
   50   9.356788E+03   7.477455E-01   3.693E+14   1.632E+34   2.150E-01      7.300E-01   4.962E-01   7.995E-01   1.802E+00   0.000E+00   0.000E+00   0.000E+00   0.000E+00      1.000E+09   3.790E+07   1.000E+00   00000   8.865E-01   8.865E-01  3p2   N/A    N/A    N/A 
   51   9.418755E+03   7.606545E-01   3.668E+14   1.592E+34   2.136E-01      7.276E-01   4.926E-01   7.962E-01   1.799E+00   0.000E+00   0.000E+00   0.000E+00   0.000E+00      1.000E+09   7.950E+07   1.000E+00   00000   8.872E-01   8.872E-01  3p2   N/A    N/A    N/A 
   52   9.479917E+03   7.733957E-01   3.644E+14   1.553E+34   2.123E-01      7.252E-01   4.891E-01   7.928E-01   1.795E+00   0.000E+00   0.000E+00   0.000E+00   0.000E+00      9.999E+08   1.296E+08   1.000E+00   00000   8.879E-01   8.879E-01  3p2   N/A    N/A    N/A 
   53   9.540300E+03   7.859746E-01   3.620E+14   1.514E+34   2.109E-01      7.228E-01   4.856E-01   7.895E-01   1.792E+00   0.000E+00   0.000E+00   0.000E+00   0.000E+00      9.997E+08   1.866E+08   1.000E+00   00000   8.886E-01   8.886E-01  3p2   N/A    N/A    N/A 
   54   9.599929E+03   7.983963E-01   3.596E+14   1.475E+34   2.096E-01      7.205E-01   4.821E-01   7.863E-01   1.788E+00   0.000E+00   0.000E+00   0.000E+00   0.000E+00      9.995E+08   2.494E+08   1.000E+00   00000   8.893E-01   8.893E-01  3p2   N/A    N/A    N/A 
   55   9.658826E+03   8.106656E-01   3.572E+14   1.437E+34   2.083E-01      7.182E-01   4.787E-01   7.830E-01   1.785E+00   0.000E+00   0.000E+00   0.000E+00   0.000E+00      9.991E+08   3.166E+08   1.000E+00   00000   8.900E-01   8.900E-01  3p2   N/A    N/A    N/A 
   56   9.717013E+03   8.227871E-01   3.549E+14   1.400E+34   2.069E-01      7.159E-01   4.752E-01   7.798E-01   1.781E+00   0.000E+00   0.000E+00   0.000E+00   0.000E+00      9.986E+08   3.870E+08   1.000E+00   00000   8.907E-01   8.907E-01  3p2   N/A    N/A    N/A 
   57   9.774511E+03   8.347650E-01   3.526E+14   1.363E+34   2.057E-01      7.137E-01   4.718E-01   7.767E-01   1.778E+00   0.000E+00   0.000E+00   0.000E+00   0.000E+00      9.981E+08   4.596E+08   1.000E+00   00000   8.914E-01   8.914E-01  3p2   N/A    N/A    N/A 
   58   9.831341E+03   8.466037E-01   3.503E+14   1.326E+34   2.044E-01      7.114E-01   4.684E-01   7.735E-01   1.775E+00   0.000E+00   0.000E+00   0.000E+00   0.000E+00      9.974E+08   5.331E+08   1.000E+00   00000   8.920E-01   8.920E-01  3p2   N/A    N/A    N/A 
   59   9.887521E+03   8.583070E-01   3.480E+14   1.290E+34   2.031E-01      7.092E-01   4.650E-01   7.704E-01   1.771E+00   0.000E+00   0.000E+00   0.000E+00   0.000E+00      9.967E+08   6.066E+08   1.000E+00   00000   8.927E-01   8.927E-01  3p2   N/A    N/A    N/A 
   60   9.943070E+03   8.701173E-01   3.456E+14   1.255E+34   2.017E-01      7.068E-01   4.614E-01   7.670E-01   1.768E+00   0.000E+00   0.000E+00   0.000E+00   0.000E+00      9.958E+08   6.857E+08   1.000E+00   00000   8.934E-01   8.934E-01  3p2   N/A    N/A    N/A 
   61   9.998006E+03   8.821830E-01   3.429E+14   1.221E+34   2.002E-01      7.041E-01   4.572E-01   7.633E-01   1.763E+00   0.000E+00   0.000E+00   0.000E+00   0.000E+00      9.947E+08   7.728E+08   1.000E+00   00000   8.942E-01   8.942E-01  3p2   N/A    N/A    N/A 
   62   1.005234E+04   8.941178E-01   3.402E+14   1.188E+34   1.987E-01      7.014E-01   4.531E-01   7.595E-01   1.759E+00   0.000E+00   0.000E+00   0.000E+00   0.000E+00      9.934E+08   8.554E+08   1.000E+00   00000   8.950E-01   8.950E-01  3p2   N/A    N/A    N/A 
   63   1.010610E+04   9.059247E-01   3.375E+14   1.156E+34   1.972E-01      6.988E-01   4.490E-01   7.558E-01   1.755E+00   0.000E+00   0.000E+00   0.000E+00   0.000E+00      9.920E+08   9.327E+08   1.000E+00   00000   8.958E-01   8.958E-01  3p2   N/A    N/A    N/A 
   64   1.015929E+04   9.176073E-01   3.348E+14   1.123E+34   1.957E-01      6.962E-01   4.449E-01   7.521E-01   1.751E+00   0.000E+00   0.000E+00   0.000E+00   0.000E+00      9.905E+08   1.005E+09   1.000E+00   00000   8.965E-01   8.965E-01  3p2   N/A    N/A    N/A 
   65   1.021193E+04   9.291690E-01   3.322E+14   1.091E+34   1.942E-01      6.936E-01   4.408E-01   7.484E-01   1.747E+00   0.000E+00   0.000E+00   0.000E+00   0.000E+00      9.888E+08   1.072E+09   1.000E+00   00000   8.973E-01   8.973E-01  3p2   N/A    N/A    N/A 
   66   1.026403E+04   9.406127E-01   3.296E+14   1.060E+34   1.928E-01      6.910E-01   4.367E-01   7.448E-01   1.743E+00   0.000E+00   0.000E+00   0.000E+00   0.000E+00      9.870E+08   1.135E+09   1.000E+00   00000   8.981E-01   8.981E-01  3p2   N/A    N/A    N/A 
   67   1.031561E+04   9.519413E-01   3.271E+14   1.028E+34   1.913E-01      6.884E-01   4.327E-01   7.412E-01   1.739E+00   0.000E+00   0.000E+00   0.000E+00   0.000E+00      9.851E+08   1.195E+09   1.000E+00   00000   8.988E-01   8.988E-01  3p2   N/A    N/A    N/A 
   68   1.036668E+04   9.631576E-01   3.245E+14   9.973E+33   1.899E-01      6.859E-01   4.286E-01   7.377E-01   1.735E+00   0.000E+00   0.000E+00   0.000E+00   0.000E+00      9.831E+08   1.251E+09   1.000E+00   00000   8.996E-01   8.996E-01  3p2   N/A    N/A    N/A 
   69   1.041725E+04   9.742647E-01   3.220E+14   9.666E+33   1.884E-01      6.834E-01   4.246E-01   7.341E-01   1.731E+00   0.000E+00   0.000E+00   0.000E+00   0.000E+00      9.810E+08   1.305E+09   1.000E+00   00000   9.003E-01   9.003E-01  3p2   N/A    N/A    N/A 
   70   1.046733E+04   9.852649E-01   3.195E+14   9.361E+33   1.870E-01      6.808E-01   4.206E-01   7.306E-01   1.727E+00   0.000E+00   0.000E+00   0.000E+00   0.000E+00      9.787E+08   1.355E+09   1.000E+00   00000   9.010E-01   9.010E-01  3p2   N/A    N/A    N/A 
   71   1.051694E+04   9.961609E-01   3.170E+14   9.060E+33   1.856E-01      6.784E-01   4.165E-01   7.271E-01   1.723E+00   0.000E+00   0.000E+00   0.000E+00   0.000E+00      9.764E+08   1.404E+09   1.000E+00   00000   9.018E-01   9.018E-01  3p2   N/A    N/A    N/A 
   72   1.056609E+04   1.006955E+00   3.146E+14   8.761E+33   1.843E-01      6.759E-01   4.125E-01   7.236E-01   1.719E+00   0.000E+00   0.000E+00   0.000E+00   0.000E+00      9.739E+08   1.452E+09   1.000E+00   00000   9.025E-01   9.025E-01  3p2   N/A    N/A    N/A 
   73   1.061478E+04   1.017685E+00   3.119E+14   8.477E+33   1.827E-01      6.732E-01   4.080E-01   7.198E-01   1.714E+00   0.000E+00   0.000E+00   0.000E+00   0.000E+00      9.710E+08   1.503E+09   1.000E+00   00000   9.033E-01   9.033E-01  3p2   N/A    N/A    N/A 
   74   1.066303E+04   1.028359E+00   3.089E+14   8.210E+33   1.810E-01      6.701E-01   4.029E-01   7.155E-01   1.709E+00   0.000E+00   0.000E+00   0.000E+00   0.000E+00      9.675E+08   1.559E+09   1.000E+00   00000   9.042E-01   9.042E-01  3p2   N/A    N/A    N/A 
   75   1.071085E+04   1.038937E+00   3.059E+14   7.946E+33   1.793E-01      6.670E-01   3.978E-01   7.112E-01   1.704E+00   0.000E+00   0.000E+00   0.000E+00   0.000E+00      9.639E+08   1.614E+09   1.000E+00   00000   9.051E-01   9.051E-01  3p2   N/A    N/A    N/A 
   76   1.075824E+04   1.049422E+00   3.029E+14   7.683E+33   1.776E-01      6.640E-01   3.927E-01   7.069E-01   1.699E+00   0.000E+00   0.000E+00   0.000E+00   0.000E+00      9.601E+08   1.668E+09   1.000E+00   00000   9.060E-01   9.060E-01  3p2   N/A    N/A    N/A 
   77   1.080522E+04   1.059815E+00   2.999E+14   7.423E+33   1.759E-01      6.610E-01   3.876E-01   7.027E-01   1.694E+00   0.000E+00   0.000E+00   0.000E+00   0.000E+00      9.561E+08   1.721E+09   1.000E+00   00000   9.068E-01   9.068E-01  3p2   N/A    N/A    N/A 
   78   1.085180E+04   1.070118E+00   2.970E+14   7.166E+33   1.742E-01      6.580E-01   3.824E-01   6.985E-01   1.689E+00   0.000E+00   0.000E+00   0.000E+00   0.000E+00      9.519E+08   1.773E+09   1.000E+00   00000   9.077E-01   9.077E-01  3p2   N/A    N/A    N/A 
   79   1.089797E+04   1.080334E+00   2.941E+14   6.910E+33   1.726E-01      6.550E-01   3.773E-01   6.943E-01   1.684E+00   0.000E+00   0.000E+00   0.000E+00   0.000E+00      9.475E+08   1.824E+09   1.000E+00   00000   9.086E-01   9.086E-01  3p2   N/A    N/A    N/A 
   80   1.094377E+04   1.090464E+00   2.912E+14   6.657E+33   1.709E-01      6.520E-01   3.721E-01   6.901E-01   1.679E+00   0.000E+00   0.000E+00   0.000E+00   0.000E+00      9.430E+08   1.874E+09   1.000E+00   00000   9.094E-01   9.094E-01  3p2   N/A    N/A    N/A 
   81   1.098918E+04   1.100510E+00   2.884E+14   6.405E+33   1.693E-01      6.490E-01   3.668E-01   6.860E-01   1.674E+00   0.000E+00   0.000E+00   0.000E+00   0.000E+00      9.383E+08   1.923E+09   1.000E+00   00000   9.103E-01   9.103E-01  3p2   N/A    N/A    N/A 
   82   1.103421E+04   1.110474E+00   2.856E+14   6.156E+33   1.677E-01      6.461E-01   3.616E-01   6.818E-01   1.669E+00   0.000E+00   0.000E+00   0.000E+00   0.000E+00      9.335E+08   1.972E+09   1.000E+00   00000   9.111E-01   9.111E-01  3p2   N/A    N/A    N/A 
   83   1.107889E+04   1.120357E+00   2.828E+14   5.909E+33   1.661E-01      6.432E-01   3.563E-01   6.777E-01   1.664E+00   0.000E+00   0.000E+00   0.000E+00   0.000E+00      9.285E+08   2.020E+09   1.000E+00   00000   9.120E-01   9.120E-01  3p2   N/A    N/A    N/A 
   84   1.112320E+04   1.130161E+00   2.800E+14   5.664E+33   1.645E-01      6.403E-01   3.510E-01   6.737E-01   1.659E+00   0.000E+00   0.000E+00   0.000E+00   0.000E+00      9.233E+08   2.068E+09   1.000E+00   00000   9.128E-01   9.128E-01  3p2   N/A    N/A    N/A 
   85   1.116717E+04   1.139748E+00   2.768E+14   5.431E+33   1.626E-01      6.369E-01   3.449E-01   6.690E-01   1.653E+00   0.000E+00   0.000E+00   0.000E+00   0.000E+00      9.171E+08   2.122E+09   1.000E+00   00000   9.138E-01   9.138E-01  3p2   N/A    N/A    N/A 
   86   1.121079E+04   1.149026E+00   2.729E+14   5.218E+33   1.604E-01      6.328E-01   3.372E-01   6.632E-01   1.646E+00   0.000E+00   0.000E+00   0.000E+00   0.000E+00      9.092E+08   2.188E+09   1.000E+00   00000   9.150E-01   9.150E-01  3p2   N/A    N/A    N/A 
   87   1.125408E+04   1.158232E+00   2.690E+14   5.007E+33   1.582E-01      6.286E-01   3.294E-01   6.574E-01   1.639E+00   0.000E+00   0.000E+00   0.000E+00   0.000E+00      9.009E+08   2.254E+09   1.000E+00   00000   9.161E-01   9.161E-01  3p2   N/A    N/A    N/A 
   88   1.129703E+04   1.167367E+00   2.652E+14   4.798E+33   1.560E-01      6.245E-01   3.214E-01   6.517E-01   1.631E+00   0.000E+00   0.000E+00   0.000E+00   0.000E+00      8.923E+08   2.319E+09   1.000E+00   00000   9.173E-01   9.173E-01  3p2   N/A    N/A    N/A 
   89   1.133966E+04   1.176434E+00   2.614E+14   4.590E+33   1.538E-01      6.204E-01   3.133E-01   6.460E-01   1.624E+00   0.000E+00   0.000E+00   0.000E+00   0.000E+00      8.834E+08   2.382E+09   1.000E+00   00000   9.184E-01   9.184E-01  3p2   N/A    N/A    N/A 
   90   1.138197E+04   1.185432E+00   2.576E+14   4.383E+33   1.516E-01      6.163E-01   3.051E-01   6.402E-01   1.617E+00   0.000E+00   0.000E+00   0.000E+00   0.000E+00      8.742E+08   2.444E+09   1.000E+00   00000   9.196E-01   9.196E-01  3p2   N/A    N/A    N/A 
   91   1.142397E+04   1.194365E+00   2.538E+14   4.179E+33   1.494E-01      6.121E-01   2.967E-01   6.345E-01   1.609E+00   0.000E+00   0.000E+00   0.000E+00   0.000E+00      8.647E+08   2.504E+09   1.000E+00   00000   9.207E-01   9.207E-01  3p2   N/A    N/A    N/A 
   92   1.146567E+04   1.203232E+00   2.501E+14   3.975E+33   1.472E-01      6.080E-01   2.881E-01   6.288E-01   1.602E+00   0.000E+00   0.000E+00   0.000E+00   0.000E+00      8.548E+08   2.562E+09   1.000E+00   00000   9.219E-01   9.219E-01  3p2   N/A    N/A    N/A 
   93   1.150706E+04   1.212035E+00   2.464E+14   3.774E+33   1.451E-01      6.039E-01   2.793E-01   6.231E-01   1.595E+00   0.000E+00   0.000E+00   0.000E+00   0.000E+00      8.446E+08   2.618E+09   1.000E+00   00000   9.230E-01   9.230E-01  3p2   N/A    N/A    N/A 
   94   1.154816E+04   1.220775E+00   2.427E+14   3.573E+33   1.430E-01      5.997E-01   2.701E-01   6.174E-01   1.587E+00   0.000E+00   0.000E+00   0.000E+00   0.000E+00      8.342E+08   2.672E+09   1.000E+00   00000   9.241E-01   9.241E-01  3p2   N/A    N/A    N/A 
   95   1.158896E+04   1.229454E+00   2.391E+14   3.374E+33   1.409E-01      5.955E-01   2.608E-01   6.117E-01   1.580E+00   0.000E+00   0.000E+00   0.000E+00   0.000E+00      8.235E+08   2.725E+09   1.000E+00   00000   9.252E-01   9.252E-01  3p2   N/A    N/A    N/A 
   96   1.162949E+04   1.237246E+00   2.343E+14   3.208E+33   1.381E-01      5.900E-01   2.480E-01   6.042E-01   1.570E+00   0.000E+00   0.000E+00   0.000E+00   0.000E+00      8.089E+08   2.792E+09   1.000E+00   00000   9.267E-01   9.267E-01  3p2   N/A    N/A    N/A 
   97   1.166973E+04   1.244956E+00   2.295E+14   3.044E+33   1.353E-01      5.844E-01   2.343E-01   5.967E-01   1.560E+00   0.000E+00   0.000E+00   0.000E+00   0.000E+00      7.937E+08   2.858E+09   1.000E+00   00000   9.281E-01   9.281E-01  3p2   N/A    N/A    N/A 
   98   1.170969E+04   1.252613E+00   2.248E+14   2.881E+33   1.326E-01      5.787E-01   2.197E-01   5.891E-01   1.550E+00   0.000E+00   0.000E+00   0.000E+00   0.000E+00      7.780E+08   2.923E+09   1.000E+00   00000   9.296E-01   9.296E-01  3p2   N/A    N/A    N/A 
   99   1.174939E+04   1.260218E+00   2.201E+14   2.719E+33   1.298E-01      5.730E-01   2.043E-01   5.815E-01   1.539E+00   0.000E+00   0.000E+00   0.000E+00   0.000E+00      7.619E+08   2.987E+09   1.000E+00   00000   9.310E-01   9.310E-01  3p2   N/A    N/A    N/A 
  100   1.178881E+04   1.267772E+00   2.154E+14   2.558E+33   1.271E-01      5.672E-01   1.873E-01   5.739E-01   1.529E+00   0.000E+00   0.000E+00   0.000E+00   0.000E+00      7.453E+08   3.051E+09   1.000E+00   00000   9.325E-01   9.325E-01  3p2   N/A    N/A    N/A 
  101   1.182798E+04   1.275276E+00   2.108E+14   2.398E+33   1.244E-01      5.613E-01   1.691E-01   5.663E-01   1.518E+00   0.000E+00   0.000E+00   0.000E+00   0.000E+00      7.283E+08   3.113E+09   1.000E+00   00000   9.339E-01   9.339E-01  3p2   N/A    N/A    N/A 
  102   1.186689E+04   1.282730E+00   2.061E+14   2.239E+33   1.217E-01      5.553E-01   1.477E-01   5.587E-01   1.508E+00   0.000E+00   0.000E+00   0.000E+00   0.000E+00      7.108E+08   3.169E+09   1.000E+00   00000   9.353E-01   9.353E-01  3p2   N/A    N/A    N/A 
  103   1.190554E+04   1.290136E+00   2.016E+14   2.082E+33   1.190E-01      5.492E-01   1.236E-01   5.512E-01   1.497E+00   0.000E+00   0.000E+00   0.000E+00   0.000E+00      6.930E+08   3.218E+09   1.000E+00   00000   9.367E-01   9.367E-01  3p2   N/A    N/A    N/A 
  104   1.194395E+04   1.297054E+00   1.967E+14   1.938E+33   1.161E-01      5.424E-01   9.232E-02   5.433E-01   1.486E+00   0.000E+00   0.000E+00   0.000E+00   0.000E+00      6.734E+08   3.257E+09   1.000E+00   00000   9.382E-01   9.382E-01  3p2   N/A    N/A    N/A 
  105   1.198211E+04   1.303430E+00   1.914E+14   1.811E+33   1.131E-01      5.350E-01  -3.034E-02   5.350E-01   1.473E+00   0.000E+00   0.000E+00   0.000E+00   0.000E+00      6.517E+08   3.284E+09   1.000E+00   00000   9.399E-01   9.399E-01  3p2   N/A    N/A    N/A 
  106   1.202003E+04   1.309765E+00   1.862E+14   1.684E+33   1.100E-01      5.271E-01  -2.080E-02   5.271E-01   1.460E+00   0.000E+00   0.000E+00   0.000E+00   0.000E+00      6.295E+08   3.290E+09   1.000E+00   00000   9.415E-01   9.415E-01  3p2   N/A    N/A    N/A 
  107   1.205771E+04   1.316061E+00   1.810E+14   1.559E+33   1.070E-01      5.191E-01   6.862E-03   5.191E-01   1.447E+00   0.000E+00   0.000E+00   0.000E+00   0.000E+00      6.070E+08   3.278E+09   1.000E+00   00000   9.431E-01   9.431E-01  3p2   N/A    N/A    N/A 
  108   1.209515E+04   1.322318E+00   1.759E+14   1.433E+33   1.040E-01      5.110E-01  -0.000E+00   5.110E-01   1.433E+00   0.000E+00   0.000E+00   0.000E+00   0.000E+00      5.841E+08   3.249E+09   1.000E+00   00000   9.447E-01   9.447E-01  3p2   N/A    N/A    N/A 
  109   1.213237E+04   1.328536E+00   1.708E+14   1.309E+33   1.010E-01      5.028E-01  -0.000E+00   5.028E-01   1.420E+00   0.000E+00   0.000E+00   0.000E+00   0.000E+00      5.610E+08   3.205E+09   1.000E+00   00000   9.463E-01   9.463E-01  3p2   N/A    N/A    N/A 
  110   1.216936E+04   1.334716E+00   1.657E+14   1.186E+33   9.799E-02      4.944E-01  -0.000E+00   4.944E-01   1.406E+00   0.000E+00   0.000E+00   0.000E+00   0.000E+00      5.377E+08   3.148E+09   1.000E+00   00000   9.478E-01   9.478E-01  3p2   N/A    N/A    N/A 
  111   1.220612E+04   1.340190E+00   1.600E+14   1.080E+33   9.465E-02      4.848E-01  -0.000E+00   4.847E-01   1.390E+00   0.000E+00   0.000E+00   0.000E+00   0.000E+00      5.112E+08   3.071E+09   1.000E+00   00000   9.496E-01   9.496E-01  3p2   N/A    N/A    N/A 
  112   1.223967E+04   1.344973E+00   1.540E+14   9.893E+32   9.108E-02      4.700E-01   0.000E+00   0.000E+00   1.248E+00   0.000E+00   0.000E+00   0.000E+00   0.000E+00      1.871E+09   0.000E+00   0.000E+00   00000   9.527E-01   0.000E+00  1s0  831.3  232.0   32.0
  113   1.227542E+04   1.350071E+00   1.482E+14   8.926E+32   8.765E-02      4.563E-01   0.000E+00   0.000E+00   1.240E+00   0.000E+00   0.000E+00   0.000E+00   0.000E+00      1.980E+09   0.000E+00   0.000E+00   00000   9.536E-01   0.000E+00  1s0  873.8  232.0   32.0
  114   1.231117E+04   1.355168E+00   1.426E+14   7.958E+32   8.434E-02      4.437E-01   0.000E+00   0.000E+00   1.231E+00   0.000E+00   0.000E+00   0.000E+00   0.000E+00      2.108E+09   0.000E+00   0.000E+00   00000   9.546E-01   0.000E+00  1s0  914.7  232.0   32.0
  115   1.234692E+04   1.360265E+00   1.372E+14   6.991E+32   8.116E-02      4.320E-01   0.000E+00   0.000E+00   1.221E+00   0.000E+00   0.000E+00   0.000E+00   0.000E+00      2.251E+09   0.000E+00   0.000E+00   00000   9.557E-01   0.000E+00  1s0  954.1  232.0   32.0
  116   1.237207E+04   1.363606E+00   1.320E+14   6.363E+32   7.810E-02      4.205E-01   0.000E+00   0.000E+00   1.210E+00   0.000E+00   0.000E+00   0.000E+00   0.000E+00      2.399E+09   0.000E+00   0.000E+00   00000   9.569E-01   0.000E+00  1s0  995.2  232.0   32.0
  117   1.238786E+04   1.365396E+00   1.271E+14   6.037E+32   7.517E-02      4.087E-01   0.000E+00   0.000E+00   1.201E+00   0.000E+00   0.000E+00   0.000E+00   0.000E+00      2.541E+09   0.000E+00   0.000E+00   00000   9.579E-01   0.000E+00  1s0 1043.5  232.0   32.0
  118   1.240365E+04   1.367185E+00   1.223E+14   5.711E+32   7.235E-02      3.977E-01   0.000E+00   0.000E+00   1.190E+00   0.000E+00   0.000E+00   0.000E+00   0.000E+00      2.690E+09   0.000E+00   0.000E+00   00000   9.591E-01   0.000E+00  1s0 1090.1  232.0   32.0
  119   1.241945E+04   1.368975E+00   1.177E+14   5.384E+32   6.963E-02      3.874E-01   0.000E+00   0.000E+00   1.179E+00   0.000E+00   0.000E+00   0.000E+00   0.000E+00      2.842E+09   0.000E+00   0.000E+00   00000   9.603E-01   0.000E+00  1s0 1134.9  232.0   32.0
  120   1.243524E+04   1.370765E+00   1.132E+14   5.058E+32   6.702E-02      3.778E-01   0.000E+00   0.000E+00   1.168E+00   0.000E+00   0.000E+00   0.000E+00   0.000E+00      2.993E+09   0.000E+00   0.000E+00   00000   9.615E-01   0.000E+00  1s0 1178.0  232.0   32.0
  121   1.245103E+04   1.372554E+00   1.090E+14   4.731E+32   6.451E-02      3.687E-01   0.000E+00   0.000E+00   1.156E+00   0.000E+00   0.000E+00   0.000E+00   0.000E+00      3.139E+09   0.000E+00   0.000E+00   00000   9.628E-01   0.000E+00  1s0 1219.4  232.0   32.0
  122   1.246682E+04   1.374344E+00   1.049E+14   4.405E+32   6.209E-02      3.601E-01   0.000E+00   0.000E+00   1.145E+00   0.000E+00   0.000E+00   0.000E+00   0.000E+00      3.280E+09   0.000E+00   0.000E+00   00000   9.641E-01   0.000E+00  1s0 1259.3  232.0   32.0
  123   1.248261E+04   1.376133E+00   1.009E+14   4.079E+32   5.976E-02      3.520E-01   0.000E+00   0.000E+00   1.133E+00   0.000E+00   0.000E+00   0.000E+00   0.000E+00      3.416E+09   0.000E+00   0.000E+00   00000   9.654E-01   0.000E+00  1s0 1297.8  232.0   32.0
  124   1.249782E+04   1.377794E+00   9.711E+13   3.777E+32   5.752E-02      3.443E-01   0.000E+00   0.000E+00   1.121E+00   0.000E+00   0.000E+00   0.000E+00   0.000E+00      3.547E+09   0.000E+00   0.000E+00   00000   9.667E-01   0.000E+00  1s0 1334.7  232.0   32.0
  125   1.251016E+04   1.378820E+00   9.345E+13   3.596E+32   5.536E-02      3.370E-01   0.000E+00   0.000E+00   1.108E+00   0.000E+00   0.000E+00   0.000E+00   0.000E+00      3.674E+09   0.000E+00   0.000E+00   00000   9.681E-01   0.000E+00  1s0 1370.3  232.0   32.0
  126   1.252249E+04   1.379846E+00   8.993E+13   3.415E+32   5.329E-02      3.300E-01   0.000E+00   0.000E+00   1.096E+00   0.000E+00   0.000E+00   0.000E+00   0.000E+00      3.796E+09   0.000E+00   0.000E+00   00000   9.694E-01   0.000E+00  1s0 1404.5  232.0   32.0
  127   1.253483E+04   1.380871E+00   8.655E+13   3.234E+32   5.129E-02      3.234E-01   0.000E+00   0.000E+00   1.084E+00   0.000E+00   0.000E+00   0.000E+00   0.000E+00      3.915E+09   0.000E+00   0.000E+00   00000   9.708E-01   0.000E+00  1s0 1437.4  232.0   32.0
  128   1.254717E+04   1.381897E+00   8.328E+13   3.053E+32   4.937E-02      3.169E-01   0.000E+00   0.000E+00   1.072E+00   0.000E+00   0.000E+00   0.000E+00   0.000E+00      4.029E+09   0.000E+00   0.000E+00   00000   9.721E-01   0.000E+00  1s0 1469.1  232.0   32.0
  129   1.255951E+04   1.382922E+00   8.015E+13   2.872E+32   4.752E-02      3.108E-01   0.000E+00   0.000E+00   1.060E+00   0.000E+00   0.000E+00   0.000E+00   0.000E+00      4.139E+09   0.000E+00   0.000E+00   00000   9.735E-01   0.000E+00  1s0 1499.6  232.0   32.0
  130   1.257184E+04   1.383948E+00   7.713E+13   2.691E+32   4.573E-02      3.291E-01   0.000E+00   0.000E+00   1.060E+00   0.000E+00   0.000E+00   0.000E+00   0.000E+00      4.135E+09   0.000E+00   0.000E+00   00000   9.734E-01   0.000E+00  1s0 1519.5  183.0   40.0
  131   1.258418E+04   1.384973E+00   7.422E+13   2.511E+32   4.401E-02      3.236E-01   0.000E+00   0.000E+00   1.047E+00   0.000E+00   0.000E+00   0.000E+00   0.000E+00      4.247E+09   0.000E+00   0.000E+00   00000   9.748E-01   0.000E+00  1s0 1538.6  183.0   40.0
  132   1.259652E+04   1.385999E+00   7.142E+13   2.330E+32   4.236E-02      3.182E-01   0.000E+00   0.000E+00   1.034E+00   0.000E+00   0.000E+00   0.000E+00   0.000E+00      4.353E+09   0.000E+00   0.000E+00   00000   9.762E-01   0.000E+00  1s0 1556.9  183.0   40.0
  133   1.260797E+04   1.386867E+00   6.873E+13   2.178E+32   4.077E-02      3.130E-01   0.000E+00   0.000E+00   1.022E+00   0.000E+00   0.000E+00   0.000E+00   0.000E+00      4.453E+09   0.000E+00   0.000E+00   00000   9.776E-01   0.000E+00  1s0 1574.5  183.0   40.0
  134   1.261789E+04   1.387459E+00   6.614E+13   2.076E+32   3.923E-02      3.079E-01   0.000E+00   0.000E+00   1.009E+00   0.000E+00   0.000E+00   0.000E+00   0.000E+00      4.548E+09   0.000E+00   0.000E+00   00000   9.790E-01   0.000E+00  1s0 1591.5  183.0   40.0
  135   1.262781E+04   1.388051E+00   6.365E+13   1.975E+32   3.776E-02      3.030E-01   0.000E+00   0.000E+00   9.969E-01   0.000E+00   0.000E+00   0.000E+00   0.000E+00      4.637E+09   0.000E+00   0.000E+00   00000   9.803E-01   0.000E+00  1s0 1607.8  183.0   40.0
  136   1.263772E+04   1.388643E+00   6.125E+13   1.874E+32   3.634E-02      2.982E-01   0.000E+00   0.000E+00   9.847E-01   0.000E+00   0.000E+00   0.000E+00   0.000E+00      4.720E+09   0.000E+00   0.000E+00   00000   9.817E-01   0.000E+00  1s0 1623.5  183.0   40.0
  137   1.264764E+04   1.389235E+00   5.894E+13   1.772E+32   3.497E-02      2.935E-01   0.000E+00   0.000E+00   9.725E-01   0.000E+00   0.000E+00   0.000E+00   0.000E+00      4.798E+09   0.000E+00   0.000E+00   00000   9.830E-01   0.000E+00  1s0 1638.7  183.0   40.0
  138   1.265755E+04   1.389827E+00   5.672E+13   1.671E+32   3.366E-02      2.889E-01   0.000E+00   0.000E+00   9.606E-01   0.000E+00   0.000E+00   0.000E+00   0.000E+00      4.869E+09   0.000E+00   0.000E+00   00000   9.843E-01   0.000E+00  1s0 1653.2  183.0   40.0
  139   1.266747E+04   1.390419E+00   5.459E+13   1.570E+32   3.239E-02      2.844E-01   0.000E+00   0.000E+00   9.487E-01   0.000E+00   0.000E+00   0.000E+00   0.000E+00      4.934E+09   0.000E+00   0.000E+00   00000   9.856E-01   0.000E+00  1s0 1667.2  183.0   40.0
  140   1.267738E+04   1.391011E+00   5.253E+13   1.468E+32   3.118E-02      2.801E-01   0.000E+00   0.000E+00   9.370E-01   0.000E+00   0.000E+00   0.000E+00   0.000E+00      4.994E+09   0.000E+00   0.000E+00   00000   9.869E-01   0.000E+00  1s0 1680.7  183.0   40.0
  141   1.268730E+04   1.391603E+00   5.055E+13   1.367E+32   3.001E-02      2.758E-01   0.000E+00   0.000E+00   9.254E-01   0.000E+00   0.000E+00   0.000E+00   0.000E+00      5.047E+09   0.000E+00   0.000E+00   00000   9.882E-01   0.000E+00  1s0 1693.7  183.0   40.0
  142   1.269682E+04   1.392136E+00   4.865E+13   1.276E+32   2.888E-02      2.717E-01   0.000E+00   0.000E+00   9.139E-01   0.000E+00   0.000E+00   0.000E+00   0.000E+00      5.094E+09   0.000E+00   0.000E+00   00000   9.895E-01   0.000E+00  1s0 1706.1  183.0   40.0
  143   1.270512E+04   1.392490E+00   4.681E+13   1.217E+32   2.779E-02      2.676E-01   0.000E+00   0.000E+00   9.026E-01   0.000E+00   0.000E+00   0.000E+00   0.000E+00      5.134E+09   0.000E+00   0.000E+00   00000   9.907E-01   0.000E+00  1s0 1718.2  183.0   40.0
  144   1.271343E+04   1.392844E+00   4.505E+13   1.158E+32   2.675E-02      2.636E-01   0.000E+00   0.000E+00   8.914E-01   0.000E+00   0.000E+00   0.000E+00   0.000E+00      5.169E+09   0.000E+00   0.000E+00   00000   9.919E-01   0.000E+00  1s0 1729.7  183.0   40.0
  145   1.272174E+04   1.393198E+00   4.335E+13   1.099E+32   2.575E-02      2.597E-01   0.000E+00   0.000E+00   8.803E-01   0.000E+00   0.000E+00   0.000E+00   0.000E+00      5.197E+09   0.000E+00   0.000E+00   00000   9.932E-01   0.000E+00  1s0 1740.8  183.0   40.0
  146   1.273004E+04   1.393551E+00   4.172E+13   1.040E+32   2.478E-02      2.559E-01   0.000E+00   0.000E+00   8.693E-01   0.000E+00   0.000E+00   0.000E+00   0.000E+00      5.219E+09   0.000E+00   0.000E+00   00000   9.944E-01   0.000E+00  1s0 1751.5  183.0   40.0
  147   1.273835E+04   1.393905E+00   4.015E+13   9.809E+31   2.385E-02      2.521E-01   0.000E+00   0.000E+00   8.585E-01   0.000E+00   0.000E+00   0.000E+00   0.000E+00      5.235E+09   0.000E+00   0.000E+00   00000   9.956E-01   0.000E+00  1s0 1761.8  183.0   40.0
  148   1.274665E+04   1.394259E+00   3.863E+13   9.219E+31   2.295E-02      2.485E-01   0.000E+00   0.000E+00   8.478E-01   0.000E+00   0.000E+00   0.000E+00   0.000E+00      5.244E+09   0.000E+00   0.000E+00   00000   9.967E-01   0.000E+00  1s0 1771.7  183.0   40.0
  149   1.275496E+04   1.394613E+00   3.718E+13   8.629E+31   2.209E-02      2.449E-01   0.000E+00   0.000E+00   8.372E-01   0.000E+00   0.000E+00   0.000E+00   0.000E+00      5.248E+09   0.000E+00   0.000E+00   00000   9.979E-01   0.000E+00  1s0 1781.3  183.0   40.0
  150   1.276327E+04   1.394966E+00   3.578E+13   8.039E+31   2.126E-02      2.414E-01   0.000E+00   0.000E+00   8.268E-01   0.000E+00   0.000E+00   0.000E+00   0.000E+00      5.245E+09   0.000E+00   0.000E+00   00000   9.991E-01   0.000E+00  1s0 1790.5  183.0   40.0
  151   1.277145E+04   1.395308E+00   3.443E+13   7.470E+31   2.046E-02      2.379E-01   0.000E+00   0.000E+00   8.165E-01   0.000E+00   0.000E+00   0.000E+00   0.000E+00      5.236E+09   0.000E+00   0.000E+00   00000   1.000E+00   0.000E+00  1s0 1799.3  183.0   40.0
  152   1.277832E+04   1.395515E+00   3.313E+13   7.132E+31   1.969E-02      2.543E-01   0.000E+00   0.000E+00   8.040E-01   0.000E+00   0.000E+00   0.000E+00   0.000E+00      5.217E+09   0.000E+00   0.000E+00   00000   1.000E+00   0.000E+00  1s0 1772.4  193.0   50.0
  153   1.278519E+04   1.395723E+00   3.188E+13   6.793E+31   1.895E-02      2.525E-01   0.000E+00   0.000E+00   7.932E-01   0.000E+00   0.000E+00   0.000E+00   0.000E+00      5.193E+09   0.000E+00   0.000E+00   00000   1.000E+00   0.000E+00  1s0 1743.4  193.0   50.0
  154   1.279206E+04   1.395931E+00   3.068E+13   6.455E+31   1.824E-02      2.506E-01   0.000E+00   0.000E+00   7.826E-01   0.000E+00   0.000E+00   0.000E+00   0.000E+00      5.162E+09   0.000E+00   0.000E+00   00000   1.000E+00   0.000E+00  1s0 1715.4  193.0   50.0
  155   1.279893E+04   1.396139E+00   2.953E+13   6.116E+31   1.755E-02      2.487E-01   0.000E+00   0.000E+00   7.722E-01   0.000E+00   0.000E+00   0.000E+00   0.000E+00      5.126E+09   0.000E+00   0.000E+00   00000   1.000E+00   0.000E+00  1s0 1688.6  193.0   50.0
  156   1.280580E+04   1.396346E+00   2.841E+13   5.778E+31   1.689E-02      2.469E-01   0.000E+00   0.000E+00   7.618E-01   0.000E+00   0.000E+00   0.000E+00   0.000E+00      5.085E+09   0.000E+00   0.000E+00   00000   1.000E+00   0.000E+00  1s0 1662.7  193.0   50.0
  157   1.281268E+04   1.396554E+00   2.734E+13   5.439E+31   1.626E-02      2.449E-01   0.000E+00   0.000E+00   7.517E-01   0.000E+00   0.000E+00   0.000E+00   0.000E+00      5.039E+09   0.000E+00   0.000E+00   00000   1.000E+00   0.000E+00  1s0 1637.8  193.0   50.0
  158   1.281955E+04   1.396762E+00   2.631E+13   5.101E+31   1.565E-02      2.430E-01   0.000E+00   0.000E+00   7.416E-01   0.000E+00   0.000E+00   0.000E+00   0.000E+00      4.990E+09   0.000E+00   0.000E+00   00000   1.000E+00   0.000E+00  1s0 1613.9  193.0   50.0
  159   1.282642E+04   1.396969E+00   2.532E+13   4.762E+31   1.506E-02      2.411E-01   0.000E+00   0.000E+00   7.317E-01   0.000E+00   0.000E+00   0.000E+00   0.000E+00      4.938E+09   0.000E+00   0.000E+00   00000   1.000E+00   0.000E+00  1s0 1590.8  193.0   50.0
  160   1.283329E+04   1.397177E+00   2.437E+13   4.423E+31   1.449E-02      2.392E-01   0.000E+00   0.000E+00   7.220E-01   0.000E+00   0.000E+00   0.000E+00   0.000E+00      4.882E+09   0.000E+00   0.000E+00   00000   1.000E+00   0.000E+00  1s0 1568.7  193.0   50.0
  161   1.283927E+04   1.397317E+00   2.345E+13   4.199E+31   1.395E-02      2.372E-01   0.000E+00   0.000E+00   7.124E-01   0.000E+00   0.000E+00   0.000E+00   0.000E+00      4.825E+09   0.000E+00   0.000E+00   00000   1.000E+00   0.000E+00  1s0 1547.3  193.0   50.0
  162   1.284503E+04   1.397440E+00   2.257E+13   4.002E+31   1.342E-02      2.352E-01   0.000E+00   0.000E+00   7.029E-01   0.000E+00   0.000E+00   0.000E+00   0.000E+00      4.765E+09   0.000E+00   0.000E+00   00000   1.000E+00   0.000E+00  1s0 1526.8  193.0   50.0
  163   1.285079E+04   1.397563E+00   2.172E+13   3.806E+31   1.292E-02      2.333E-01   0.000E+00   0.000E+00   6.935E-01   0.000E+00   0.000E+00   0.000E+00   0.000E+00      4.705E+09   0.000E+00   0.000E+00   00000   1.000E+00   0.000E+00  1s0 1507.0  193.0   50.0
  164   1.285655E+04   1.397686E+00   2.090E+13   3.609E+31   1.243E-02      2.313E-01   0.000E+00   0.000E+00   6.843E-01   0.000E+00   0.000E+00   0.000E+00   0.000E+00      4.643E+09   0.000E+00   0.000E+00   00000   1.000E+00   0.000E+00  1s0 1488.0  193.0   50.0
  165   1.286231E+04   1.397809E+00   2.011E+13   3.413E+31   1.197E-02      2.293E-01   0.000E+00   0.000E+00   6.752E-01   0.000E+00   0.000E+00   0.000E+00   0.000E+00      4.580E+09   0.000E+00   0.000E+00   00000   1.000E+00   0.000E+00  1s0 1469.7  193.0   50.0
  166   1.286807E+04   1.397931E+00   1.935E+13   3.216E+31   1.152E-02      2.273E-01   0.000E+00   0.000E+00   6.662E-01   0.000E+00   0.000E+00   0.000E+00   0.000E+00      4.516E+09   0.000E+00   0.000E+00   00000   1.000E+00   0.000E+00  1s0 1452.1  193.0   50.0
  167   1.287383E+04   1.398054E+00   1.862E+13   3.019E+31   1.108E-02      2.253E-01   0.000E+00   0.000E+00   6.573E-01   0.000E+00   0.000E+00   0.000E+00   0.000E+00      4.453E+09   0.000E+00   0.000E+00   00000   1.000E+00   0.000E+00  1s0 1435.1  193.0   50.0
  168   1.287959E+04   1.398177E+00   1.792E+13   2.823E+31   1.067E-02      2.233E-01   0.000E+00   0.000E+00   6.486E-01   0.000E+00   0.000E+00   0.000E+00   0.000E+00      4.389E+09   0.000E+00   0.000E+00   00000   1.000E+00   0.000E+00  1s0 1418.8  193.0   50.0
  169   1.288534E+04   1.398300E+00   1.725E+13   2.626E+31   1.027E-02      2.213E-01   0.000E+00   0.000E+00   6.400E-01   0.000E+00   0.000E+00   0.000E+00   0.000E+00      4.325E+09   0.000E+00   0.000E+00   00000   1.000E+00   0.000E+00  1s0 1403.1  193.0   50.0
  170   1.289058E+04   1.398397E+00   1.660E+13   2.472E+31   9.881E-03      2.192E-01   0.000E+00   0.000E+00   6.315E-01   0.000E+00   0.000E+00   0.000E+00   0.000E+00      4.261E+09   0.000E+00   0.000E+00   00000   1.000E+00   0.000E+00  1s0 1388.0  193.0   50.0
  171   1.289530E+04   1.398468E+00   1.597E+13   2.361E+31   9.510E-03      2.172E-01   0.000E+00   0.000E+00   6.232E-01   0.000E+00   0.000E+00   0.000E+00   0.000E+00      4.198E+09   0.000E+00   0.000E+00   00000   1.000E+00   0.000E+00  1s0 1373.5  193.0   50.0
  172   1.290002E+04   1.398539E+00   1.537E+13   2.250E+31   9.153E-03      2.152E-01   0.000E+00   0.000E+00   6.149E-01   0.000E+00   0.000E+00   0.000E+00   0.000E+00      4.136E+09   0.000E+00   0.000E+00   00000   1.000E+00   0.000E+00  1s0 1359.5  193.0   50.0
  173   1.290474E+04   1.398610E+00   1.479E+13   2.138E+31   8.809E-03      2.134E-01   0.000E+00   0.000E+00   6.118E-01   0.000E+00   0.000E+00   0.000E+00   0.000E+00      4.111E+09   0.000E+00   0.000E+00   00000   1.000E+00   0.000E+00  1s0 1341.9  164.0   50.0
  174   1.290945E+04   1.398681E+00   1.423E+13   2.027E+31   8.477E-03      2.121E-01   0.000E+00   0.000E+00   6.034E-01   0.000E+00   0.000E+00   0.000E+00   0.000E+00      4.048E+09   0.000E+00   0.000E+00   00000   1.000E+00   0.000E+00  1s0 1315.5  164.0   50.0
  175   1.291417E+04   1.398751E+00   1.370E+13   1.915E+31   8.158E-03      2.108E-01   0.000E+00   0.000E+00   5.952E-01   0.000E+00   0.000E+00   0.000E+00   0.000E+00      3.985E+09   0.000E+00   0.000E+00   00000   1.000E+00   0.000E+00  1s0 1290.1  164.0   50.0
  176   1.291889E+04   1.398822E+00   1.318E+13   1.804E+31   7.851E-03      2.094E-01   0.000E+00   0.000E+00   5.871E-01   0.000E+00   0.000E+00   0.000E+00   0.000E+00      3.923E+09   0.000E+00   0.000E+00   00000   1.000E+00   0.000E+00  1s0 1265.7  164.0   50.0
  177   1.292361E+04   1.398893E+00   1.268E+13   1.693E+31   7.555E-03      2.080E-01   0.000E+00   0.000E+00   5.791E-01   0.000E+00   0.000E+00   0.000E+00   0.000E+00      3.862E+09   0.000E+00   0.000E+00   00000   1.000E+00   0.000E+00  1s0 1242.1  164.0   50.0
  178   1.292832E+04   1.398964E+00   1.221E+13   1.581E+31   7.271E-03      2.067E-01   0.000E+00   0.000E+00   5.712E-01   0.000E+00   0.000E+00   0.000E+00   0.000E+00      3.802E+09   0.000E+00   0.000E+00   00000   1.000E+00   0.000E+00  1s0 1219.5  164.0   50.0
  179   1.293304E+04   1.399035E+00   1.175E+13   1.470E+31   6.997E-03      2.053E-01   0.000E+00   0.000E+00   5.634E-01   0.000E+00   0.000E+00   0.000E+00   0.000E+00      3.742E+09   0.000E+00   0.000E+00   00000   1.000E+00   0.000E+00  1s0 1197.7  164.0   50.0
  180   1.293683E+04   1.399075E+00   1.130E+13   1.408E+31   6.733E-03      2.039E-01   0.000E+00   0.000E+00   5.557E-01   0.000E+00   0.000E+00   0.000E+00   0.000E+00      3.682E+09   0.000E+00   0.000E+00   00000   1.000E+00   0.000E+00  1s0 1176.7  164.0   50.0
  181   1.294060E+04   1.399114E+00   1.088E+13   1.347E+31   6.480E-03      2.024E-01   0.000E+00   0.000E+00   5.481E-01   0.000E+00   0.000E+00   0.000E+00   0.000E+00      3.623E+09   0.000E+00   0.000E+00   00000   1.000E+00   0.000E+00  1s0 1156.5  164.0   50.0
  182   1.294436E+04   1.399153E+00   1.047E+13   1.286E+31   6.236E-03      2.010E-01   0.000E+00   0.000E+00   5.406E-01   0.000E+00   0.000E+00   0.000E+00   0.000E+00      3.564E+09   0.000E+00   0.000E+00   00000   1.000E+00   0.000E+00  1s0 1137.1  164.0   50.0
  183   1.294813E+04   1.399193E+00   1.007E+13   1.225E+31   6.001E-03      1.995E-01   0.000E+00   0.000E+00   5.332E-01   0.000E+00   0.000E+00   0.000E+00   0.000E+00      3.505E+09   0.000E+00   0.000E+00   00000   1.000E+00   0.000E+00  1s0 1118.4  164.0   50.0
  184   1.295189E+04   1.399232E+00   9.694E+12   1.165E+31   5.775E-03      1.981E-01   0.000E+00   0.000E+00   5.260E-01   0.000E+00   0.000E+00   0.000E+00   0.000E+00      3.447E+09   0.000E+00   0.000E+00   00000   1.000E+00   0.000E+00  1s0 1100.4  164.0   50.0
  185   1.295566E+04   1.399271E+00   9.328E+12   1.104E+31   5.558E-03      1.965E-01   0.000E+00   0.000E+00   5.194E-01   0.000E+00   0.000E+00   0.000E+00   0.000E+00      3.393E+09   0.000E+00   0.000E+00   00000   1.000E+00   0.000E+00  1s0 1084.4  161.0   50.0
  186   1.295943E+04   1.399310E+00   8.977E+12   1.043E+31   5.349E-03      1.949E-01   0.000E+00   0.000E+00   5.124E-01   0.000E+00   0.000E+00   0.000E+00   0.000E+00      3.335E+09   0.000E+00   0.000E+00   00000   1.000E+00   0.000E+00  1s0 1069.0  161.0   50.0
  187   1.296319E+04   1.399350E+00   8.639E+12   9.819E+30   5.147E-03      1.934E-01   0.000E+00   0.000E+00   5.054E-01   0.000E+00   0.000E+00   0.000E+00   0.000E+00      3.277E+09   0.000E+00   0.000E+00   00000   1.000E+00   0.000E+00  1s0 1054.2  161.0   50.0
  188   1.296696E+04   1.399389E+00   8.313E+12   9.210E+30   4.954E-03      1.918E-01   0.000E+00   0.000E+00   4.986E-01   0.000E+00   0.000E+00   0.000E+00   0.000E+00      3.219E+09   0.000E+00   0.000E+00   00000   1.000E+00   0.000E+00  1s0 1040.0  161.0   50.0
  189   1.297073E+04   1.399428E+00   8.000E+12   8.601E+30   4.767E-03      1.902E-01   0.000E+00   0.000E+00   4.919E-01   0.000E+00   0.000E+00   0.000E+00   0.000E+00      3.161E+09   0.000E+00   0.000E+00   00000   1.000E+00   0.000E+00  1s0 1026.3  161.0   50.0
  190   1.297363E+04   1.399450E+00   7.699E+12   8.273E+30   4.588E-03      1.886E-01   0.000E+00   0.000E+00   4.852E-01   0.000E+00   0.000E+00   0.000E+00   0.000E+00      3.102E+09   0.000E+00   0.000E+00   00000   1.000E+00   0.000E+00  1s0 1013.1  161.0   50.0
  191   1.297644E+04   1.399469E+00   7.408E+12   7.972E+30   4.415E-03      1.870E-01   0.000E+00   0.000E+00   4.787E-01   0.000E+00   0.000E+00   0.000E+00   0.000E+00      3.044E+09   0.000E+00   0.000E+00   00000   1.000E+00   0.000E+00  1s0 1000.4  161.0   50.0
  192   1.297926E+04   1.399489E+00   7.129E+12   7.671E+30   4.249E-03      1.853E-01   0.000E+00   0.000E+00   4.722E-01   0.000E+00   0.000E+00   0.000E+00   0.000E+00      2.986E+09   0.000E+00   0.000E+00   00000   1.000E+00   0.000E+00  1s0  988.2  161.0   50.0
  193   1.298207E+04   1.399509E+00   6.861E+12   7.370E+30   4.089E-03      1.837E-01   0.000E+00   0.000E+00   4.659E-01   0.000E+00   0.000E+00   0.000E+00   0.000E+00      2.928E+09   0.000E+00   0.000E+00   00000   1.000E+00   0.000E+00  1s0  976.4  161.0   50.0
  194   1.298489E+04   1.399528E+00   6.602E+12   7.069E+30   3.935E-03      1.821E-01   0.000E+00   0.000E+00   4.596E-01   0.000E+00   0.000E+00   0.000E+00   0.000E+00      2.871E+09   0.000E+00   0.000E+00   00000   1.000E+00   0.000E+00  1s0  965.1  161.0   50.0
  195   1.298771E+04   1.399548E+00   6.353E+12   6.769E+30   3.787E-03      1.805E-01   0.000E+00   0.000E+00   4.534E-01   0.000E+00   0.000E+00   0.000E+00   0.000E+00      2.813E+09   0.000E+00   0.000E+00   00000   1.000E+00   0.000E+00  1s0  954.2  161.0   50.0
  196   1.299052E+04   1.399568E+00   6.114E+12   6.468E+30   3.645E-03      1.796E-01   0.000E+00   0.000E+00   4.473E-01   0.000E+00   0.000E+00   0.000E+00   0.000E+00      2.757E+09   0.000E+00   0.000E+00   00000   1.000E+00   0.000E+00  1s0  932.1  159.0   50.0
  197   1.299334E+04   1.399587E+00   5.884E+12   6.167E+30   3.508E-03      1.791E-01   0.000E+00   0.000E+00   4.407E-01   0.000E+00   0.000E+00   0.000E+00   0.000E+00      2.694E+09   0.000E+00   0.000E+00   00000   1.000E+00   0.000E+00  1s0  903.2  159.0   50.0
  198   1.299615E+04   1.399607E+00   5.662E+12   5.866E+30   3.376E-03      1.787E-01   0.000E+00   0.000E+00   4.341E-01   0.000E+00   0.000E+00   0.000E+00   0.000E+00      2.632E+09   0.000E+00   0.000E+00   00000   1.000E+00   0.000E+00  1s0  875.5  159.0   50.0
  199   1.299897E+04   1.399627E+00   5.449E+12   5.565E+30   3.248E-03      1.783E-01   0.000E+00   0.000E+00   4.276E-01   0.000E+00   0.000E+00   0.000E+00   0.000E+00      2.571E+09   0.000E+00   0.000E+00   00000   1.000E+00   0.000E+00  1s0  848.7  159.0   50.0
  200   1.300179E+04   1.399646E+00   5.243E+12   5.264E+30   3.126E-03      1.778E-01   0.000E+00   0.000E+00   4.211E-01   0.000E+00   0.000E+00   0.000E+00   0.000E+00      2.509E+09   0.000E+00   0.000E+00   00000   1.000E+00   0.000E+00  1s0  823.0  159.0   50.0
  201   1.300447E+04   1.399663E+00   5.046E+12   5.005E+30   3.008E-03      1.774E-01   0.000E+00   0.000E+00   4.147E-01   0.000E+00   0.000E+00   0.000E+00   0.000E+00      2.448E+09   0.000E+00   0.000E+00   00000   1.000E+00   0.000E+00  1s0  798.3  159.0   50.0
  202   1.300682E+04   1.399673E+00   4.856E+12   4.852E+30   2.895E-03      1.769E-01   0.000E+00   0.000E+00   4.084E-01   0.000E+00   0.000E+00   0.000E+00   0.000E+00      2.388E+09   0.000E+00   0.000E+00   00000   1.000E+00   0.000E+00  1s0  774.4  159.0   50.0
  203   1.300916E+04   1.399683E+00   4.673E+12   4.700E+30   2.786E-03      1.764E-01   0.000E+00   0.000E+00   4.022E-01   0.000E+00   0.000E+00   0.000E+00   0.000E+00      2.328E+09   0.000E+00   0.000E+00   00000   1.000E+00   0.000E+00  1s0  751.5  159.0   50.0
  204   1.301151E+04   1.399693E+00   4.497E+12   4.547E+30   2.681E-03      1.759E-01   0.000E+00   0.000E+00   3.960E-01   0.000E+00   0.000E+00   0.000E+00   0.000E+00      2.269E+09   0.000E+00   0.000E+00   00000   1.000E+00   0.000E+00  1s0  729.5  159.0   50.0
  205   1.301385E+04   1.399703E+00   4.327E+12   4.394E+30   2.580E-03      1.754E-01   0.000E+00   0.000E+00   3.898E-01   0.000E+00   0.000E+00   0.000E+00   0.000E+00      2.211E+09   0.000E+00   0.000E+00   00000   1.000E+00   0.000E+00  1s0  708.2  159.0   50.0
  206   1.301620E+04   1.399714E+00   4.164E+12   4.241E+30   2.483E-03      1.748E-01   0.000E+00   0.000E+00   3.838E-01   0.000E+00   0.000E+00   0.000E+00   0.000E+00      2.153E+09   0.000E+00   0.000E+00   00000   1.000E+00   0.000E+00  1s0  687.8  159.0   50.0
  207   1.301855E+04   1.399724E+00   4.007E+12   4.089E+30   2.390E-03      1.743E-01   0.000E+00   0.000E+00   3.778E-01   0.000E+00   0.000E+00   0.000E+00   0.000E+00      2.096E+09   0.000E+00   0.000E+00   00000   1.000E+00   0.000E+00  1s0  668.2  159.0   50.0
  208   1.302089E+04   1.399734E+00   3.856E+12   3.936E+30   2.300E-03      1.737E-01   0.000E+00   0.000E+00   3.719E-01   0.000E+00   0.000E+00   0.000E+00   0.000E+00      2.039E+09   0.000E+00   0.000E+00   00000   1.000E+00   0.000E+00  1s0  649.2  159.0   50.0
  209   1.302324E+04   1.399744E+00   3.711E+12   3.783E+30   2.213E-03      1.732E-01   0.000E+00   0.000E+00   3.660E-01   0.000E+00   0.000E+00   0.000E+00   0.000E+00      1.984E+09   0.000E+00   0.000E+00   00000   1.000E+00   0.000E+00  1s0  631.0  159.0   50.0
  210   1.302559E+04   1.399754E+00   3.571E+12   3.630E+30   2.130E-03      1.726E-01   0.000E+00   0.000E+00   3.602E-01   0.000E+00   0.000E+00   0.000E+00   0.000E+00      1.929E+09   0.000E+00   0.000E+00   00000   1.000E+00   0.000E+00  1s0  613.5  159.0   50.0
  211   1.302793E+04   1.399764E+00   3.437E+12   3.478E+30   2.050E-03      1.720E-01   0.000E+00   0.000E+00   3.544E-01   0.000E+00   0.000E+00   0.000E+00   0.000E+00      1.875E+09   0.000E+00   0.000E+00   00000   1.000E+00   0.000E+00  1s0  596.7  159.0   50.0
  212   1.303028E+04   1.399774E+00   3.307E+12   3.325E+30   1.973E-03      1.714E-01   0.000E+00   0.000E+00   3.487E-01   0.000E+00   0.000E+00   0.000E+00   0.000E+00      1.822E+09   0.000E+00   0.000E+00   00000   1.000E+00   0.000E+00  1s0  580.4  159.0   50.0
  213   1.303262E+04   1.399784E+00   3.183E+12   3.172E+30   1.898E-03      1.707E-01   0.000E+00   0.000E+00   3.431E-01   0.000E+00   0.000E+00   0.000E+00   0.000E+00      1.769E+09   0.000E+00   0.000E+00   00000   1.000E+00   0.000E+00  1s0  564.8  159.0   50.0
  214   1.303486E+04   1.399793E+00   3.063E+12   3.044E+30   1.827E-03      1.701E-01   0.000E+00   0.000E+00   3.375E-01   0.000E+00   0.000E+00   0.000E+00   0.000E+00      1.718E+09   0.000E+00   0.000E+00   00000   1.000E+00   0.000E+00  1s0  549.8  159.0   50.0
  215   1.303685E+04   1.399798E+00   2.947E+12   2.968E+30   1.758E-03      1.694E-01   0.000E+00   0.000E+00   3.320E-01   0.000E+00   0.000E+00   0.000E+00   0.000E+00      1.668E+09   0.000E+00   0.000E+00   00000   1.000E+00   0.000E+00  1s0  535.4  159.0   50.0
  216   1.303883E+04   1.399803E+00   2.836E+12   2.892E+30   1.692E-03      1.687E-01   0.000E+00   0.000E+00   3.266E-01   0.000E+00   0.000E+00   0.000E+00   0.000E+00      1.618E+09   0.000E+00   0.000E+00   00000   1.000E+00   0.000E+00  1s0  521.4  159.0   50.0
  217   1.304082E+04   1.399808E+00   2.729E+12   2.816E+30   1.628E-03      1.680E-01   0.000E+00   0.000E+00   3.212E-01   0.000E+00   0.000E+00   0.000E+00   0.000E+00      1.570E+09   0.000E+00   0.000E+00   00000   1.000E+00   0.000E+00  1s0  508.1  159.0   50.0
  218   1.304281E+04   1.399813E+00   2.626E+12   2.740E+30   1.567E-03      1.554E-01   0.000E+00   0.000E+00   3.284E-01   0.000E+00   0.000E+00   0.000E+00   0.000E+00      1.635E+09   0.000E+00   0.000E+00   00000   1.000E+00   0.000E+00  1s0  494.2  117.0   40.0
  219   1.304480E+04   1.399818E+00   2.528E+12   2.664E+30   1.508E-03      1.550E-01   0.000E+00   0.000E+00   3.232E-01   0.000E+00   0.000E+00   0.000E+00   0.000E+00      1.588E+09   0.000E+00   0.000E+00   00000   1.000E+00   0.000E+00  1s0  479.3  117.0   40.0
  220   1.304679E+04   1.399823E+00   2.432E+12   2.589E+30   1.451E-03      1.546E-01   0.000E+00   0.000E+00   3.180E-01   0.000E+00   0.000E+00   0.000E+00   0.000E+00      1.542E+09   0.000E+00   0.000E+00   00000   1.000E+00   0.000E+00  1s0  464.9  117.0   40.0
  221   1.304878E+04   1.399828E+00   2.341E+12   2.513E+30   1.397E-03      1.542E-01   0.000E+00   0.000E+00   3.129E-01   0.000E+00   0.000E+00   0.000E+00   0.000E+00      1.496E+09   0.000E+00   0.000E+00   00000   1.000E+00   0.000E+00  1s0  451.1  117.0   40.0
  222   1.305077E+04   1.399833E+00   2.252E+12   2.437E+30   1.344E-03      1.538E-01   0.000E+00   0.000E+00   3.078E-01   0.000E+00   0.000E+00   0.000E+00   0.000E+00      1.452E+09   0.000E+00   0.000E+00   00000   1.000E+00   0.000E+00  1s0  437.8  117.0   40.0
  223   1.305276E+04   1.399838E+00   2.168E+12   2.361E+30   1.294E-03      1.533E-01   0.000E+00   0.000E+00   3.028E-01   0.000E+00   0.000E+00   0.000E+00   0.000E+00      1.408E+09   0.000E+00   0.000E+00   00000   1.000E+00   0.000E+00  1s0  424.9  117.0   40.0
  224   1.305474E+04   1.399843E+00   2.086E+12   2.285E+30   1.245E-03      1.529E-01   0.000E+00   0.000E+00   2.978E-01   0.000E+00   0.000E+00   0.000E+00   0.000E+00      1.366E+09   0.000E+00   0.000E+00   00000   1.000E+00   0.000E+00  1s0  412.6  117.0   40.0
  225   1.305673E+04   1.399848E+00   2.007E+12   2.209E+30   1.198E-03      1.524E-01   0.000E+00   0.000E+00   2.929E-01   0.000E+00   0.000E+00   0.000E+00   0.000E+00      1.324E+09   0.000E+00   0.000E+00   00000   1.000E+00   0.000E+00  1s0  400.8  117.0   40.0
  226   1.305872E+04   1.399853E+00   1.932E+12   2.133E+30   1.153E-03      1.519E-01   0.000E+00   0.000E+00   2.880E-01   0.000E+00   0.000E+00   0.000E+00   0.000E+00      1.283E+09   0.000E+00   0.000E+00   00000   1.000E+00   0.000E+00  1s0  389.4  117.0   40.0
  227   1.306071E+04   1.399858E+00   1.859E+12   2.058E+30   1.110E-03      1.514E-01   0.000E+00   0.000E+00   2.831E-01   0.000E+00   0.000E+00   0.000E+00   0.000E+00      1.243E+09   0.000E+00   0.000E+00   00000   1.000E+00   0.000E+00  1s0  378.4  117.0   40.0
  228   1.306270E+04   1.399863E+00   1.789E+12   1.982E+30   1.068E-03      1.509E-01   0.000E+00   0.000E+00   2.783E-01   0.000E+00   0.000E+00   0.000E+00   0.000E+00      1.203E+09   0.000E+00   0.000E+00   00000   1.000E+00   0.000E+00  1s0  367.8  117.0   40.0
  229   1.306469E+04   1.399868E+00   1.721E+12   1.906E+30   1.028E-03      1.504E-01   0.000E+00   0.000E+00   2.736E-01   0.000E+00   0.000E+00   0.000E+00   0.000E+00      1.165E+09   0.000E+00   0.000E+00   00000   1.000E+00   0.000E+00  1s0  357.6  117.0   40.0
  230   1.306689E+04   1.399872E+00   1.657E+12   1.858E+30   9.890E-04      1.499E-01   0.000E+00   0.000E+00   2.689E-01   0.000E+00   0.000E+00   0.000E+00   0.000E+00      1.126E+09   0.000E+00   0.000E+00   00000   1.000E+00   0.000E+00  1s0  347.9  117.0   40.0
  231   1.306911E+04   1.399875E+00   1.594E+12   1.813E+30   9.518E-04      1.493E-01   0.000E+00   0.000E+00   2.642E-01   0.000E+00   0.000E+00   0.000E+00   0.000E+00      1.089E+09   0.000E+00   0.000E+00   00000   1.000E+00   0.000E+00  1s0  338.4  117.0   40.0
  232   1.307133E+04   1.399878E+00   1.534E+12   1.768E+30   9.160E-04      1.488E-01   0.000E+00   0.000E+00   2.596E-01   0.000E+00   0.000E+00   0.000E+00   0.000E+00      1.052E+09   0.000E+00   0.000E+00   00000   1.000E+00   0.000E+00  1s0  329.4  117.0   40.0
  233   1.307355E+04   1.399881E+00   1.476E+12   1.722E+30   8.816E-04      1.482E-01   0.000E+00   0.000E+00   2.550E-01   0.000E+00   0.000E+00   0.000E+00   0.000E+00      1.016E+09   0.000E+00   0.000E+00   00000   1.000E+00   0.000E+00  1s0  320.6  117.0   40.0
  234   1.307577E+04   1.399884E+00   1.421E+12   1.677E+30   8.484E-04      1.476E-01   0.000E+00   0.000E+00   2.509E-01   0.000E+00   0.000E+00   0.000E+00   0.000E+00      9.839E+08   0.000E+00   0.000E+00   00000   1.000E+00   0.000E+00  1s0  312.3  116.0   40.0
  235   1.307799E+04   1.399887E+00   1.367E+12   1.631E+30   8.165E-04      1.470E-01   0.000E+00   0.000E+00   2.464E-01   0.000E+00   0.000E+00   0.000E+00   0.000E+00      9.489E+08   0.000E+00   0.000E+00   00000   1.000E+00   0.000E+00  1s0  304.3  116.0   40.0
  236   1.308021E+04   1.399890E+00   1.316E+12   1.586E+30   7.858E-04      1.464E-01   0.000E+00   0.000E+00   2.420E-01   0.000E+00   0.000E+00   0.000E+00   0.000E+00      9.145E+08   0.000E+00   0.000E+00   00000   1.000E+00   0.000E+00  1s0  296.6  116.0   40.0
  237   1.308243E+04   1.399893E+00   1.266E+12   1.540E+30   7.562E-04      1.458E-01   0.000E+00   0.000E+00   2.376E-01   0.000E+00   0.000E+00   0.000E+00   0.000E+00      8.805E+08   0.000E+00   0.000E+00   00000   1.000E+00   0.000E+00  1s0  289.2  116.0   40.0
  238   1.308465E+04   1.399896E+00   1.218E+12   1.495E+30   7.278E-04      1.451E-01   0.000E+00   0.000E+00   2.332E-01   0.000E+00   0.000E+00   0.000E+00   0.000E+00      8.470E+08   0.000E+00   0.000E+00   00000   1.000E+00   0.000E+00  1s0  282.1  116.0   40.0
  239   1.308687E+04   1.399899E+00   1.172E+12   1.449E+30   7.004E-04      1.445E-01   0.000E+00   0.000E+00   2.289E-01   0.000E+00   0.000E+00   0.000E+00   0.000E+00      8.139E+08   0.000E+00   0.000E+00   00000   1.000E+00   0.000E+00  1s0  275.2  116.0   40.0
  240   1.308909E+04   1.399902E+00   1.128E+12   1.404E+30   6.741E-04      1.438E-01   0.000E+00   0.000E+00   2.247E-01   0.000E+00   0.000E+00   0.000E+00   0.000E+00      7.812E+08   0.000E+00   0.000E+00   00000   1.000E+00   0.000E+00  1s0  268.6  116.0   40.0
  241   1.309131E+04   1.399905E+00   1.086E+12   1.358E+30   6.487E-04      1.431E-01   0.000E+00   0.000E+00   2.204E-01   0.000E+00   0.000E+00   0.000E+00   0.000E+00      7.490E+08   0.000E+00   0.000E+00   00000   1.000E+00   0.000E+00  1s0  262.2  116.0   40.0
  242   1.309353E+04   1.399908E+00   1.045E+12   1.313E+30   6.244E-04      1.424E-01   0.000E+00   0.000E+00   2.163E-01   0.000E+00   0.000E+00   0.000E+00   0.000E+00      7.171E+08   0.000E+00   0.000E+00   00000   1.000E+00   0.000E+00  1s0  256.1  116.0   40.0
  243   1.309575E+04   1.399912E+00   1.005E+12   1.267E+30   6.009E-04      1.417E-01   0.000E+00   0.000E+00   2.121E-01   0.000E+00   0.000E+00   0.000E+00   0.000E+00      6.855E+08   0.000E+00   0.000E+00   00000   1.000E+00   0.000E+00  1s0  250.2  116.0   40.0
  244   1.309796E+04   1.399915E+00   9.676E+11   1.222E+30   5.783E-04      1.410E-01   0.000E+00   0.000E+00   2.080E-01   0.000E+00   0.000E+00   0.000E+00   0.000E+00      6.543E+08   0.000E+00   0.000E+00   00000   1.000E+00   0.000E+00  1s0  244.6  116.0   40.0
  245   1.310050E+04   1.399917E+00   9.311E+11   1.181E+30   5.565E-04      1.402E-01   0.000E+00   0.000E+00   2.040E-01   0.000E+00   0.000E+00   0.000E+00   0.000E+00      6.234E+08   0.000E+00   0.000E+00   00000   1.000E+00   0.000E+00  1s0  239.1  116.0   40.0
  246   1.310346E+04   1.399920E+00   8.961E+11   1.146E+30   5.355E-04      1.395E-01   0.000E+00   0.000E+00   1.999E-01   0.000E+00   0.000E+00   0.000E+00   0.000E+00      5.929E+08   0.000E+00   0.000E+00   00000   1.000E+00   0.000E+00  1s0  233.9  116.0   40.0
  247   1.310641E+04   1.399922E+00   8.623E+11   1.112E+30   5.154E-04      1.387E-01   0.000E+00   0.000E+00   1.960E-01   0.000E+00   0.000E+00   0.000E+00   0.000E+00      5.626E+08   0.000E+00   0.000E+00   00000   1.000E+00   0.000E+00  1s0  228.8  116.0   40.0
  248   1.310937E+04   1.399924E+00   8.298E+11   1.077E+30   4.959E-04      1.379E-01   0.000E+00   0.000E+00   1.920E-01   0.000E+00   0.000E+00   0.000E+00   0.000E+00      5.327E+08   0.000E+00   0.000E+00   00000   1.000E+00   0.000E+00  1s0  224.0  116.0   40.0
  249   1.311232E+04   1.399927E+00   7.985E+11   1.043E+30   4.773E-04      1.371E-01   0.000E+00   0.000E+00   1.881E-01   0.000E+00   0.000E+00   0.000E+00   0.000E+00      5.032E+08   0.000E+00   0.000E+00   00000   1.000E+00   0.000E+00  1s0  219.3  116.0   40.0
  250   1.311528E+04   1.399929E+00   7.685E+11   1.008E+30   4.593E-04      1.363E-01   0.000E+00   0.000E+00   1.843E-01   0.000E+00   0.000E+00   0.000E+00   0.000E+00      4.742E+08   0.000E+00   0.000E+00   00000   1.000E+00   0.000E+00  1s0  214.8  116.0   40.0
  251   1.311824E+04   1.399931E+00   7.395E+11   9.739E+29   4.420E-04      1.355E-01   0.000E+00   0.000E+00   1.804E-01   0.000E+00   0.000E+00   0.000E+00   0.000E+00      4.458E+08   0.000E+00   0.000E+00   00000   1.000E+00   0.000E+00  1s0  210.5  116.0   40.0
  252   1.312119E+04   1.399934E+00   7.116E+11   9.394E+29   4.254E-04      1.347E-01   0.000E+00   0.000E+00   1.767E-01   0.000E+00   0.000E+00   0.000E+00   0.000E+00      4.179E+08   0.000E+00   0.000E+00   00000   1.000E+00   0.000E+00  1s0  206.3  116.0   40.0
  253   1.312415E+04   1.399936E+00   6.848E+11   9.049E+29   4.093E-04      1.338E-01   0.000E+00   0.000E+00   1.729E-01   0.000E+00   0.000E+00   0.000E+00   0.000E+00      3.906E+08   0.000E+00   0.000E+00   00000   1.000E+00   0.000E+00  1s0  202.3  116.0   40.0
  254   1.312710E+04   1.399939E+00   6.590E+11   8.705E+29   3.939E-04      1.330E-01   0.000E+00   0.000E+00   1.692E-01   0.000E+00   0.000E+00   0.000E+00   0.000E+00      3.638E+08   0.000E+00   0.000E+00   00000   1.000E+00   0.000E+00  1s0  198.4  116.0   40.0
  255   1.313006E+04   1.399941E+00   6.342E+11   8.360E+29   3.791E-04      1.322E-01   0.000E+00   0.000E+00   1.655E-01   0.000E+00   0.000E+00   0.000E+00   0.000E+00      3.374E+08   0.000E+00   0.000E+00   00000   1.000E+00   0.000E+00  1s0  194.5  116.0   40.0
  256   1.313302E+04   1.399943E+00   6.103E+11   8.015E+29   3.648E-04      1.313E-01   0.000E+00   0.000E+00   1.618E-01   0.000E+00   0.000E+00   0.000E+00   0.000E+00      3.118E+08   0.000E+00   0.000E+00   00000   1.000E+00   0.000E+00  1s0  190.8  116.0   40.0
  257   1.313597E+04   1.399946E+00   5.873E+11   7.670E+29   3.511E-04      1.305E-01   0.000E+00   0.000E+00   1.581E-01   0.000E+00   0.000E+00   0.000E+00   0.000E+00      2.869E+08   0.000E+00   0.000E+00   00000   1.000E+00   0.000E+00  1s0  187.2  116.0   40.0
  258   1.313889E+04   1.399948E+00   5.652E+11   7.337E+29   3.379E-04      1.296E-01   0.000E+00   0.000E+00   1.545E-01   0.000E+00   0.000E+00   0.000E+00   0.000E+00      2.628E+08   0.000E+00   0.000E+00   00000   1.000E+00   0.000E+00  1s0  183.8  116.0   40.0
  259   1.314122E+04   1.399949E+00   5.439E+11   7.203E+29   3.252E-04      1.287E-01   0.000E+00   0.000E+00   1.509E-01   0.000E+00   0.000E+00   0.000E+00   0.000E+00      2.395E+08   0.000E+00   0.000E+00   00000   1.000E+00   0.000E+00  1s0  180.5  116.0   40.0
  260   1.314354E+04   1.399950E+00   5.234E+11   7.068E+29   3.130E-04      1.287E-01   0.000E+00   0.000E+00   1.457E-01   0.000E+00   0.000E+00   0.000E+00   0.000E+00      2.064E+08   0.000E+00   0.000E+00   00000   1.000E+00   0.000E+00  1s0  174.1  116.0   40.0
  261   1.314587E+04   1.399951E+00   5.037E+11   6.934E+29   3.012E-04      1.287E-01   0.000E+00   0.000E+00   1.399E-01   0.000E+00   0.000E+00   0.000E+00   0.000E+00      1.719E+08   0.000E+00   0.000E+00   00000   1.000E+00   0.000E+00  1s0  167.4  116.0   40.0
  262   1.314820E+04   1.399952E+00   4.847E+11   6.800E+29   2.899E-04      1.287E-01   0.000E+00   0.000E+00   1.338E-01   0.000E+00   0.000E+00   0.000E+00   0.000E+00      1.379E+08   0.000E+00   0.000E+00   00000   1.000E+00   0.000E+00  1s0  160.9  116.0   40.0
  263   1.315052E+04   1.399953E+00   4.664E+11   6.665E+29   2.790E-04      1.288E-01   0.000E+00   0.000E+00   1.274E-01   0.000E+00   0.000E+00   0.000E+00   0.000E+00      1.046E+08   0.000E+00   0.000E+00   00000   1.000E+00   0.000E+00  1s0  154.7  116.0   40.0
  264   1.315285E+04   1.399953E+00   4.488E+11   6.531E+29   2.685E-04      1.288E-01   0.000E+00   0.000E+00   1.205E-01   0.000E+00   0.000E+00   0.000E+00   0.000E+00      7.237E+07   0.000E+00   0.000E+00   00000   1.000E+00   0.000E+00  1s0  148.8  116.0   40.0
  265   1.315518E+04   1.399954E+00   4.319E+11   6.396E+29   2.584E-04      1.289E-01   0.000E+00   0.000E+00   1.131E-01   0.000E+00   0.000E+00   0.000E+00   0.000E+00      4.172E+07   0.000E+00   0.000E+00   00000   1.000E+00   0.000E+00  1s0  143.0  116.0   40.0
  266   1.315750E+04   1.399955E+00   4.157E+11   6.262E+29   2.487E-04      1.289E-01   0.000E+00   0.000E+00   1.048E-01   0.000E+00   0.000E+00   0.000E+00   0.000E+00      1.351E+07   0.000E+00   0.000E+00   00000   1.000E+00   0.000E+00  1s0  137.5  116.0   40.0
  267   1.315983E+04   1.399956E+00   4.000E+11   6.127E+29   2.394E-04      1.290E-01   0.000E+00   0.000E+00   9.542E-02   0.000E+00   0.000E+00   0.000E+00   0.000E+00      8.963E+03   0.000E+00   0.000E+00   00000   1.000E+00   0.000E+00  1s0  132.2  116.0   40.0
  268   1.316216E+04   1.399957E+00   3.849E+11   5.993E+29   2.304E-04      1.280E-01   0.000E+00   0.000E+00   0.000E+00   0.000E+00   0.000E+00   0.000E+00   0.000E+00      0.000E+00   0.000E+00   0.000E+00   00000   0.000E+00   0.000E+00       130.0  130.0   40.0
  269   1.316449E+04   1.399958E+00   3.704E+11   5.858E+29   2.217E-04      1.264E-01   0.000E+00   0.000E+00   0.000E+00   0.000E+00   0.000E+00   0.000E+00   0.000E+00      0.000E+00   0.000E+00   0.000E+00   00000   0.000E+00   0.000E+00       130.0  130.0   40.0
  270   1.316681E+04   1.399959E+00   3.564E+11   5.724E+29   2.133E-04      1.248E-01   0.000E+00   0.000E+00   0.000E+00   0.000E+00   0.000E+00   0.000E+00   0.000E+00      0.000E+00   0.000E+00   0.000E+00   00000   0.000E+00   0.000E+00       130.0  130.0   40.0
  271   1.316914E+04   1.399960E+00   3.430E+11   5.589E+29   2.053E-04      1.232E-01   0.000E+00   0.000E+00   0.000E+00   0.000E+00   0.000E+00   0.000E+00   0.000E+00      0.000E+00   0.000E+00   0.000E+00   00000   0.000E+00   0.000E+00       130.0  130.0   40.0
  272   1.317147E+04   1.399961E+00   3.301E+11   5.455E+29   1.975E-04      1.216E-01   0.000E+00   0.000E+00   0.000E+00   0.000E+00   0.000E+00   0.000E+00   0.000E+00      0.000E+00   0.000E+00   0.000E+00   00000   0.000E+00   0.000E+00       130.0  130.0   40.0
  273   1.317380E+04   1.399962E+00   3.176E+11   5.320E+29   1.901E-04      1.214E-01   0.000E+00   0.000E+00   0.000E+00   0.000E+00   0.000E+00   0.000E+00   0.000E+00      0.000E+00   0.000E+00   0.000E+00   00000   0.000E+00   0.000E+00        88.0   88.0   28.0
  274   1.317613E+04   1.399963E+00   3.057E+11   5.185E+29   1.830E-04      1.199E-01   0.000E+00   0.000E+00   0.000E+00   0.000E+00   0.000E+00   0.000E+00   0.000E+00      0.000E+00   0.000E+00   0.000E+00   00000   0.000E+00   0.000E+00        88.0   88.0   28.0
  275   1.317845E+04   1.399964E+00   2.941E+11   5.051E+29   1.761E-04      1.184E-01   0.000E+00   0.000E+00   0.000E+00   0.000E+00   0.000E+00   0.000E+00   0.000E+00      0.000E+00   0.000E+00   0.000E+00   00000   0.000E+00   0.000E+00        88.0   88.0   28.0
  276   1.318210E+04   1.399965E+00   2.831E+11   4.892E+29   1.695E-04      1.169E-01   0.000E+00   0.000E+00   0.000E+00   0.000E+00   0.000E+00   0.000E+00   0.000E+00      0.000E+00   0.000E+00   0.000E+00   00000   0.000E+00   0.000E+00        88.0   88.0   28.0
  277   1.318708E+04   1.399966E+00   2.724E+11   4.709E+29   1.631E-04      1.154E-01   0.000E+00   0.000E+00   0.000E+00   0.000E+00   0.000E+00   0.000E+00   0.000E+00      0.000E+00   0.000E+00   0.000E+00   00000   0.000E+00   0.000E+00        88.0   88.0   28.0
  278   1.319205E+04   1.399967E+00   2.621E+11   4.525E+29   1.570E-04      1.148E-01   0.000E+00   0.000E+00   0.000E+00   0.000E+00   0.000E+00   0.000E+00   0.000E+00      0.000E+00   0.000E+00   0.000E+00   00000   0.000E+00   0.000E+00        86.0   86.0   28.0
  279   1.319702E+04   1.399969E+00   2.522E+11   4.342E+29   1.511E-04      1.133E-01   0.000E+00   0.000E+00   0.000E+00   0.000E+00   0.000E+00   0.000E+00   0.000E+00      0.000E+00   0.000E+00   0.000E+00   00000   0.000E+00   0.000E+00        86.0   86.0   28.0
  280   1.320200E+04   1.399970E+00   2.427E+11   4.159E+29   1.454E-04      1.119E-01   0.000E+00   0.000E+00   0.000E+00   0.000E+00   0.000E+00   0.000E+00   0.000E+00      0.000E+00   0.000E+00   0.000E+00   00000   0.000E+00   0.000E+00        86.0   86.0   28.0
  281   1.320697E+04   1.399971E+00   2.336E+11   3.975E+29   1.399E-04      1.105E-01   0.000E+00   0.000E+00   0.000E+00   0.000E+00   0.000E+00   0.000E+00   0.000E+00      0.000E+00   0.000E+00   0.000E+00   00000   0.000E+00   0.000E+00        86.0   86.0   28.0
  282   1.321195E+04   1.399973E+00   2.248E+11   3.792E+29   1.346E-04      1.091E-01   0.000E+00   0.000E+00   0.000E+00   0.000E+00   0.000E+00   0.000E+00   0.000E+00      0.000E+00   0.000E+00   0.000E+00   00000   0.000E+00   0.000E+00        86.0   86.0   28.0
  283   1.321692E+04   1.399974E+00   2.163E+11   3.609E+29   1.295E-04      1.077E-01   0.000E+00   0.000E+00   0.000E+00   0.000E+00   0.000E+00   0.000E+00   0.000E+00      0.000E+00   0.000E+00   0.000E+00   00000   0.000E+00   0.000E+00        86.0   86.0   28.0
  284   1.322189E+04   1.399975E+00   2.081E+11   3.425E+29   1.246E-04      1.063E-01   0.000E+00   0.000E+00   0.000E+00   0.000E+00   0.000E+00   0.000E+00   0.000E+00      0.000E+00   0.000E+00   0.000E+00   00000   0.000E+00   0.000E+00        86.0   86.0   28.0
  285   1.322687E+04   1.399976E+00   2.003E+11   3.242E+29   1.200E-04      1.058E-01   0.000E+00   0.000E+00   0.000E+00   0.000E+00   0.000E+00   0.000E+00   0.000E+00      0.000E+00   0.000E+00   0.000E+00   00000   0.000E+00   0.000E+00        84.0   84.0   28.0
  286   1.323184E+04   1.399978E+00   1.927E+11   3.059E+29   1.155E-04      1.045E-01   0.000E+00   0.000E+00   0.000E+00   0.000E+00   0.000E+00   0.000E+00   0.000E+00      0.000E+00   0.000E+00   0.000E+00   00000   0.000E+00   0.000E+00        84.0   84.0   28.0
  287   1.323660E+04   1.399979E+00   1.855E+11   2.911E+29   1.111E-04      1.031E-01   0.000E+00   0.000E+00   0.000E+00   0.000E+00   0.000E+00   0.000E+00   0.000E+00      0.000E+00   0.000E+00   0.000E+00   00000   0.000E+00   0.000E+00        84.0   84.0   28.0
  288   1.324110E+04   1.399979E+00   1.785E+11   2.803E+29   1.069E-04      1.018E-01   0.000E+00   0.000E+00   0.000E+00   0.000E+00   0.000E+00   0.000E+00   0.000E+00      0.000E+00   0.000E+00   0.000E+00   00000   0.000E+00   0.000E+00        84.0   84.0   28.0
  289   1.324561E+04   1.399980E+00   1.718E+11   2.695E+29   1.029E-04      1.005E-01   0.000E+00   0.000E+00   0.000E+00   0.000E+00   0.000E+00   0.000E+00   0.000E+00      0.000E+00   0.000E+00   0.000E+00   00000   0.000E+00   0.000E+00        84.0   84.0   28.0
  290   1.325012E+04   1.399981E+00   1.653E+11   2.587E+29   9.902E-05      9.924E-02   0.000E+00   0.000E+00   0.000E+00   0.000E+00   0.000E+00   0.000E+00   0.000E+00      0.000E+00   0.000E+00   0.000E+00   00000   0.000E+00   0.000E+00        84.0   84.0   28.0
  291   1.325463E+04   1.399982E+00   1.591E+11   2.479E+29   9.530E-05      9.798E-02   0.000E+00   0.000E+00   0.000E+00   0.000E+00   0.000E+00   0.000E+00   0.000E+00      0.000E+00   0.000E+00   0.000E+00   00000   0.000E+00   0.000E+00        84.0   84.0   28.0
  292   1.325914E+04   1.399983E+00   1.531E+11   2.371E+29   9.171E-05      9.673E-02   0.000E+00   0.000E+00   0.000E+00   0.000E+00   0.000E+00   0.000E+00   0.000E+00      0.000E+00   0.000E+00   0.000E+00   00000   0.000E+00   0.000E+00        84.0   84.0   28.0
  293   1.326365E+04   1.399983E+00   1.473E+11   2.262E+29   8.827E-05      9.551E-02   0.000E+00   0.000E+00   0.000E+00   0.000E+00   0.000E+00   0.000E+00   0.000E+00      0.000E+00   0.000E+00   0.000E+00   00000   0.000E+00   0.000E+00        84.0   84.0   28.0
  294   1.326815E+04   1.399984E+00   1.417E+11   2.154E+29   8.495E-05      9.429E-02   0.000E+00   0.000E+00   0.000E+00   0.000E+00   0.000E+00   0.000E+00   0.000E+00      0.000E+00   0.000E+00   0.000E+00   00000   0.000E+00   0.000E+00        84.0   84.0   28.0
  295   1.327266E+04   1.399985E+00   1.364E+11   2.046E+29   8.175E-05      9.385E-02   0.000E+00   0.000E+00   0.000E+00   0.000E+00   0.000E+00   0.000E+00   0.000E+00      0.000E+00   0.000E+00   0.000E+00   00000   0.000E+00   0.000E+00        82.0   82.0   28.0
  296   1.327717E+04   1.399986E+00   1.313E+11   1.938E+29   7.868E-05      9.266E-02   0.000E+00   0.000E+00   0.000E+00   0.000E+00   0.000E+00   0.000E+00   0.000E+00      0.000E+00   0.000E+00   0.000E+00   00000   0.000E+00   0.000E+00        82.0   82.0   28.0
  297   1.328168E+04   1.399986E+00   1.263E+11   1.830E+29   7.572E-05      9.148E-02   0.000E+00   0.000E+00   0.000E+00   0.000E+00   0.000E+00   0.000E+00   0.000E+00      0.000E+00   0.000E+00   0.000E+00   00000   0.000E+00   0.000E+00        82.0   82.0   28.0
  298   1.328607E+04   1.399987E+00   1.215E+11   1.736E+29   7.288E-05      9.032E-02   0.000E+00   0.000E+00   0.000E+00   0.000E+00   0.000E+00   0.000E+00   0.000E+00      0.000E+00   0.000E+00   0.000E+00   00000   0.000E+00   0.000E+00        82.0   82.0   28.0
  299   1.329021E+04   1.399988E+00   1.170E+11   1.672E+29   7.014E-05      8.918E-02   0.000E+00   0.000E+00   0.000E+00   0.000E+00   0.000E+00   0.000E+00   0.000E+00      0.000E+00   0.000E+00   0.000E+00   00000   0.000E+00   0.000E+00        82.0   82.0   28.0
  300   1.329436E+04   1.399988E+00   1.126E+11   1.608E+29   6.751E-05      8.805E-02   0.000E+00   0.000E+00   0.000E+00   0.000E+00   0.000E+00   0.000E+00   0.000E+00      0.000E+00   0.000E+00   0.000E+00   00000   0.000E+00   0.000E+00        82.0   82.0   28.0
  301   1.329850E+04   1.399989E+00   1.083E+11   1.544E+29   6.497E-05      8.693E-02   0.000E+00   0.000E+00   0.000E+00   0.000E+00   0.000E+00   0.000E+00   0.000E+00      0.000E+00   0.000E+00   0.000E+00   00000   0.000E+00   0.000E+00        82.0   82.0   28.0
  302   1.330264E+04   1.399989E+00   1.042E+11   1.480E+29   6.253E-05      8.653E-02   0.000E+00   0.000E+00   0.000E+00   0.000E+00   0.000E+00   0.000E+00   0.000E+00      0.000E+00   0.000E+00   0.000E+00   00000   0.000E+00   0.000E+00        80.0   80.0   28.0
  303   1.330679E+04   1.399989E+00   1.003E+11   1.417E+29   6.017E-05      8.543E-02   0.000E+00   0.000E+00   0.000E+00   0.000E+00   0.000E+00   0.000E+00   0.000E+00      0.000E+00   0.000E+00   0.000E+00   00000   0.000E+00   0.000E+00        80.0   80.0   28.0
  304   1.331093E+04   1.399990E+00   9.652E+10   1.353E+29   5.791E-05      8.435E-02   0.000E+00   0.000E+00   0.000E+00   0.000E+00   0.000E+00   0.000E+00   0.000E+00      0.000E+00   0.000E+00   0.000E+00   00000   0.000E+00   0.000E+00        80.0   80.0   28.0
  305   1.331507E+04   1.399990E+00   9.288E+10   1.289E+29   5.573E-05      8.327E-02   0.000E+00   0.000E+00   0.000E+00   0.000E+00   0.000E+00   0.000E+00   0.000E+00      0.000E+00   0.000E+00   0.000E+00   00000   0.000E+00   0.000E+00        80.0   80.0   28.0
  306   1.331921E+04   1.399991E+00   8.938E+10   1.225E+29   5.363E-05      8.222E-02   0.000E+00   0.000E+00   0.000E+00   0.000E+00   0.000E+00   0.000E+00   0.000E+00      0.000E+00   0.000E+00   0.000E+00   00000   0.000E+00   0.000E+00        80.0   80.0   28.0
  307   1.332336E+04   1.399991E+00   8.601E+10   1.161E+29   5.161E-05      8.117E-02   0.000E+00   0.000E+00   0.000E+00   0.000E+00   0.000E+00   0.000E+00   0.000E+00      0.000E+00   0.000E+00   0.000E+00   00000   0.000E+00   0.000E+00        80.0   80.0   28.0
  308   1.332750E+04   1.399992E+00   8.277E+10   1.097E+29   4.966E-05      8.082E-02   0.000E+00   0.000E+00   0.000E+00   0.000E+00   0.000E+00   0.000E+00   0.000E+00      0.000E+00   0.000E+00   0.000E+00   00000   0.000E+00   0.000E+00        78.0   78.0   28.0
  309   1.333164E+04   1.399992E+00   7.965E+10   1.037E+29   4.779E-05      7.979E-02   0.000E+00   0.000E+00   0.000E+00   0.000E+00   0.000E+00   0.000E+00   0.000E+00      0.000E+00   0.000E+00   0.000E+00   00000   0.000E+00   0.000E+00        78.0   78.0   28.0
  310   1.333573E+04   1.399993E+00   7.664E+10   9.958E+28   4.599E-05      7.877E-02   0.000E+00   0.000E+00   0.000E+00   0.000E+00   0.000E+00   0.000E+00   0.000E+00      0.000E+00   0.000E+00   0.000E+00   00000   0.000E+00   0.000E+00        78.0   78.0   28.0
  311   1.333983E+04   1.399993E+00   7.375E+10   9.543E+28   4.426E-05      7.777E-02   0.000E+00   0.000E+00   0.000E+00   0.000E+00   0.000E+00   0.000E+00   0.000E+00      0.000E+00   0.000E+00   0.000E+00   00000   0.000E+00   0.000E+00        78.0   78.0   28.0
  312   1.334393E+04   1.399993E+00   7.097E+10   9.129E+28   4.259E-05      7.678E-02   0.000E+00   0.000E+00   0.000E+00   0.000E+00   0.000E+00   0.000E+00   0.000E+00      0.000E+00   0.000E+00   0.000E+00   00000   0.000E+00   0.000E+00        78.0   78.0   28.0
  313   1.334803E+04   1.399993E+00   6.830E+10   8.714E+28   4.099E-05      7.581E-02   0.000E+00   0.000E+00   0.000E+00   0.000E+00   0.000E+00   0.000E+00   0.000E+00      0.000E+00   0.000E+00   0.000E+00   00000   0.000E+00   0.000E+00        78.0   78.0   28.0
  314   1.335213E+04   1.399994E+00   6.572E+10   8.299E+28   3.944E-05      7.484E-02   0.000E+00   0.000E+00   0.000E+00   0.000E+00   0.000E+00   0.000E+00   0.000E+00      0.000E+00   0.000E+00   0.000E+00   00000   0.000E+00   0.000E+00        78.0   78.0   28.0
  315   1.335623E+04   1.399994E+00   6.325E+10   7.885E+28   3.796E-05      7.389E-02   0.000E+00   0.000E+00   0.000E+00   0.000E+00   0.000E+00   0.000E+00   0.000E+00      0.000E+00   0.000E+00   0.000E+00   00000   0.000E+00   0.000E+00        78.0   78.0   28.0
  316   1.336033E+04   1.399994E+00   6.086E+10   7.470E+28   3.653E-05      7.295E-02   0.000E+00   0.000E+00   0.000E+00   0.000E+00   0.000E+00   0.000E+00   0.000E+00      0.000E+00   0.000E+00   0.000E+00   00000   0.000E+00   0.000E+00        78.0   78.0   28.0
  317   1.336443E+04   1.399995E+00   5.857E+10   7.055E+28   3.515E-05      7.202E-02   0.000E+00   0.000E+00   0.000E+00   0.000E+00   0.000E+00   0.000E+00   0.000E+00      0.000E+00   0.000E+00   0.000E+00   00000   0.000E+00   0.000E+00        78.0   78.0   28.0
  318   1.336853E+04   1.399995E+00   5.636E+10   6.641E+28   3.383E-05      7.111E-02   0.000E+00   0.000E+00   0.000E+00   0.000E+00   0.000E+00   0.000E+00   0.000E+00      0.000E+00   0.000E+00   0.000E+00   00000   0.000E+00   0.000E+00        78.0   78.0   28.0
  319   1.337263E+04   1.399995E+00   5.423E+10   6.226E+28   3.255E-05      7.020E-02   0.000E+00   0.000E+00   0.000E+00   0.000E+00   0.000E+00   0.000E+00   0.000E+00      0.000E+00   0.000E+00   0.000E+00   00000   0.000E+00   0.000E+00        78.0   78.0   28.0
  320   1.337617E+04   1.399995E+00   5.219E+10   5.963E+28   3.133E-05      6.931E-02   0.000E+00   0.000E+00   0.000E+00   0.000E+00   0.000E+00   0.000E+00   0.000E+00      0.000E+00   0.000E+00   0.000E+00   00000   0.000E+00   0.000E+00        78.0   78.0   28.0
  321   1.337955E+04   1.399996E+00   5.022E+10   5.741E+28   3.015E-05      6.843E-02   0.000E+00   0.000E+00   0.000E+00   0.000E+00   0.000E+00   0.000E+00   0.000E+00      0.000E+00   0.000E+00   0.000E+00   00000   0.000E+00   0.000E+00        78.0   78.0   28.0
  322   1.338294E+04   1.399996E+00   4.833E+10   5.519E+28   2.902E-05      6.756E-02   0.000E+00   0.000E+00   0.000E+00   0.000E+00   0.000E+00   0.000E+00   0.000E+00      0.000E+00   0.000E+00   0.000E+00   00000   0.000E+00   0.000E+00        78.0   78.0   28.0
  323   1.338632E+04   1.399996E+00   4.651E+10   5.298E+28   2.793E-05      6.671E-02   0.000E+00   0.000E+00   0.000E+00   0.000E+00   0.000E+00   0.000E+00   0.000E+00      0.000E+00   0.000E+00   0.000E+00   00000   0.000E+00   0.000E+00        78.0   78.0   28.0
  324   1.338970E+04   1.399996E+00   4.475E+10   5.076E+28   2.688E-05      6.586E-02   0.000E+00   0.000E+00   0.000E+00   0.000E+00   0.000E+00   0.000E+00   0.000E+00      0.000E+00   0.000E+00   0.000E+00   00000   0.000E+00   0.000E+00        78.0   78.0   28.0
  325   1.339309E+04   1.399996E+00   4.307E+10   4.855E+28   2.587E-05      6.502E-02   0.000E+00   0.000E+00   0.000E+00   0.000E+00   0.000E+00   0.000E+00   0.000E+00      0.000E+00   0.000E+00   0.000E+00   00000   0.000E+00   0.000E+00        78.0   78.0   28.0
  326   1.339647E+04   1.399996E+00   4.144E+10   4.633E+28   2.489E-05      6.514E-02   0.000E+00   0.000E+00   0.000E+00   0.000E+00   0.000E+00   0.000E+00   0.000E+00      0.000E+00   0.000E+00   0.000E+00   00000   0.000E+00   0.000E+00        80.0   80.0   30.0
  327   1.339986E+04   1.399997E+00   3.988E+10   4.411E+28   2.395E-05      6.431E-02   0.000E+00   0.000E+00   0.000E+00   0.000E+00   0.000E+00   0.000E+00   0.000E+00      0.000E+00   0.000E+00   0.000E+00   00000   0.000E+00   0.000E+00        80.0   80.0   30.0
  328   1.340324E+04   1.399997E+00   3.838E+10   4.190E+28   2.305E-05      6.349E-02   0.000E+00   0.000E+00   0.000E+00   0.000E+00   0.000E+00   0.000E+00   0.000E+00      0.000E+00   0.000E+00   0.000E+00   00000   0.000E+00   0.000E+00        80.0   80.0   30.0
  329   1.340662E+04   1.399997E+00   3.693E+10   3.968E+28   2.218E-05      6.268E-02   0.000E+00   0.000E+00   0.000E+00   0.000E+00   0.000E+00   0.000E+00   0.000E+00      0.000E+00   0.000E+00   0.000E+00   00000   0.000E+00   0.000E+00        80.0   80.0   30.0
  330   1.341001E+04   1.399997E+00   3.554E+10   3.747E+28   2.134E-05      6.188E-02   0.000E+00   0.000E+00   0.000E+00   0.000E+00   0.000E+00   0.000E+00   0.000E+00      0.000E+00   0.000E+00   0.000E+00   00000   0.000E+00   0.000E+00        80.0   80.0   30.0
  331   1.341329E+04   1.399997E+00   3.420E+10   3.580E+28   2.054E-05      6.109E-02   0.000E+00   0.000E+00   0.000E+00   0.000E+00   0.000E+00   0.000E+00   0.000E+00      0.000E+00   0.000E+00   0.000E+00   00000   0.000E+00   0.000E+00        80.0   80.0   30.0
  332   1.341652E+04   1.399997E+00   3.291E+10   3.439E+28   1.976E-05      6.032E-02   0.000E+00   0.000E+00   0.000E+00   0.000E+00   0.000E+00   0.000E+00   0.000E+00      0.000E+00   0.000E+00   0.000E+00   00000   0.000E+00   0.000E+00        80.0   80.0   30.0
  333   1.341976E+04   1.399997E+00   3.167E+10   3.298E+28   1.902E-05      5.955E-02   0.000E+00   0.000E+00   0.000E+00   0.000E+00   0.000E+00   0.000E+00   0.000E+00      0.000E+00   0.000E+00   0.000E+00   00000   0.000E+00   0.000E+00        80.0   80.0   30.0
  334   1.342299E+04   1.399998E+00   3.048E+10   3.157E+28   1.830E-05      5.879E-02   0.000E+00   0.000E+00   0.000E+00   0.000E+00   0.000E+00   0.000E+00   0.000E+00      0.000E+00   0.000E+00   0.000E+00   00000   0.000E+00   0.000E+00        80.0   80.0   30.0
  335   1.342623E+04   1.399998E+00   2.933E+10   3.016E+28   1.762E-05      5.805E-02   0.000E+00   0.000E+00   0.000E+00   0.000E+00   0.000E+00   0.000E+00   0.000E+00      0.000E+00   0.000E+00   0.000E+00   00000   0.000E+00   0.000E+00        80.0   80.0   30.0
  336   1.342946E+04   1.399998E+00   2.822E+10   2.875E+28   1.695E-05      5.731E-02   0.000E+00   0.000E+00   0.000E+00   0.000E+00   0.000E+00   0.000E+00   0.000E+00      0.000E+00   0.000E+00   0.000E+00   00000   0.000E+00   0.000E+00        80.0   80.0   30.0
  337   1.343270E+04   1.399998E+00   2.716E+10   2.734E+28   1.632E-05      5.659E-02   0.000E+00   0.000E+00   0.000E+00   0.000E+00   0.000E+00   0.000E+00   0.000E+00      0.000E+00   0.000E+00   0.000E+00   00000   0.000E+00   0.000E+00        80.0   80.0   30.0
  338   1.343593E+04   1.399998E+00   2.613E+10   2.593E+28   1.570E-05      5.587E-02   0.000E+00   0.000E+00   0.000E+00   0.000E+00   0.000E+00   0.000E+00   0.000E+00      0.000E+00   0.000E+00   0.000E+00   00000   0.000E+00   0.000E+00        80.0   80.0   30.0
  339   1.343917E+04   1.399998E+00   2.515E+10   2.452E+28   1.511E-05      5.516E-02   0.000E+00   0.000E+00   0.000E+00   0.000E+00   0.000E+00   0.000E+00   0.000E+00      0.000E+00   0.000E+00   0.000E+00   00000   0.000E+00   0.000E+00        80.0   80.0   30.0
  340   1.344240E+04   1.399998E+00   2.420E+10   2.311E+28   1.454E-05      5.445E-02   0.000E+00   0.000E+00   0.000E+00   0.000E+00   0.000E+00   0.000E+00   0.000E+00      0.000E+00   0.000E+00   0.000E+00   00000   0.000E+00   0.000E+00        80.0   80.0   30.0
  341   1.344564E+04   1.399998E+00   2.329E+10   2.170E+28   1.399E-05      5.376E-02   0.000E+00   0.000E+00   0.000E+00   0.000E+00   0.000E+00   0.000E+00   0.000E+00      0.000E+00   0.000E+00   0.000E+00   00000   0.000E+00   0.000E+00        80.0   80.0   30.0
  342   1.344845E+04   1.399998E+00   2.241E+10   2.088E+28   1.347E-05      5.308E-02   0.000E+00   0.000E+00   0.000E+00   0.000E+00   0.000E+00   0.000E+00   0.000E+00      0.000E+00   0.000E+00   0.000E+00   00000   0.000E+00   0.000E+00        80.0   80.0   30.0
  343   1.345124E+04   1.399998E+00   2.157E+10   2.009E+28   1.296E-05      5.240E-02   0.000E+00   0.000E+00   0.000E+00   0.000E+00   0.000E+00   0.000E+00   0.000E+00      0.000E+00   0.000E+00   0.000E+00   00000   0.000E+00   0.000E+00        80.0   80.0   30.0
  344   1.345403E+04   1.399999E+00   2.075E+10   1.930E+28   1.247E-05      5.217E-02   0.000E+00   0.000E+00   0.000E+00   0.000E+00   0.000E+00   0.000E+00   0.000E+00      0.000E+00   0.000E+00   0.000E+00   00000   0.000E+00   0.000E+00        78.0   78.0   30.0
  345   1.345682E+04   1.399999E+00   1.997E+10   1.850E+28   1.200E-05      5.151E-02   0.000E+00   0.000E+00   0.000E+00   0.000E+00   0.000E+00   0.000E+00   0.000E+00      0.000E+00   0.000E+00   0.000E+00   00000   0.000E+00   0.000E+00        78.0   78.0   30.0
  346   1.345962E+04   1.399999E+00   1.922E+10   1.771E+28   1.155E-05      5.086E-02   0.000E+00   0.000E+00   0.000E+00   0.000E+00   0.000E+00   0.000E+00   0.000E+00      0.000E+00   0.000E+00   0.000E+00   00000   0.000E+00   0.000E+00        78.0   78.0   30.0
  347   1.346241E+04   1.399999E+00   1.849E+10   1.692E+28   1.112E-05      5.021E-02   0.000E+00   0.000E+00   0.000E+00   0.000E+00   0.000E+00   0.000E+00   0.000E+00      0.000E+00   0.000E+00   0.000E+00   00000   0.000E+00   0.000E+00        78.0   78.0   30.0
  348   1.346520E+04   1.399999E+00   1.780E+10   1.613E+28   1.070E-05      4.957E-02   0.000E+00   0.000E+00   0.000E+00   0.000E+00   0.000E+00   0.000E+00   0.000E+00      0.000E+00   0.000E+00   0.000E+00   00000   0.000E+00   0.000E+00        78.0   78.0   30.0
  349   1.346799E+04   1.399999E+00   1.713E+10   1.534E+28   1.030E-05      4.894E-02   0.000E+00   0.000E+00   0.000E+00   0.000E+00   0.000E+00   0.000E+00   0.000E+00      0.000E+00   0.000E+00   0.000E+00   00000   0.000E+00   0.000E+00        78.0   78.0   30.0
  350   1.347078E+04   1.399999E+00   1.648E+10   1.455E+28   9.909E-06      4.850E-02   0.000E+00   0.000E+00   0.000E+00   0.000E+00   0.000E+00   0.000E+00   0.000E+00      0.000E+00   0.000E+00   0.000E+00   00000   0.000E+00   0.000E+00        72.0   72.0   28.0
  351   1.347357E+04   1.399999E+00   1.586E+10   1.376E+28   9.535E-06      4.788E-02   0.000E+00   0.000E+00   0.000E+00   0.000E+00   0.000E+00   0.000E+00   0.000E+00      0.000E+00   0.000E+00   0.000E+00   00000   0.000E+00   0.000E+00        72.0   72.0   28.0
  352   1.347636E+04   1.399999E+00   1.526E+10   1.297E+28   9.175E-06      4.727E-02   0.000E+00   0.000E+00   0.000E+00   0.000E+00   0.000E+00   0.000E+00   0.000E+00      0.000E+00   0.000E+00   0.000E+00   00000   0.000E+00   0.000E+00        72.0   72.0   28.0
  353   1.347903E+04   1.399999E+00   1.469E+10   1.243E+28   8.829E-06      4.667E-02   0.000E+00   0.000E+00   0.000E+00   0.000E+00   0.000E+00   0.000E+00   0.000E+00      0.000E+00   0.000E+00   0.000E+00   00000   0.000E+00   0.000E+00        72.0   72.0   28.0
  354   1.348167E+04   1.399999E+00   1.413E+10   1.194E+28   8.496E-06      4.608E-02   0.000E+00   0.000E+00   0.000E+00   0.000E+00   0.000E+00   0.000E+00   0.000E+00      0.000E+00   0.000E+00   0.000E+00   00000   0.000E+00   0.000E+00        72.0   72.0   28.0
  355   1.348430E+04   1.399999E+00   1.360E+10   1.146E+28   8.176E-06      4.549E-02   0.000E+00   0.000E+00   0.000E+00   0.000E+00   0.000E+00   0.000E+00   0.000E+00      0.000E+00   0.000E+00   0.000E+00   00000   0.000E+00   0.000E+00        72.0   72.0   28.0
  356   1.348694E+04   1.399999E+00   1.309E+10   1.097E+28   7.867E-06      4.491E-02   0.000E+00   0.000E+00   0.000E+00   0.000E+00   0.000E+00   0.000E+00   0.000E+00      0.000E+00   0.000E+00   0.000E+00   00000   0.000E+00   0.000E+00        72.0   72.0   28.0
  357   1.348958E+04   1.399999E+00   1.259E+10   1.049E+28   7.571E-06      4.493E-02   0.000E+00   0.000E+00   0.000E+00   0.000E+00   0.000E+00   0.000E+00   0.000E+00      0.000E+00   0.000E+00   0.000E+00   00000   0.000E+00   0.000E+00        84.0   84.0   34.0
  358   1.349222E+04   1.399999E+00   1.212E+10   1.001E+28   7.285E-06      4.436E-02   0.000E+00   0.000E+00   0.000E+00   0.000E+00   0.000E+00   0.000E+00   0.000E+00      0.000E+00   0.000E+00   0.000E+00   00000   0.000E+00   0.000E+00        84.0   84.0   34.0
  359   1.349486E+04   1.399999E+00   1.166E+10   9.522E+27   7.010E-06      4.380E-02   0.000E+00   0.000E+00   0.000E+00   0.000E+00   0.000E+00   0.000E+00   0.000E+00      0.000E+00   0.000E+00   0.000E+00   00000   0.000E+00   0.000E+00        84.0   84.0   34.0
  360   1.349749E+04   1.399999E+00   1.122E+10   9.038E+27   6.746E-06      4.324E-02   0.000E+00   0.000E+00   0.000E+00   0.000E+00   0.000E+00   0.000E+00   0.000E+00      0.000E+00   0.000E+00   0.000E+00   00000   0.000E+00   0.000E+00        84.0   84.0   34.0
  361   1.350013E+04   1.399999E+00   1.080E+10   8.553E+27   6.491E-06      4.269E-02   0.000E+00   0.000E+00   0.000E+00   0.000E+00   0.000E+00   0.000E+00   0.000E+00      0.000E+00   0.000E+00   0.000E+00   00000   0.000E+00   0.000E+00        84.0   84.0   34.0
  362   1.350277E+04   1.399999E+00   1.039E+10   8.069E+27   6.246E-06      4.215E-02   0.000E+00   0.000E+00   0.000E+00   0.000E+00   0.000E+00   0.000E+00   0.000E+00      0.000E+00   0.000E+00   0.000E+00   00000   0.000E+00   0.000E+00        84.0   84.0   34.0
  363   1.350540E+04   1.399999E+00   1.000E+10   7.596E+27   6.011E-06      4.161E-02   0.000E+00   0.000E+00   0.000E+00   0.000E+00   0.000E+00   0.000E+00   0.000E+00      0.000E+00   0.000E+00   0.000E+00   00000   0.000E+00   0.000E+00        84.0   84.0   34.0
