         5       363       111       267

EOS                                                                            

  i            rad           emas         rho         pres          nb           kf(e)      kf(mu)       kf(p)       kf(n)      kf(la)      kf(S-)      kf(S0)      kf(S+)         Tc(n)       Tc(p)      Tc(la)    Durca        mstn        mstp  nSF   Acel   Aion   Zion

    0   0.000000E+00   0.000000E+00   3.095E+16   2.569E+37   3.261E+00      1.945E+00   1.886E+00   2.414E+00   4.353E+00   0.000E+00   0.000E+00   0.000E+00   0.000E+00      1.000E+00   1.000E+00   1.000E+00   10000   1.600E-01   1.600E-01  no    N/A    N/A    N/A 
    1   2.018796E+03   2.750503E-01   1.025E+16   7.551E+36   2.069E+00      1.687E+00   1.600E+00   2.072E+00   3.741E+00   0.000E+00   0.000E+00   0.000E+00   0.000E+00      2.845E+02   1.000E+00   1.000E+00   10000   3.324E-01   3.324E-01  1s0   N/A    N/A    N/A 
    2   2.543523E+03   4.141860E-01   6.553E+15   4.572E+36   1.616E+00      1.560E+00   1.465E+00   1.907E+00   3.446E+00   0.000E+00   0.000E+00   0.000E+00   0.000E+00      1.977E+04   1.000E+00   1.000E+00   10000   4.050E-01   4.050E-01  1s0   N/A    N/A    N/A 
    3   2.911607E+03   5.105518E-01   4.877E+15   3.247E+36   1.366E+00      1.479E+00   1.379E+00   1.802E+00   3.258E+00   0.000E+00   0.000E+00   0.000E+00   0.000E+00      2.020E+05   1.000E+00   1.000E+00   10000   4.571E-01   4.571E-01  1s0   N/A    N/A    N/A 
    4   3.204638E+03   5.851506E-01   3.918E+15   2.498E+36   1.203E+00      1.421E+00   1.316E+00   1.727E+00   3.124E+00   0.000E+00   0.000E+00   0.000E+00   0.000E+00      9.049E+05   1.000E+00   1.000E+00   10000   4.974E-01   4.974E-01  1s0   N/A    N/A    N/A 
    5   3.452092E+03   6.468490E-01   3.272E+15   1.998E+36   1.082E+00      1.374E+00   1.266E+00   1.666E+00   3.015E+00   0.000E+00   0.000E+00   0.000E+00   0.000E+00      2.724E+06   1.000E+00   1.000E+00   10000   5.312E-01   5.312E-01  1s0   N/A    N/A    N/A 
    6   3.668395E+03   6.991186E-01   2.863E+15   1.686E+36   9.985E-01      1.340E+00   1.228E+00   1.621E+00   2.936E+00   0.000E+00   0.000E+00   0.000E+00   0.000E+00      5.736E+06   1.000E+00   1.000E+00   10000   5.565E-01   5.565E-01  1s0   N/A    N/A    N/A 
    7   3.861817E+03   7.455230E-01   2.522E+15   1.427E+36   9.243E-01      1.308E+00   1.193E+00   1.579E+00   2.862E+00   0.000E+00   0.000E+00   0.000E+00   0.000E+00      1.102E+07   1.000E+00   1.000E+00   10000   5.805E-01   5.805E-01  1s0   N/A    N/A    N/A 
    8   4.037591E+03   7.865605E-01   2.295E+15   1.258E+36   8.720E-01      1.284E+00   1.167E+00   1.547E+00   2.807E+00   0.000E+00   0.000E+00   0.000E+00   0.000E+00      1.734E+07   1.000E+00   1.000E+00   10000   5.983E-01   5.983E-01  1s0   N/A    N/A    N/A 
    9   4.199264E+03   8.243059E-01   2.086E+15   1.102E+36   8.216E-01      1.260E+00   1.140E+00   1.516E+00   2.752E+00   0.000E+00   0.000E+00   0.000E+00   0.000E+00      2.665E+07   1.000E+00   1.000E+00   10000   6.162E-01   6.162E-01  1s0   N/A    N/A    N/A 
   10   4.349363E+03   8.588036E-01   1.927E+15   9.846E+35   7.813E-01      1.240E+00   1.118E+00   1.490E+00   2.707E+00   0.000E+00   0.000E+00   0.000E+00   0.000E+00      3.735E+07   1.000E+00   1.000E+00   10000   6.310E-01   6.310E-01  1s0   N/A    N/A    N/A 
   11   4.489762E+03   8.906715E-01   1.804E+15   8.948E+35   7.489E-01      1.223E+00   1.100E+00   1.468E+00   2.669E+00   0.000E+00   0.000E+00   0.000E+00   0.000E+00      4.879E+07   1.000E+00   1.000E+00   10000   6.432E-01   6.432E-01  1s0   N/A    N/A    N/A 
   12   4.621888E+03   9.206620E-01   1.688E+15   8.102E+35   7.173E-01      1.207E+00   1.081E+00   1.446E+00   2.631E+00   0.000E+00   0.000E+00   0.000E+00   0.000E+00      6.304E+07   1.000E+00   1.000E+00   10000   6.555E-01   6.555E-01  1s0   N/A    N/A    N/A 
   13   4.746864E+03   9.490293E-01   1.578E+15   7.302E+35   6.864E-01      1.190E+00   1.062E+00   1.423E+00   2.593E+00   0.000E+00   0.000E+00   0.000E+00   0.000E+00      8.066E+07   1.000E+00   1.000E+00   10000   6.677E-01   6.677E-01  1s0   N/A    N/A    N/A 
   14   4.865585E+03   9.754865E-01   1.506E+15   6.787E+35   6.652E-01      1.178E+00   1.049E+00   1.407E+00   2.567E+00   0.000E+00   0.000E+00   0.000E+00   0.000E+00      9.524E+07   1.000E+00   1.000E+00   10000   6.763E-01   6.763E-01  1s0   N/A    N/A    N/A 
   15   4.978778E+03   1.000692E+00   1.438E+15   6.305E+35   6.450E-01      1.166E+00   1.036E+00   1.392E+00   2.541E+00   0.000E+00   0.000E+00   0.000E+00   0.000E+00      1.114E+08   1.000E+00   1.000E+00   10000   6.846E-01   6.846E-01  1s0   N/A    N/A    N/A 
   16   5.087046E+03   1.024801E+00   1.372E+15   5.845E+35   6.251E-01      1.154E+00   1.022E+00   1.376E+00   2.515E+00   0.000E+00   0.000E+00   0.000E+00   0.000E+00      1.296E+08   1.000E+00   1.000E+00   10000   6.928E-01   6.928E-01  1s0   N/A    N/A    N/A 
   17   5.190892E+03   1.047926E+00   1.310E+15   5.403E+35   6.056E-01      1.142E+00   1.009E+00   1.360E+00   2.489E+00   0.000E+00   0.000E+00   0.000E+00   0.000E+00      1.500E+08   1.000E+00   1.000E+00   10000   7.011E-01   7.011E-01  1s0   N/A    N/A    N/A 
   18   5.290741E+03   1.070133E+00   1.252E+15   4.997E+35   5.871E-01      1.131E+00   9.957E-01   1.345E+00   2.464E+00   0.000E+00   0.000E+00   0.000E+00   0.000E+00      1.718E+08   1.000E+00   1.000E+00   10000   7.089E-01   7.089E-01  1s0   N/A    N/A    N/A 
   19   5.386958E+03   1.091357E+00   1.212E+15   4.723E+35   5.738E-01      1.122E+00   9.858E-01   1.333E+00   2.445E+00   0.000E+00   0.000E+00   0.000E+00   0.000E+00      1.892E+08   1.000E+00   1.000E+00   10000   7.147E-01   7.147E-01  1s0   N/A    N/A    N/A 
   20   5.479854E+03   1.111849E+00   1.173E+15   4.458E+35   5.609E-01      1.113E+00   9.761E-01   1.322E+00   2.427E+00   0.000E+00   0.000E+00   0.000E+00   0.000E+00      2.075E+08   1.000E+00   1.000E+00   10000   7.203E-01   7.203E-01  1s0   N/A    N/A    N/A 
   21   5.569704E+03   1.131669E+00   1.135E+15   4.202E+35   5.481E-01      1.105E+00   9.662E-01   1.310E+00   2.409E+00   0.000E+00   0.000E+00   0.000E+00   0.000E+00      2.270E+08   1.000E+00   1.000E+00   10000   7.259E-01   7.259E-01  1s0   N/A    N/A    N/A 
   22   5.656745E+03   1.150869E+00   1.099E+15   3.954E+35   5.355E-01      1.096E+00   9.562E-01   1.299E+00   2.391E+00   0.000E+00   0.000E+00   0.000E+00   0.000E+00      2.477E+08   1.000E+00   1.000E+00   10000   7.315E-01   7.315E-01  1s0   N/A    N/A    N/A 
   23   5.741187E+03   1.169496E+00   1.063E+15   3.713E+35   5.231E-01      1.087E+00   9.462E-01   1.287E+00   2.373E+00   0.000E+00   0.000E+00   0.000E+00   0.000E+00      2.695E+08   1.000E+00   1.000E+00   10000   7.370E-01   7.370E-01  1s0   N/A    N/A    N/A 
   24   5.823214E+03   1.187590E+00   1.029E+15   3.480E+35   5.107E-01      1.078E+00   9.359E-01   1.275E+00   2.354E+00   0.000E+00   0.000E+00   0.000E+00   0.000E+00      2.927E+08   1.000E+00   1.000E+00   00000   7.426E-01   7.426E-01  1s0   N/A    N/A    N/A 
   25   5.902994E+03   1.205168E+00   1.003E+15   3.312E+35   5.014E-01      1.071E+00   9.280E-01   1.266E+00   2.340E+00   0.000E+00   0.000E+00   0.000E+00   0.000E+00      3.112E+08   1.000E+00   1.000E+00   00000   7.468E-01   7.468E-01  1s0   N/A    N/A    N/A 
   26   5.980674E+03   1.222278E+00   9.797E+14   3.161E+35   4.927E-01      1.065E+00   9.204E-01   1.257E+00   2.327E+00   0.000E+00   0.000E+00   0.000E+00   0.000E+00      3.291E+08   1.000E+00   1.000E+00   00000   7.507E-01   7.507E-01  1s0   N/A    N/A    N/A 
   27   6.056387E+03   1.238956E+00   9.568E+14   3.014E+35   4.842E-01      1.058E+00   9.129E-01   1.248E+00   2.314E+00   0.000E+00   0.000E+00   0.000E+00   0.000E+00      3.475E+08   1.000E+00   1.000E+00   00000   7.546E-01   7.546E-01  1s0   N/A    N/A    N/A 
   28   6.130252E+03   1.255226E+00   9.345E+14   2.871E+35   4.758E-01      1.052E+00   9.051E-01   1.240E+00   2.301E+00   0.000E+00   0.000E+00   0.000E+00   0.000E+00      3.664E+08   1.000E+00   1.000E+00   00000   7.585E-01   7.585E-01  1s0   N/A    N/A    N/A 
   29   6.202380E+03   1.271114E+00   9.126E+14   2.731E+35   4.675E-01      1.045E+00   8.974E-01   1.231E+00   2.288E+00   0.000E+00   0.000E+00   0.000E+00   0.000E+00      3.857E+08   1.000E+00   1.000E+00   00000   7.623E-01   7.623E-01  1s0   N/A    N/A    N/A 
   30   6.272867E+03   1.286640E+00   8.913E+14   2.594E+35   4.592E-01      1.038E+00   8.895E-01   1.222E+00   2.275E+00   0.000E+00   0.000E+00   0.000E+00   0.000E+00      4.057E+08   1.000E+00   1.000E+00   00000   7.662E-01   7.662E-01  1s0   N/A    N/A    N/A 
   31   6.341806E+03   1.301825E+00   8.705E+14   2.460E+35   4.511E-01      1.031E+00   8.816E-01   1.213E+00   2.262E+00   0.000E+00   0.000E+00   0.000E+00   0.000E+00      4.259E+08   1.000E+00   1.000E+00   00000   7.700E-01   7.700E-01  1s0   N/A    N/A    N/A 
   32   6.409277E+03   1.316687E+00   8.501E+14   2.329E+35   4.430E-01      1.025E+00   8.735E-01   1.203E+00   2.249E+00   0.000E+00   0.000E+00   0.000E+00   0.000E+00      4.467E+08   1.000E+00   1.000E+00   00000   7.737E-01   7.737E-01  1s0   N/A    N/A    N/A 
   33   6.475357E+03   1.331281E+00   8.345E+14   2.236E+35   4.367E-01      1.019E+00   8.671E-01   1.196E+00   2.239E+00   0.000E+00   0.000E+00   0.000E+00   0.000E+00      4.631E+08   1.000E+00   1.000E+00   00000   7.767E-01   7.767E-01  1s0   N/A    N/A    N/A 
   34   6.540114E+03   1.345588E+00   8.197E+14   2.148E+35   4.307E-01      1.014E+00   8.610E-01   1.189E+00   2.229E+00   0.000E+00   0.000E+00   0.000E+00   0.000E+00      4.791E+08   1.000E+00   1.000E+00   00000   7.795E-01   7.795E-01  1s0   N/A    N/A    N/A 
   35   6.603615E+03   1.359617E+00   8.053E+14   2.062E+35   4.248E-01      1.009E+00   8.546E-01   1.182E+00   2.219E+00   0.000E+00   0.000E+00   0.000E+00   0.000E+00      4.953E+08   1.000E+00   1.000E+00   00000   7.823E-01   7.823E-01  1s0   N/A    N/A    N/A 
   36   6.665916E+03   1.373381E+00   7.910E+14   1.978E+35   4.189E-01      1.003E+00   8.483E-01   1.174E+00   2.209E+00   0.000E+00   0.000E+00   0.000E+00   0.000E+00      5.116E+08   1.000E+00   1.000E+00   00000   7.851E-01   7.851E-01  1s0   N/A    N/A    N/A 
   37   6.727075E+03   1.386892E+00   7.771E+14   1.895E+35   4.131E-01      9.978E-01   8.419E-01   1.167E+00   2.200E+00   0.000E+00   0.000E+00   0.000E+00   0.000E+00      5.279E+08   1.000E+00   1.000E+00   00000   7.878E-01   7.878E-01  1s0   N/A    N/A    N/A 
   38   6.787141E+03   1.400162E+00   7.634E+14   1.814E+35   4.074E-01      9.923E-01   8.354E-01   1.160E+00   2.190E+00   0.000E+00   0.000E+00   0.000E+00   0.000E+00      5.445E+08   1.000E+00   1.000E+00   00000   7.906E-01   7.906E-01  1s0   N/A    N/A    N/A 
   39   6.846163E+03   1.413202E+00   7.499E+14   1.734E+35   4.017E-01      9.868E-01   8.289E-01   1.152E+00   2.180E+00   0.000E+00   0.000E+00   0.000E+00   0.000E+00      5.610E+08   1.000E+00   1.000E+00   00000   7.933E-01   7.933E-01  1s0   N/A    N/A    N/A 
   40   6.904184E+03   1.426020E+00   7.367E+14   1.655E+35   3.960E-01      9.812E-01   8.222E-01   1.145E+00   2.170E+00   0.000E+00   0.000E+00   0.000E+00   0.000E+00      5.776E+08   1.000E+00   1.000E+00   00000   7.960E-01   7.960E-01  1s0   N/A    N/A    N/A 
   41   6.961246E+03   1.438626E+00   7.237E+14   1.578E+35   3.904E-01      9.755E-01   8.154E-01   1.137E+00   2.161E+00   0.000E+00   0.000E+00   0.000E+00   0.000E+00      5.943E+08   1.000E+00   1.000E+00   00000   7.988E-01   7.988E-01  1s0   N/A    N/A    N/A 
   42   7.017387E+03   1.451036E+00   7.118E+14   1.510E+35   3.852E-01      9.703E-01   8.092E-01   1.130E+00   2.152E+00   0.000E+00   0.000E+00   0.000E+00   0.000E+00      6.097E+08   1.000E+00   1.000E+00   00000   8.012E-01   8.012E-01  1s0   N/A    N/A    N/A 
   43   7.072645E+03   1.463263E+00   7.016E+14   1.456E+35   3.807E-01      9.656E-01   8.035E-01   1.124E+00   2.144E+00   0.000E+00   0.000E+00   0.000E+00   0.000E+00      6.232E+08   1.000E+00   1.000E+00   00000   8.034E-01   8.034E-01  1s0   N/A    N/A    N/A 
   44   7.127052E+03   1.475302E+00   6.916E+14   1.403E+35   3.763E-01      9.609E-01   7.979E-01   1.117E+00   2.136E+00   0.000E+00   0.000E+00   0.000E+00   0.000E+00      6.366E+08   1.000E+00   1.000E+00   00000   8.056E-01   8.056E-01  1s0   N/A    N/A    N/A 
   45   7.180641E+03   1.487160E+00   6.817E+14   1.351E+35   3.719E-01      9.563E-01   7.923E-01   1.111E+00   2.128E+00   0.000E+00   0.000E+00   0.000E+00   0.000E+00      6.499E+08   1.000E+00   1.000E+00   00000   8.077E-01   8.077E-01  1s0   N/A    N/A    N/A 
   46   7.233442E+03   1.498843E+00   6.720E+14   1.300E+35   3.675E-01      9.515E-01   7.865E-01   1.105E+00   2.120E+00   0.000E+00   0.000E+00   0.000E+00   0.000E+00      6.631E+08   1.000E+00   1.000E+00   00000   8.098E-01   8.098E-01  1s0   N/A    N/A    N/A 
   47   7.285482E+03   1.510358E+00   6.625E+14   1.250E+35   3.632E-01      9.467E-01   7.807E-01   1.098E+00   2.113E+00   0.000E+00   0.000E+00   0.000E+00   0.000E+00      6.763E+08   1.000E+00   1.000E+00   00000   8.119E-01   8.119E-01  1s0   N/A    N/A    N/A 
   48   7.336791E+03   1.521711E+00   6.530E+14   1.200E+35   3.589E-01      9.419E-01   7.749E-01   1.092E+00   2.105E+00   0.000E+00   0.000E+00   0.000E+00   0.000E+00      6.894E+08   1.000E+00   1.000E+00   00000   8.140E-01   8.140E-01  1s0   N/A    N/A    N/A 
   49   7.387391E+03   1.532908E+00   6.437E+14   1.151E+35   3.547E-01      9.370E-01   7.690E-01   1.085E+00   2.097E+00   0.000E+00   0.000E+00   0.000E+00   0.000E+00      7.024E+08   1.000E+00   1.000E+00   00000   8.161E-01   8.161E-01  1s0   N/A    N/A    N/A 
   50   7.437307E+03   1.543953E+00   6.345E+14   1.102E+35   3.504E-01      9.321E-01   7.629E-01   1.078E+00   2.089E+00   0.000E+00   0.000E+00   0.000E+00   0.000E+00      7.154E+08   1.000E+00   1.000E+00   00000   8.182E-01   8.182E-01  1s0   N/A    N/A    N/A 
   51   7.486562E+03   1.554852E+00   6.255E+14   1.055E+35   3.462E-01      9.271E-01   7.568E-01   1.072E+00   2.082E+00   0.000E+00   0.000E+00   0.000E+00   0.000E+00      7.281E+08   1.000E+00   1.000E+00   00000   8.203E-01   8.203E-01  1s0   N/A    N/A    N/A 
   52   7.535178E+03   1.565609E+00   6.165E+14   1.007E+35   3.420E-01      9.222E-01   7.507E-01   1.065E+00   2.074E+00   0.000E+00   0.000E+00   0.000E+00   0.000E+00      7.408E+08   1.000E+00   1.000E+00   00000   8.223E-01   8.223E-01  1s0   N/A    N/A    N/A 
   53   7.583173E+03   1.576191E+00   6.083E+14   9.677E+34   3.382E-01      9.174E-01   7.449E-01   1.058E+00   2.067E+00   0.000E+00   0.000E+00   0.000E+00   0.000E+00      7.524E+08   1.000E+00   1.000E+00   00000   8.242E-01   8.242E-01  1s0   N/A    N/A    N/A 
   54   7.630570E+03   1.586611E+00   6.007E+14   9.338E+34   3.345E-01      9.129E-01   7.394E-01   1.052E+00   2.060E+00   0.000E+00   0.000E+00   0.000E+00   0.000E+00      7.632E+08   1.000E+00   1.000E+00   00000   8.260E-01   8.260E-01  1s0   N/A    N/A    N/A 
   55   7.677384E+03   1.596904E+00   5.932E+14   9.003E+34   3.310E-01      9.085E-01   7.339E-01   1.046E+00   2.053E+00   0.000E+00   0.000E+00   0.000E+00   0.000E+00      7.739E+08   1.000E+00   1.000E+00   00000   8.278E-01   8.278E-01  1s0   N/A    N/A    N/A 
   56   7.723635E+03   1.607073E+00   5.857E+14   8.672E+34   3.274E-01      9.039E-01   7.282E-01   1.040E+00   2.046E+00   0.000E+00   0.000E+00   0.000E+00   0.000E+00      7.845E+08   1.000E+00   1.000E+00   00000   8.295E-01   8.295E-01  1s0   N/A    N/A    N/A 
   57   7.769338E+03   1.617121E+00   5.784E+14   8.344E+34   3.239E-01      8.993E-01   7.225E-01   1.034E+00   2.040E+00   0.000E+00   0.000E+00   0.000E+00   0.000E+00      7.949E+08   1.000E+00   1.000E+00   00000   8.313E-01   8.313E-01  1s0   N/A    N/A    N/A 
   58   7.814509E+03   1.627053E+00   5.711E+14   8.021E+34   3.203E-01      8.948E-01   7.168E-01   1.027E+00   2.033E+00   0.000E+00   0.000E+00   0.000E+00   0.000E+00      8.051E+08   1.000E+00   1.000E+00   00000   8.331E-01   8.331E-01  1s0   N/A    N/A    N/A 
   59   7.859164E+03   1.636871E+00   5.640E+14   7.701E+34   3.169E-01      8.902E-01   7.111E-01   1.021E+00   2.026E+00   0.000E+00   0.000E+00   0.000E+00   0.000E+00      8.151E+08   1.000E+00   1.000E+00   00000   8.348E-01   8.348E-01  1s0   N/A    N/A    N/A 
   60   7.903318E+03   1.646579E+00   5.569E+14   7.385E+34   3.134E-01      8.854E-01   7.051E-01   1.015E+00   2.019E+00   0.000E+00   0.000E+00   0.000E+00   0.000E+00      8.250E+08   1.000E+00   1.000E+00   00000   8.365E-01   8.365E-01  1s0   N/A    N/A    N/A 
   61   7.946984E+03   1.656179E+00   5.498E+14   7.073E+34   3.099E-01      8.807E-01   6.992E-01   1.008E+00   2.013E+00   0.000E+00   0.000E+00   0.000E+00   0.000E+00      8.347E+08   1.000E+00   1.000E+00   00000   8.383E-01   8.383E-01  1s0   N/A    N/A    N/A 
   62   7.990175E+03   1.665675E+00   5.429E+14   6.764E+34   3.065E-01      8.761E-01   6.933E-01   1.002E+00   2.006E+00   0.000E+00   0.000E+00   0.000E+00   0.000E+00      8.442E+08   1.000E+00   1.000E+00   00000   8.400E-01   8.400E-01  1s0   N/A    N/A    N/A 
   63   8.032904E+03   1.675070E+00   5.360E+14   6.458E+34   3.031E-01      8.712E-01   6.872E-01   9.952E-01   1.999E+00   0.000E+00   0.000E+00   0.000E+00   0.000E+00      8.536E+08   1.000E+00   1.000E+00   00000   8.417E-01   8.417E-01  1s0   N/A    N/A    N/A 
   64   8.075183E+03   1.684334E+00   5.293E+14   6.167E+34   2.997E-01      8.664E-01   6.811E-01   9.887E-01   1.992E+00   0.000E+00   0.000E+00   0.000E+00   0.000E+00      8.626E+08   1.000E+00   1.000E+00   00000   8.434E-01   8.434E-01  1s0   N/A    N/A    N/A 
   65   8.117024E+03   1.693339E+00   5.228E+14   5.939E+34   2.964E-01      8.618E-01   6.752E-01   9.823E-01   1.986E+00   0.000E+00   0.000E+00   0.000E+00   0.000E+00      8.712E+08   1.000E+00   1.000E+00   00000   8.450E-01   8.450E-01  1s0   N/A    N/A    N/A 
   66   8.158438E+03   1.702252E+00   5.164E+14   5.714E+34   2.932E-01      8.571E-01   6.693E-01   9.759E-01   1.979E+00   0.000E+00   0.000E+00   0.000E+00   0.000E+00      8.795E+08   1.000E+00   1.000E+00   00000   8.466E-01   8.466E-01  1s0   N/A    N/A    N/A 
   67   8.199436E+03   1.711076E+00   5.101E+14   5.491E+34   2.900E-01      8.524E-01   6.632E-01   9.694E-01   1.973E+00   0.000E+00   0.000E+00   0.000E+00   0.000E+00      8.877E+08   1.000E+00   1.000E+00   00000   8.483E-01   8.483E-01  1s0   N/A    N/A    N/A 
   68   8.240028E+03   1.719812E+00   5.038E+14   5.271E+34   2.868E-01      8.476E-01   6.571E-01   9.629E-01   1.966E+00   0.000E+00   0.000E+00   0.000E+00   0.000E+00      8.956E+08   1.000E+00   1.000E+00   00000   8.499E-01   8.499E-01  1s0   N/A    N/A    N/A 
   69   8.280223E+03   1.728463E+00   4.976E+14   5.052E+34   2.836E-01      8.429E-01   6.510E-01   9.564E-01   1.959E+00   0.000E+00   0.000E+00   0.000E+00   0.000E+00      9.033E+08   1.000E+00   1.000E+00   00000   8.515E-01   8.515E-01  1s0   N/A    N/A    N/A 
   70   8.320033E+03   1.737031E+00   4.914E+14   4.836E+34   2.805E-01      8.381E-01   6.447E-01   9.497E-01   1.953E+00   0.000E+00   0.000E+00   0.000E+00   0.000E+00      9.108E+08   1.000E+00   1.000E+00   00000   8.531E-01   8.531E-01  1s0   N/A    N/A    N/A 
   71   8.359465E+03   1.745518E+00   4.854E+14   4.621E+34   2.773E-01      8.333E-01   6.384E-01   9.431E-01   1.946E+00   0.000E+00   0.000E+00   0.000E+00   0.000E+00      9.180E+08   1.000E+00   1.000E+00   00000   8.547E-01   8.547E-01  1s0   N/A    N/A    N/A 
   72   8.398529E+03   1.753925E+00   4.793E+14   4.409E+34   2.742E-01      8.284E-01   6.322E-01   9.365E-01   1.940E+00   0.000E+00   0.000E+00   0.000E+00   0.000E+00      9.250E+08   1.000E+00   1.000E+00   00000   8.562E-01   8.562E-01  1s0   N/A    N/A    N/A 
   73   8.437232E+03   1.762255E+00   4.733E+14   4.199E+34   2.711E-01      8.236E-01   6.258E-01   9.297E-01   1.933E+00   0.000E+00   0.000E+00   0.000E+00   0.000E+00      9.317E+08   1.000E+00   1.000E+00   00000   8.578E-01   8.578E-01  1s0   N/A    N/A    N/A 
   74   8.475584E+03   1.770510E+00   4.674E+14   3.990E+34   2.680E-01      8.187E-01   6.193E-01   9.230E-01   1.926E+00   0.000E+00   0.000E+00   0.000E+00   0.000E+00      9.381E+08   1.000E+00   1.000E+00   00000   8.594E-01   8.594E-01  1s0   N/A    N/A    N/A 
   75   8.513591E+03   1.778686E+00   4.615E+14   3.784E+34   2.649E-01      8.138E-01   6.128E-01   9.162E-01   1.920E+00   0.000E+00   0.000E+00   0.000E+00   0.000E+00      9.443E+08   1.000E+00   1.000E+00   00000   8.609E-01   8.609E-01  1s0   N/A    N/A    N/A 
   76   8.551262E+03   1.786458E+00   4.554E+14   3.625E+34   2.617E-01      8.086E-01   6.059E-01   9.090E-01   1.913E+00   0.000E+00   0.000E+00   0.000E+00   0.000E+00      9.506E+08   1.000E+00   1.000E+00   00000   8.626E-01   8.626E-01  1s0   N/A    N/A    N/A 
   77   8.588605E+03   1.794161E+00   4.493E+14   3.467E+34   2.584E-01      8.033E-01   5.988E-01   9.017E-01   1.905E+00   0.000E+00   0.000E+00   0.000E+00   0.000E+00      9.565E+08   1.000E+00   1.000E+00   00000   8.643E-01   8.643E-01  1s0   N/A    N/A    N/A 
   78   8.625625E+03   1.801798E+00   4.432E+14   3.310E+34   2.552E-01      7.981E-01   5.918E-01   8.945E-01   1.898E+00   0.000E+00   0.000E+00   0.000E+00   0.000E+00      9.621E+08   1.000E+00   1.000E+00   00000   8.659E-01   8.659E-01  1s0   N/A    N/A    N/A 
   79   8.662330E+03   1.809370E+00   4.372E+14   3.155E+34   2.520E-01      7.929E-01   5.847E-01   8.872E-01   1.891E+00   0.000E+00   0.000E+00   0.000E+00   0.000E+00      9.674E+08   1.000E+00   1.000E+00   00000   8.675E-01   8.675E-01  1s0   N/A    N/A    N/A 
   80   8.698727E+03   1.816879E+00   4.312E+14   3.001E+34   2.488E-01      7.876E-01   5.775E-01   8.798E-01   1.884E+00   0.000E+00   0.000E+00   0.000E+00   0.000E+00      9.723E+08   1.000E+00   1.000E+00   00000   8.692E-01   8.692E-01  1s0   N/A    N/A    N/A 
   81   8.734822E+03   1.824325E+00   4.253E+14   2.848E+34   2.456E-01      7.823E-01   5.703E-01   8.725E-01   1.877E+00   0.000E+00   0.000E+00   0.000E+00   0.000E+00      9.768E+08   1.000E+00   1.000E+00   00000   8.708E-01   8.708E-01  1s0   N/A    N/A    N/A 
   82   8.770620E+03   1.831710E+00   4.195E+14   2.696E+34   2.425E-01      7.770E-01   5.630E-01   8.652E-01   1.869E+00   0.000E+00   0.000E+00   0.000E+00   0.000E+00      9.810E+08   1.000E+00   1.000E+00   00000   8.724E-01   8.724E-01  1s0   N/A    N/A    N/A 
   83   8.806129E+03   1.839036E+00   4.136E+14   2.546E+34   2.393E-01      7.717E-01   5.557E-01   8.578E-01   1.862E+00   0.000E+00   0.000E+00   0.000E+00   0.000E+00      9.848E+08   1.000E+00   1.000E+00   00000   8.740E-01   8.740E-01  1s0   N/A    N/A    N/A 
   84   8.841355E+03   1.846302E+00   4.079E+14   2.397E+34   2.362E-01      7.664E-01   5.483E-01   8.504E-01   1.855E+00   0.000E+00   0.000E+00   0.000E+00   0.000E+00      9.882E+08   1.000E+00   1.000E+00   00000   8.756E-01   8.756E-01  1s0   N/A    N/A    N/A 
   85   8.876301E+03   1.853512E+00   4.022E+14   2.249E+34   2.331E-01      7.611E-01   5.409E-01   8.430E-01   1.847E+00   0.000E+00   0.000E+00   0.000E+00   0.000E+00      9.912E+08   1.000E+00   1.000E+00   00000   8.772E-01   8.772E-01  1s0   N/A    N/A    N/A 
   86   8.910975E+03   1.860222E+00   3.956E+14   2.131E+34   2.295E-01      7.550E-01   5.322E-01   8.345E-01   1.838E+00   0.000E+00   0.000E+00   0.000E+00   0.000E+00      9.941E+08   1.000E+00   1.000E+00   00000   8.791E-01   8.791E-01  1s0   N/A    N/A    N/A 
   87   8.945380E+03   1.866865E+00   3.891E+14   2.015E+34   2.259E-01      7.488E-01   5.235E-01   8.259E-01   1.830E+00   0.000E+00   0.000E+00   0.000E+00   0.000E+00      9.965E+08   1.000E+00   1.000E+00   00000   8.809E-01   8.809E-01  1s0   N/A    N/A    N/A 
   88   8.979523E+03   1.873458E+00   3.826E+14   1.901E+34   2.223E-01      7.427E-01   5.147E-01   8.173E-01   1.821E+00   0.000E+00   0.000E+00   0.000E+00   0.000E+00      9.983E+08   1.000E+00   1.000E+00   00000   8.827E-01   8.827E-01  1s0   N/A    N/A    N/A 
   89   9.013409E+03   1.880000E+00   3.762E+14   1.787E+34   2.188E-01      7.366E-01   5.058E-01   8.088E-01   1.812E+00   0.000E+00   0.000E+00   0.000E+00   0.000E+00      9.994E+08   1.000E+00   1.000E+00   00000   8.846E-01   8.846E-01  1s0   N/A    N/A    N/A 
   90   9.047041E+03   1.886494E+00   3.698E+14   1.673E+34   2.153E-01      7.304E-01   4.969E-01   8.002E-01   1.803E+00   0.000E+00   0.000E+00   0.000E+00   0.000E+00      1.000E+09   3.092E+07   1.000E+00   00000   8.864E-01   8.864E-01  1s0   N/A    N/A    N/A 
   91   9.080425E+03   1.892940E+00   3.635E+14   1.561E+34   2.118E-01      7.243E-01   4.878E-01   7.916E-01   1.794E+00   0.000E+00   0.000E+00   0.000E+00   0.000E+00      9.999E+08   1.497E+08   1.000E+00   00000   8.882E-01   8.882E-01  1s0   N/A    N/A    N/A 
   92   9.113565E+03   1.899338E+00   3.572E+14   1.450E+34   2.083E-01      7.182E-01   4.787E-01   7.831E-01   1.785E+00   0.000E+00   0.000E+00   0.000E+00   0.000E+00      9.991E+08   3.161E+08   1.000E+00   00000   8.900E-01   8.900E-01  1s0   N/A    N/A    N/A 
   93   9.146467E+03   1.905691E+00   3.510E+14   1.339E+34   2.048E-01      7.121E-01   4.695E-01   7.745E-01   1.776E+00   0.000E+00   0.000E+00   0.000E+00   0.000E+00      9.976E+08   5.100E+08   1.000E+00   00000   8.918E-01   8.918E-01  1s0   N/A    N/A    N/A 
   94   9.179133E+03   1.911667E+00   3.439E+14   1.242E+34   2.008E-01      7.052E-01   4.589E-01   7.648E-01   1.765E+00   0.000E+00   0.000E+00   0.000E+00   0.000E+00      9.951E+08   7.383E+08   1.000E+00   00000   8.939E-01   8.939E-01  1s0   N/A    N/A    N/A 
   95   9.211568E+03   1.917384E+00   3.364E+14   1.154E+34   1.966E-01      6.977E-01   4.473E-01   7.543E-01   1.753E+00   0.000E+00   0.000E+00   0.000E+00   0.000E+00      9.914E+08   9.628E+08   1.000E+00   00000   8.961E-01   8.961E-01  1s0   N/A    N/A    N/A 
   96   9.243777E+03   1.923061E+00   3.289E+14   1.066E+34   1.923E-01      6.902E-01   4.356E-01   7.438E-01   1.742E+00   0.000E+00   0.000E+00   0.000E+00   0.000E+00      9.865E+08   1.153E+09   1.000E+00   00000   8.983E-01   8.983E-01  1s0   N/A    N/A    N/A 
   97   9.275763E+03   1.928698E+00   3.214E+14   9.794E+33   1.881E-01      6.828E-01   4.237E-01   7.333E-01   1.730E+00   0.000E+00   0.000E+00   0.000E+00   0.000E+00      9.805E+08   1.316E+09   1.000E+00   00000   9.005E-01   9.005E-01  1s0   N/A    N/A    N/A 
   98   9.307529E+03   1.934297E+00   3.140E+14   8.931E+33   1.839E-01      6.753E-01   4.116E-01   7.228E-01   1.718E+00   0.000E+00   0.000E+00   0.000E+00   0.000E+00      9.733E+08   1.462E+09   1.000E+00   00000   9.027E-01   9.027E-01  1s0   N/A    N/A    N/A 
   99   9.339080E+03   1.939858E+00   3.067E+14   8.074E+33   1.798E-01      6.679E-01   3.992E-01   7.124E-01   1.705E+00   0.000E+00   0.000E+00   0.000E+00   0.000E+00      9.649E+08   1.599E+09   1.000E+00   00000   9.048E-01   9.048E-01  1s0   N/A    N/A    N/A 
  100   9.370420E+03   1.945316E+00   2.991E+14   7.240E+33   1.755E-01      6.602E-01   3.862E-01   7.016E-01   1.693E+00   0.000E+00   0.000E+00   0.000E+00   0.000E+00      9.550E+08   1.735E+09   1.000E+00   00000   9.071E-01   9.071E-01  1s0   N/A    N/A    N/A 
  101   9.401551E+03   1.950204E+00   2.896E+14   6.552E+33   1.700E-01      6.503E-01   3.691E-01   6.878E-01   1.676E+00   0.000E+00   0.000E+00   0.000E+00   0.000E+00      9.404E+08   1.902E+09   1.000E+00   00000   9.099E-01   9.099E-01  1s0   N/A    N/A    N/A 
  102   9.432477E+03   1.955060E+00   2.802E+14   5.868E+33   1.646E-01      6.405E-01   3.514E-01   6.740E-01   1.659E+00   0.000E+00   0.000E+00   0.000E+00   0.000E+00      9.237E+08   2.064E+09   1.000E+00   00000   9.128E-01   9.128E-01  1s0   N/A    N/A    N/A 
  103   9.463202E+03   1.959884E+00   2.708E+14   5.189E+33   1.592E-01      6.305E-01   3.330E-01   6.601E-01   1.642E+00   0.000E+00   0.000E+00   0.000E+00   0.000E+00      9.048E+08   2.224E+09   1.000E+00   00000   9.156E-01   9.156E-01  1s0   N/A    N/A    N/A 
  104   9.493729E+03   1.964677E+00   2.615E+14   4.514E+33   1.538E-01      6.205E-01   3.135E-01   6.461E-01   1.624E+00   0.000E+00   0.000E+00   0.000E+00   0.000E+00      8.837E+08   2.381E+09   1.000E+00   00000   9.184E-01   9.184E-01  1s0   N/A    N/A    N/A 
  105   9.524060E+03   1.969206E+00   2.506E+14   3.888E+33   1.475E-01      6.085E-01   2.891E-01   6.295E-01   1.603E+00   0.000E+00   0.000E+00   0.000E+00   0.000E+00      8.560E+08   2.555E+09   1.000E+00   00000   9.217E-01   9.217E-01  1s0   N/A    N/A    N/A 
  106   9.554200E+03   1.973252E+00   2.366E+14   3.353E+33   1.394E-01      5.926E-01   2.541E-01   6.078E-01   1.574E+00   0.000E+00   0.000E+00   0.000E+00   0.000E+00      8.158E+08   2.760E+09   1.000E+00   00000   9.260E-01   9.260E-01  1s0   N/A    N/A    N/A 
  107   9.584151E+03   1.977272E+00   2.227E+14   2.822E+33   1.313E-01      5.762E-01   2.127E-01   5.857E-01   1.545E+00   0.000E+00   0.000E+00   0.000E+00   0.000E+00      7.708E+08   2.952E+09   1.000E+00   00000   9.302E-01   9.302E-01  1s0   N/A    N/A    N/A 
  108   9.613915E+03   1.981268E+00   2.088E+14   2.294E+33   1.233E-01      5.588E-01   1.606E-01   5.632E-01   1.514E+00   0.000E+00   0.000E+00   0.000E+00   0.000E+00      7.211E+08   3.137E+09   1.000E+00   00000   9.345E-01   9.345E-01  1s0   N/A    N/A    N/A 
  109   9.643497E+03   1.984591E+00   1.930E+14   1.873E+33   1.140E-01      5.372E-01   5.904E-02   5.375E-01   1.477E+00   0.000E+00   0.000E+00   0.000E+00   0.000E+00      6.582E+08   3.278E+09   1.000E+00   00000   9.394E-01   9.394E-01  1s0   N/A    N/A    N/A 
  110   9.672898E+03   1.987866E+00   1.771E+14   1.460E+33   1.047E-01      5.131E-01   2.750E-03   5.131E-01   1.437E+00   0.000E+00   0.000E+00   0.000E+00   0.000E+00      5.898E+08   3.258E+09   1.000E+00   00000   9.443E-01   9.443E-01  1s0   N/A    N/A    N/A 
  111   9.702121E+03   1.990826E+00   1.600E+14   1.091E+33   9.465E-02      4.848E-01  -0.000E+00   4.847E-01   1.390E+00   0.000E+00   0.000E+00   0.000E+00   0.000E+00      5.112E+08   3.071E+09   1.000E+00   00000   9.496E-01   9.496E-01  1s0   N/A    N/A    N/A 
  112   9.710366E+03   1.991583E+00   1.540E+14   9.989E+32   9.108E-02      4.700E-01   0.000E+00   0.000E+00   1.248E+00   0.000E+00   0.000E+00   0.000E+00   0.000E+00      1.871E+09   0.000E+00   0.000E+00   00000   9.527E-01   0.000E+00  1s0  831.3  232.0   32.0
  113   9.719675E+03   1.992437E+00   1.482E+14   8.945E+32   8.765E-02      4.563E-01   0.000E+00   0.000E+00   1.240E+00   0.000E+00   0.000E+00   0.000E+00   0.000E+00      1.980E+09   0.000E+00   0.000E+00   00000   9.536E-01   0.000E+00  1s0  873.8  232.0   32.0
  114   9.728984E+03   1.993291E+00   1.426E+14   7.901E+32   8.434E-02      4.437E-01   0.000E+00   0.000E+00   1.231E+00   0.000E+00   0.000E+00   0.000E+00   0.000E+00      2.108E+09   0.000E+00   0.000E+00   00000   9.546E-01   0.000E+00  1s0  914.7  232.0   32.0
  115   9.737832E+03   1.994096E+00   1.372E+14   6.919E+32   8.116E-02      4.320E-01   0.000E+00   0.000E+00   1.221E+00   0.000E+00   0.000E+00   0.000E+00   0.000E+00      2.251E+09   0.000E+00   0.000E+00   00000   9.557E-01   0.000E+00  1s0  954.1  232.0   32.0
  116   9.742030E+03   1.994398E+00   1.320E+14   6.558E+32   7.810E-02      4.205E-01   0.000E+00   0.000E+00   1.210E+00   0.000E+00   0.000E+00   0.000E+00   0.000E+00      2.399E+09   0.000E+00   0.000E+00   00000   9.569E-01   0.000E+00  1s0  995.2  232.0   32.0
  117   9.746228E+03   1.994699E+00   1.271E+14   6.198E+32   7.517E-02      4.087E-01   0.000E+00   0.000E+00   1.201E+00   0.000E+00   0.000E+00   0.000E+00   0.000E+00      2.541E+09   0.000E+00   0.000E+00   00000   9.579E-01   0.000E+00  1s0 1043.5  232.0   32.0
  118   9.750426E+03   1.995001E+00   1.223E+14   5.838E+32   7.235E-02      3.977E-01   0.000E+00   0.000E+00   1.190E+00   0.000E+00   0.000E+00   0.000E+00   0.000E+00      2.690E+09   0.000E+00   0.000E+00   00000   9.591E-01   0.000E+00  1s0 1090.1  232.0   32.0
  119   9.754624E+03   1.995303E+00   1.177E+14   5.477E+32   6.963E-02      3.874E-01   0.000E+00   0.000E+00   1.179E+00   0.000E+00   0.000E+00   0.000E+00   0.000E+00      2.842E+09   0.000E+00   0.000E+00   00000   9.603E-01   0.000E+00  1s0 1134.9  232.0   32.0
  120   9.758822E+03   1.995604E+00   1.132E+14   5.117E+32   6.702E-02      3.778E-01   0.000E+00   0.000E+00   1.168E+00   0.000E+00   0.000E+00   0.000E+00   0.000E+00      2.993E+09   0.000E+00   0.000E+00   00000   9.615E-01   0.000E+00  1s0 1178.0  232.0   32.0
  121   9.763020E+03   1.995906E+00   1.090E+14   4.757E+32   6.451E-02      3.687E-01   0.000E+00   0.000E+00   1.156E+00   0.000E+00   0.000E+00   0.000E+00   0.000E+00      3.139E+09   0.000E+00   0.000E+00   00000   9.628E-01   0.000E+00  1s0 1219.4  232.0   32.0
  122   9.767218E+03   1.996208E+00   1.049E+14   4.396E+32   6.209E-02      3.601E-01   0.000E+00   0.000E+00   1.145E+00   0.000E+00   0.000E+00   0.000E+00   0.000E+00      3.280E+09   0.000E+00   0.000E+00   00000   9.641E-01   0.000E+00  1s0 1259.3  232.0   32.0
  123   9.771416E+03   1.996509E+00   1.009E+14   4.036E+32   5.976E-02      3.520E-01   0.000E+00   0.000E+00   1.133E+00   0.000E+00   0.000E+00   0.000E+00   0.000E+00      3.416E+09   0.000E+00   0.000E+00   00000   9.654E-01   0.000E+00  1s0 1297.8  232.0   32.0
  124   9.774753E+03   1.996700E+00   9.711E+13   3.811E+32   5.752E-02      3.443E-01   0.000E+00   0.000E+00   1.121E+00   0.000E+00   0.000E+00   0.000E+00   0.000E+00      3.547E+09   0.000E+00   0.000E+00   00000   9.667E-01   0.000E+00  1s0 1334.7  232.0   32.0
  125   9.777853E+03   1.996860E+00   9.345E+13   3.623E+32   5.536E-02      3.370E-01   0.000E+00   0.000E+00   1.108E+00   0.000E+00   0.000E+00   0.000E+00   0.000E+00      3.674E+09   0.000E+00   0.000E+00   00000   9.681E-01   0.000E+00  1s0 1370.3  232.0   32.0
  126   9.780952E+03   1.997020E+00   8.993E+13   3.435E+32   5.329E-02      3.300E-01   0.000E+00   0.000E+00   1.096E+00   0.000E+00   0.000E+00   0.000E+00   0.000E+00      3.796E+09   0.000E+00   0.000E+00   00000   9.694E-01   0.000E+00  1s0 1404.5  232.0   32.0
  127   9.784052E+03   1.997180E+00   8.655E+13   3.247E+32   5.129E-02      3.234E-01   0.000E+00   0.000E+00   1.084E+00   0.000E+00   0.000E+00   0.000E+00   0.000E+00      3.915E+09   0.000E+00   0.000E+00   00000   9.708E-01   0.000E+00  1s0 1437.4  232.0   32.0
  128   9.787152E+03   1.997341E+00   8.328E+13   3.059E+32   4.937E-02      3.169E-01   0.000E+00   0.000E+00   1.072E+00   0.000E+00   0.000E+00   0.000E+00   0.000E+00      4.029E+09   0.000E+00   0.000E+00   00000   9.721E-01   0.000E+00  1s0 1469.1  232.0   32.0
  129   9.790251E+03   1.997501E+00   8.015E+13   2.871E+32   4.752E-02      3.108E-01   0.000E+00   0.000E+00   1.060E+00   0.000E+00   0.000E+00   0.000E+00   0.000E+00      4.139E+09   0.000E+00   0.000E+00   00000   9.735E-01   0.000E+00  1s0 1499.6  232.0   32.0
  130   9.793351E+03   1.997661E+00   7.713E+13   2.683E+32   4.573E-02      3.291E-01   0.000E+00   0.000E+00   1.060E+00   0.000E+00   0.000E+00   0.000E+00   0.000E+00      4.135E+09   0.000E+00   0.000E+00   00000   9.734E-01   0.000E+00  1s0 1519.5  183.0   40.0
  131   9.796450E+03   1.997821E+00   7.422E+13   2.495E+32   4.401E-02      3.236E-01   0.000E+00   0.000E+00   1.047E+00   0.000E+00   0.000E+00   0.000E+00   0.000E+00      4.247E+09   0.000E+00   0.000E+00   00000   9.748E-01   0.000E+00  1s0 1538.6  183.0   40.0
  132   9.799550E+03   1.997981E+00   7.142E+13   2.307E+32   4.236E-02      3.182E-01   0.000E+00   0.000E+00   1.034E+00   0.000E+00   0.000E+00   0.000E+00   0.000E+00      4.353E+09   0.000E+00   0.000E+00   00000   9.762E-01   0.000E+00  1s0 1556.9  183.0   40.0
  133   9.802100E+03   1.998081E+00   6.873E+13   2.191E+32   4.077E-02      3.130E-01   0.000E+00   0.000E+00   1.022E+00   0.000E+00   0.000E+00   0.000E+00   0.000E+00      4.453E+09   0.000E+00   0.000E+00   00000   9.776E-01   0.000E+00  1s0 1574.5  183.0   40.0
  134   9.804559E+03   1.998171E+00   6.614E+13   2.087E+32   3.923E-02      3.079E-01   0.000E+00   0.000E+00   1.009E+00   0.000E+00   0.000E+00   0.000E+00   0.000E+00      4.548E+09   0.000E+00   0.000E+00   00000   9.790E-01   0.000E+00  1s0 1591.5  183.0   40.0
  135   9.807018E+03   1.998261E+00   6.365E+13   1.983E+32   3.776E-02      3.030E-01   0.000E+00   0.000E+00   9.969E-01   0.000E+00   0.000E+00   0.000E+00   0.000E+00      4.637E+09   0.000E+00   0.000E+00   00000   9.803E-01   0.000E+00  1s0 1607.8  183.0   40.0
  136   9.809477E+03   1.998350E+00   6.125E+13   1.879E+32   3.634E-02      2.982E-01   0.000E+00   0.000E+00   9.847E-01   0.000E+00   0.000E+00   0.000E+00   0.000E+00      4.720E+09   0.000E+00   0.000E+00   00000   9.817E-01   0.000E+00  1s0 1623.5  183.0   40.0
  137   9.811935E+03   1.998440E+00   5.894E+13   1.775E+32   3.497E-02      2.935E-01   0.000E+00   0.000E+00   9.725E-01   0.000E+00   0.000E+00   0.000E+00   0.000E+00      4.798E+09   0.000E+00   0.000E+00   00000   9.830E-01   0.000E+00  1s0 1638.7  183.0   40.0
  138   9.814394E+03   1.998530E+00   5.672E+13   1.671E+32   3.366E-02      2.889E-01   0.000E+00   0.000E+00   9.606E-01   0.000E+00   0.000E+00   0.000E+00   0.000E+00      4.869E+09   0.000E+00   0.000E+00   00000   9.843E-01   0.000E+00  1s0 1653.2  183.0   40.0
  139   9.816853E+03   1.998620E+00   5.459E+13   1.567E+32   3.239E-02      2.844E-01   0.000E+00   0.000E+00   9.487E-01   0.000E+00   0.000E+00   0.000E+00   0.000E+00      4.934E+09   0.000E+00   0.000E+00   00000   9.856E-01   0.000E+00  1s0 1667.2  183.0   40.0
  140   9.819312E+03   1.998710E+00   5.253E+13   1.463E+32   3.118E-02      2.801E-01   0.000E+00   0.000E+00   9.370E-01   0.000E+00   0.000E+00   0.000E+00   0.000E+00      4.994E+09   0.000E+00   0.000E+00   00000   9.869E-01   0.000E+00  1s0 1680.7  183.0   40.0
  141   9.821770E+03   1.998800E+00   5.055E+13   1.359E+32   3.001E-02      2.758E-01   0.000E+00   0.000E+00   9.254E-01   0.000E+00   0.000E+00   0.000E+00   0.000E+00      5.047E+09   0.000E+00   0.000E+00   00000   9.882E-01   0.000E+00  1s0 1693.7  183.0   40.0
  142   9.823968E+03   1.998866E+00   4.865E+13   1.282E+32   2.888E-02      2.717E-01   0.000E+00   0.000E+00   9.139E-01   0.000E+00   0.000E+00   0.000E+00   0.000E+00      5.094E+09   0.000E+00   0.000E+00   00000   9.895E-01   0.000E+00  1s0 1706.1  183.0   40.0
  143   9.826012E+03   1.998919E+00   4.681E+13   1.222E+32   2.779E-02      2.676E-01   0.000E+00   0.000E+00   9.026E-01   0.000E+00   0.000E+00   0.000E+00   0.000E+00      5.134E+09   0.000E+00   0.000E+00   00000   9.907E-01   0.000E+00  1s0 1718.2  183.0   40.0
  144   9.828056E+03   1.998972E+00   4.505E+13   1.162E+32   2.675E-02      2.636E-01   0.000E+00   0.000E+00   8.914E-01   0.000E+00   0.000E+00   0.000E+00   0.000E+00      5.169E+09   0.000E+00   0.000E+00   00000   9.919E-01   0.000E+00  1s0 1729.7  183.0   40.0
  145   9.830100E+03   1.999024E+00   4.335E+13   1.102E+32   2.575E-02      2.597E-01   0.000E+00   0.000E+00   8.803E-01   0.000E+00   0.000E+00   0.000E+00   0.000E+00      5.197E+09   0.000E+00   0.000E+00   00000   9.932E-01   0.000E+00  1s0 1740.8  183.0   40.0
  146   9.832143E+03   1.999077E+00   4.172E+13   1.041E+32   2.478E-02      2.559E-01   0.000E+00   0.000E+00   8.693E-01   0.000E+00   0.000E+00   0.000E+00   0.000E+00      5.219E+09   0.000E+00   0.000E+00   00000   9.944E-01   0.000E+00  1s0 1751.5  183.0   40.0
  147   9.834187E+03   1.999129E+00   4.015E+13   9.811E+31   2.385E-02      2.521E-01   0.000E+00   0.000E+00   8.585E-01   0.000E+00   0.000E+00   0.000E+00   0.000E+00      5.235E+09   0.000E+00   0.000E+00   00000   9.956E-01   0.000E+00  1s0 1761.8  183.0   40.0
  148   9.836231E+03   1.999182E+00   3.863E+13   9.209E+31   2.295E-02      2.485E-01   0.000E+00   0.000E+00   8.478E-01   0.000E+00   0.000E+00   0.000E+00   0.000E+00      5.244E+09   0.000E+00   0.000E+00   00000   9.967E-01   0.000E+00  1s0 1771.7  183.0   40.0
  149   9.838275E+03   1.999235E+00   3.718E+13   8.606E+31   2.209E-02      2.449E-01   0.000E+00   0.000E+00   8.372E-01   0.000E+00   0.000E+00   0.000E+00   0.000E+00      5.248E+09   0.000E+00   0.000E+00   00000   9.979E-01   0.000E+00  1s0 1781.3  183.0   40.0
  150   9.840319E+03   1.999287E+00   3.578E+13   8.004E+31   2.126E-02      2.414E-01   0.000E+00   0.000E+00   8.268E-01   0.000E+00   0.000E+00   0.000E+00   0.000E+00      5.245E+09   0.000E+00   0.000E+00   00000   9.991E-01   0.000E+00  1s0 1790.5  183.0   40.0
  151   9.842221E+03   1.999331E+00   3.443E+13   7.502E+31   2.046E-02      2.379E-01   0.000E+00   0.000E+00   8.165E-01   0.000E+00   0.000E+00   0.000E+00   0.000E+00      5.236E+09   0.000E+00   0.000E+00   00000   1.000E+00   0.000E+00  1s0 1799.3  183.0   40.0
  152   9.843901E+03   1.999362E+00   3.313E+13   7.158E+31   1.969E-02      2.543E-01   0.000E+00   0.000E+00   8.040E-01   0.000E+00   0.000E+00   0.000E+00   0.000E+00      5.217E+09   0.000E+00   0.000E+00   00000   1.000E+00   0.000E+00  1s0 1772.4  193.0   50.0
  153   9.845582E+03   1.999392E+00   3.188E+13   6.814E+31   1.895E-02      2.525E-01   0.000E+00   0.000E+00   7.932E-01   0.000E+00   0.000E+00   0.000E+00   0.000E+00      5.193E+09   0.000E+00   0.000E+00   00000   1.000E+00   0.000E+00  1s0 1743.4  193.0   50.0
  154   9.847262E+03   1.999423E+00   3.068E+13   6.469E+31   1.824E-02      2.506E-01   0.000E+00   0.000E+00   7.826E-01   0.000E+00   0.000E+00   0.000E+00   0.000E+00      5.162E+09   0.000E+00   0.000E+00   00000   1.000E+00   0.000E+00  1s0 1715.4  193.0   50.0
  155   9.848942E+03   1.999453E+00   2.953E+13   6.125E+31   1.755E-02      2.487E-01   0.000E+00   0.000E+00   7.722E-01   0.000E+00   0.000E+00   0.000E+00   0.000E+00      5.126E+09   0.000E+00   0.000E+00   00000   1.000E+00   0.000E+00  1s0 1688.6  193.0   50.0
  156   9.850623E+03   1.999483E+00   2.841E+13   5.780E+31   1.689E-02      2.469E-01   0.000E+00   0.000E+00   7.618E-01   0.000E+00   0.000E+00   0.000E+00   0.000E+00      5.085E+09   0.000E+00   0.000E+00   00000   1.000E+00   0.000E+00  1s0 1662.7  193.0   50.0
  157   9.852303E+03   1.999514E+00   2.734E+13   5.436E+31   1.626E-02      2.449E-01   0.000E+00   0.000E+00   7.517E-01   0.000E+00   0.000E+00   0.000E+00   0.000E+00      5.039E+09   0.000E+00   0.000E+00   00000   1.000E+00   0.000E+00  1s0 1637.8  193.0   50.0
  158   9.853984E+03   1.999544E+00   2.631E+13   5.091E+31   1.565E-02      2.430E-01   0.000E+00   0.000E+00   7.416E-01   0.000E+00   0.000E+00   0.000E+00   0.000E+00      4.990E+09   0.000E+00   0.000E+00   00000   1.000E+00   0.000E+00  1s0 1613.9  193.0   50.0
  159   9.855664E+03   1.999575E+00   2.532E+13   4.747E+31   1.506E-02      2.411E-01   0.000E+00   0.000E+00   7.317E-01   0.000E+00   0.000E+00   0.000E+00   0.000E+00      4.938E+09   0.000E+00   0.000E+00   00000   1.000E+00   0.000E+00  1s0 1590.8  193.0   50.0
  160   9.857329E+03   1.999604E+00   2.437E+13   4.410E+31   1.449E-02      2.392E-01   0.000E+00   0.000E+00   7.220E-01   0.000E+00   0.000E+00   0.000E+00   0.000E+00      4.882E+09   0.000E+00   0.000E+00   00000   1.000E+00   0.000E+00  1s0 1568.7  193.0   50.0
  161   9.858728E+03   1.999622E+00   2.345E+13   4.211E+31   1.395E-02      2.372E-01   0.000E+00   0.000E+00   7.124E-01   0.000E+00   0.000E+00   0.000E+00   0.000E+00      4.825E+09   0.000E+00   0.000E+00   00000   1.000E+00   0.000E+00  1s0 1547.3  193.0   50.0
  162   9.860128E+03   1.999640E+00   2.257E+13   4.012E+31   1.342E-02      2.352E-01   0.000E+00   0.000E+00   7.029E-01   0.000E+00   0.000E+00   0.000E+00   0.000E+00      4.765E+09   0.000E+00   0.000E+00   00000   1.000E+00   0.000E+00  1s0 1526.8  193.0   50.0
  163   9.861527E+03   1.999657E+00   2.172E+13   3.813E+31   1.292E-02      2.333E-01   0.000E+00   0.000E+00   6.935E-01   0.000E+00   0.000E+00   0.000E+00   0.000E+00      4.705E+09   0.000E+00   0.000E+00   00000   1.000E+00   0.000E+00  1s0 1507.0  193.0   50.0
  164   9.862926E+03   1.999675E+00   2.090E+13   3.613E+31   1.243E-02      2.313E-01   0.000E+00   0.000E+00   6.843E-01   0.000E+00   0.000E+00   0.000E+00   0.000E+00      4.643E+09   0.000E+00   0.000E+00   00000   1.000E+00   0.000E+00  1s0 1488.0  193.0   50.0
  165   9.864325E+03   1.999693E+00   2.011E+13   3.414E+31   1.197E-02      2.293E-01   0.000E+00   0.000E+00   6.752E-01   0.000E+00   0.000E+00   0.000E+00   0.000E+00      4.580E+09   0.000E+00   0.000E+00   00000   1.000E+00   0.000E+00  1s0 1469.7  193.0   50.0
  166   9.865724E+03   1.999711E+00   1.935E+13   3.215E+31   1.152E-02      2.273E-01   0.000E+00   0.000E+00   6.662E-01   0.000E+00   0.000E+00   0.000E+00   0.000E+00      4.516E+09   0.000E+00   0.000E+00   00000   1.000E+00   0.000E+00  1s0 1452.1  193.0   50.0
  167   9.867123E+03   1.999728E+00   1.862E+13   3.016E+31   1.108E-02      2.253E-01   0.000E+00   0.000E+00   6.573E-01   0.000E+00   0.000E+00   0.000E+00   0.000E+00      4.453E+09   0.000E+00   0.000E+00   00000   1.000E+00   0.000E+00  1s0 1435.1  193.0   50.0
  168   9.868522E+03   1.999746E+00   1.792E+13   2.816E+31   1.067E-02      2.233E-01   0.000E+00   0.000E+00   6.486E-01   0.000E+00   0.000E+00   0.000E+00   0.000E+00      4.389E+09   0.000E+00   0.000E+00   00000   1.000E+00   0.000E+00  1s0 1418.8  193.0   50.0
  169   9.869922E+03   1.999764E+00   1.725E+13   2.617E+31   1.027E-02      2.213E-01   0.000E+00   0.000E+00   6.400E-01   0.000E+00   0.000E+00   0.000E+00   0.000E+00      4.325E+09   0.000E+00   0.000E+00   00000   1.000E+00   0.000E+00  1s0 1403.1  193.0   50.0
  170   9.871138E+03   1.999776E+00   1.660E+13   2.479E+31   9.881E-03      2.192E-01   0.000E+00   0.000E+00   6.315E-01   0.000E+00   0.000E+00   0.000E+00   0.000E+00      4.261E+09   0.000E+00   0.000E+00   00000   1.000E+00   0.000E+00  1s0 1388.0  193.0   50.0
  171   9.872278E+03   1.999786E+00   1.597E+13   2.366E+31   9.510E-03      2.172E-01   0.000E+00   0.000E+00   6.232E-01   0.000E+00   0.000E+00   0.000E+00   0.000E+00      4.198E+09   0.000E+00   0.000E+00   00000   1.000E+00   0.000E+00  1s0 1373.5  193.0   50.0
  172   9.873419E+03   1.999796E+00   1.537E+13   2.254E+31   9.153E-03      2.152E-01   0.000E+00   0.000E+00   6.149E-01   0.000E+00   0.000E+00   0.000E+00   0.000E+00      4.136E+09   0.000E+00   0.000E+00   00000   1.000E+00   0.000E+00  1s0 1359.5  193.0   50.0
  173   9.874559E+03   1.999806E+00   1.479E+13   2.141E+31   8.809E-03      2.134E-01   0.000E+00   0.000E+00   6.118E-01   0.000E+00   0.000E+00   0.000E+00   0.000E+00      4.111E+09   0.000E+00   0.000E+00   00000   1.000E+00   0.000E+00  1s0 1341.9  164.0   50.0
  174   9.875700E+03   1.999817E+00   1.423E+13   2.028E+31   8.477E-03      2.121E-01   0.000E+00   0.000E+00   6.034E-01   0.000E+00   0.000E+00   0.000E+00   0.000E+00      4.048E+09   0.000E+00   0.000E+00   00000   1.000E+00   0.000E+00  1s0 1315.5  164.0   50.0
  175   9.876840E+03   1.999827E+00   1.370E+13   1.916E+31   8.158E-03      2.108E-01   0.000E+00   0.000E+00   5.952E-01   0.000E+00   0.000E+00   0.000E+00   0.000E+00      3.985E+09   0.000E+00   0.000E+00   00000   1.000E+00   0.000E+00  1s0 1290.1  164.0   50.0
  176   9.877981E+03   1.999837E+00   1.318E+13   1.803E+31   7.851E-03      2.094E-01   0.000E+00   0.000E+00   5.871E-01   0.000E+00   0.000E+00   0.000E+00   0.000E+00      3.923E+09   0.000E+00   0.000E+00   00000   1.000E+00   0.000E+00  1s0 1265.7  164.0   50.0
  177   9.879122E+03   1.999847E+00   1.268E+13   1.690E+31   7.555E-03      2.080E-01   0.000E+00   0.000E+00   5.791E-01   0.000E+00   0.000E+00   0.000E+00   0.000E+00      3.862E+09   0.000E+00   0.000E+00   00000   1.000E+00   0.000E+00  1s0 1242.1  164.0   50.0
  178   9.880262E+03   1.999857E+00   1.221E+13   1.577E+31   7.271E-03      2.067E-01   0.000E+00   0.000E+00   5.712E-01   0.000E+00   0.000E+00   0.000E+00   0.000E+00      3.802E+09   0.000E+00   0.000E+00   00000   1.000E+00   0.000E+00  1s0 1219.5  164.0   50.0
  179   9.881365E+03   1.999866E+00   1.175E+13   1.473E+31   6.997E-03      2.053E-01   0.000E+00   0.000E+00   5.634E-01   0.000E+00   0.000E+00   0.000E+00   0.000E+00      3.742E+09   0.000E+00   0.000E+00   00000   1.000E+00   0.000E+00  1s0 1197.7  164.0   50.0
  180   9.882274E+03   1.999872E+00   1.130E+13   1.411E+31   6.733E-03      2.039E-01   0.000E+00   0.000E+00   5.557E-01   0.000E+00   0.000E+00   0.000E+00   0.000E+00      3.682E+09   0.000E+00   0.000E+00   00000   1.000E+00   0.000E+00  1s0 1176.7  164.0   50.0
  181   9.883182E+03   1.999877E+00   1.088E+13   1.350E+31   6.480E-03      2.024E-01   0.000E+00   0.000E+00   5.481E-01   0.000E+00   0.000E+00   0.000E+00   0.000E+00      3.623E+09   0.000E+00   0.000E+00   00000   1.000E+00   0.000E+00  1s0 1156.5  164.0   50.0
  182   9.884091E+03   1.999883E+00   1.047E+13   1.288E+31   6.236E-03      2.010E-01   0.000E+00   0.000E+00   5.406E-01   0.000E+00   0.000E+00   0.000E+00   0.000E+00      3.564E+09   0.000E+00   0.000E+00   00000   1.000E+00   0.000E+00  1s0 1137.1  164.0   50.0
  183   9.884999E+03   1.999889E+00   1.007E+13   1.227E+31   6.001E-03      1.995E-01   0.000E+00   0.000E+00   5.332E-01   0.000E+00   0.000E+00   0.000E+00   0.000E+00      3.505E+09   0.000E+00   0.000E+00   00000   1.000E+00   0.000E+00  1s0 1118.4  164.0   50.0
  184   9.885907E+03   1.999894E+00   9.694E+12   1.165E+31   5.775E-03      1.981E-01   0.000E+00   0.000E+00   5.260E-01   0.000E+00   0.000E+00   0.000E+00   0.000E+00      3.447E+09   0.000E+00   0.000E+00   00000   1.000E+00   0.000E+00  1s0 1100.4  164.0   50.0
  185   9.886816E+03   1.999900E+00   9.328E+12   1.103E+31   5.558E-03      1.965E-01   0.000E+00   0.000E+00   5.194E-01   0.000E+00   0.000E+00   0.000E+00   0.000E+00      3.393E+09   0.000E+00   0.000E+00   00000   1.000E+00   0.000E+00  1s0 1084.4  161.0   50.0
  186   9.887724E+03   1.999905E+00   8.977E+12   1.042E+31   5.349E-03      1.949E-01   0.000E+00   0.000E+00   5.124E-01   0.000E+00   0.000E+00   0.000E+00   0.000E+00      3.335E+09   0.000E+00   0.000E+00   00000   1.000E+00   0.000E+00  1s0 1069.0  161.0   50.0
  187   9.888632E+03   1.999911E+00   8.639E+12   9.801E+30   5.147E-03      1.934E-01   0.000E+00   0.000E+00   5.054E-01   0.000E+00   0.000E+00   0.000E+00   0.000E+00      3.277E+09   0.000E+00   0.000E+00   00000   1.000E+00   0.000E+00  1s0 1054.2  161.0   50.0
  188   9.889541E+03   1.999916E+00   8.313E+12   9.185E+30   4.954E-03      1.918E-01   0.000E+00   0.000E+00   4.986E-01   0.000E+00   0.000E+00   0.000E+00   0.000E+00      3.219E+09   0.000E+00   0.000E+00   00000   1.000E+00   0.000E+00  1s0 1040.0  161.0   50.0
  189   9.890427E+03   1.999922E+00   8.000E+12   8.599E+30   4.767E-03      1.902E-01   0.000E+00   0.000E+00   4.919E-01   0.000E+00   0.000E+00   0.000E+00   0.000E+00      3.161E+09   0.000E+00   0.000E+00   00000   1.000E+00   0.000E+00  1s0 1026.3  161.0   50.0
  190   9.891104E+03   1.999924E+00   7.699E+12   8.294E+30   4.588E-03      1.886E-01   0.000E+00   0.000E+00   4.852E-01   0.000E+00   0.000E+00   0.000E+00   0.000E+00      3.102E+09   0.000E+00   0.000E+00   00000   1.000E+00   0.000E+00  1s0 1013.1  161.0   50.0
  191   9.891782E+03   1.999927E+00   7.408E+12   7.989E+30   4.415E-03      1.870E-01   0.000E+00   0.000E+00   4.787E-01   0.000E+00   0.000E+00   0.000E+00   0.000E+00      3.044E+09   0.000E+00   0.000E+00   00000   1.000E+00   0.000E+00  1s0 1000.4  161.0   50.0
  192   9.892459E+03   1.999930E+00   7.129E+12   7.684E+30   4.249E-03      1.853E-01   0.000E+00   0.000E+00   4.722E-01   0.000E+00   0.000E+00   0.000E+00   0.000E+00      2.986E+09   0.000E+00   0.000E+00   00000   1.000E+00   0.000E+00  1s0  988.2  161.0   50.0
  193   9.893136E+03   1.999933E+00   6.861E+12   7.379E+30   4.089E-03      1.837E-01   0.000E+00   0.000E+00   4.659E-01   0.000E+00   0.000E+00   0.000E+00   0.000E+00      2.928E+09   0.000E+00   0.000E+00   00000   1.000E+00   0.000E+00  1s0  976.4  161.0   50.0
  194   9.893813E+03   1.999935E+00   6.602E+12   7.074E+30   3.935E-03      1.821E-01   0.000E+00   0.000E+00   4.596E-01   0.000E+00   0.000E+00   0.000E+00   0.000E+00      2.871E+09   0.000E+00   0.000E+00   00000   1.000E+00   0.000E+00  1s0  965.1  161.0   50.0
  195   9.894491E+03   1.999938E+00   6.353E+12   6.769E+30   3.787E-03      1.805E-01   0.000E+00   0.000E+00   4.534E-01   0.000E+00   0.000E+00   0.000E+00   0.000E+00      2.813E+09   0.000E+00   0.000E+00   00000   1.000E+00   0.000E+00  1s0  954.2  161.0   50.0
  196   9.895168E+03   1.999941E+00   6.114E+12   6.464E+30   3.645E-03      1.796E-01   0.000E+00   0.000E+00   4.473E-01   0.000E+00   0.000E+00   0.000E+00   0.000E+00      2.757E+09   0.000E+00   0.000E+00   00000   1.000E+00   0.000E+00  1s0  932.1  159.0   50.0
  197   9.895845E+03   1.999944E+00   5.884E+12   6.159E+30   3.508E-03      1.791E-01   0.000E+00   0.000E+00   4.407E-01   0.000E+00   0.000E+00   0.000E+00   0.000E+00      2.694E+09   0.000E+00   0.000E+00   00000   1.000E+00   0.000E+00  1s0  903.2  159.0   50.0
  198   9.896522E+03   1.999946E+00   5.662E+12   5.854E+30   3.376E-03      1.787E-01   0.000E+00   0.000E+00   4.341E-01   0.000E+00   0.000E+00   0.000E+00   0.000E+00      2.632E+09   0.000E+00   0.000E+00   00000   1.000E+00   0.000E+00  1s0  875.5  159.0   50.0
  199   9.897200E+03   1.999949E+00   5.449E+12   5.549E+30   3.248E-03      1.783E-01   0.000E+00   0.000E+00   4.276E-01   0.000E+00   0.000E+00   0.000E+00   0.000E+00      2.571E+09   0.000E+00   0.000E+00   00000   1.000E+00   0.000E+00  1s0  848.7  159.0   50.0
  200   9.897877E+03   1.999952E+00   5.243E+12   5.244E+30   3.126E-03      1.778E-01   0.000E+00   0.000E+00   4.211E-01   0.000E+00   0.000E+00   0.000E+00   0.000E+00      2.509E+09   0.000E+00   0.000E+00   00000   1.000E+00   0.000E+00  1s0  823.0  159.0   50.0
  201   9.898496E+03   1.999954E+00   5.046E+12   5.013E+30   3.008E-03      1.774E-01   0.000E+00   0.000E+00   4.147E-01   0.000E+00   0.000E+00   0.000E+00   0.000E+00      2.448E+09   0.000E+00   0.000E+00   00000   1.000E+00   0.000E+00  1s0  798.3  159.0   50.0
  202   9.899055E+03   1.999955E+00   4.856E+12   4.860E+30   2.895E-03      1.769E-01   0.000E+00   0.000E+00   4.084E-01   0.000E+00   0.000E+00   0.000E+00   0.000E+00      2.388E+09   0.000E+00   0.000E+00   00000   1.000E+00   0.000E+00  1s0  774.4  159.0   50.0
  203   9.899613E+03   1.999957E+00   4.673E+12   4.706E+30   2.786E-03      1.764E-01   0.000E+00   0.000E+00   4.022E-01   0.000E+00   0.000E+00   0.000E+00   0.000E+00      2.328E+09   0.000E+00   0.000E+00   00000   1.000E+00   0.000E+00  1s0  751.5  159.0   50.0
  204   9.900172E+03   1.999958E+00   4.497E+12   4.552E+30   2.681E-03      1.759E-01   0.000E+00   0.000E+00   3.960E-01   0.000E+00   0.000E+00   0.000E+00   0.000E+00      2.269E+09   0.000E+00   0.000E+00   00000   1.000E+00   0.000E+00  1s0  729.5  159.0   50.0
  205   9.900731E+03   1.999960E+00   4.327E+12   4.398E+30   2.580E-03      1.754E-01   0.000E+00   0.000E+00   3.898E-01   0.000E+00   0.000E+00   0.000E+00   0.000E+00      2.211E+09   0.000E+00   0.000E+00   00000   1.000E+00   0.000E+00  1s0  708.2  159.0   50.0
  206   9.901290E+03   1.999961E+00   4.164E+12   4.244E+30   2.483E-03      1.748E-01   0.000E+00   0.000E+00   3.838E-01   0.000E+00   0.000E+00   0.000E+00   0.000E+00      2.153E+09   0.000E+00   0.000E+00   00000   1.000E+00   0.000E+00  1s0  687.8  159.0   50.0
  207   9.901848E+03   1.999962E+00   4.007E+12   4.090E+30   2.390E-03      1.743E-01   0.000E+00   0.000E+00   3.778E-01   0.000E+00   0.000E+00   0.000E+00   0.000E+00      2.096E+09   0.000E+00   0.000E+00   00000   1.000E+00   0.000E+00  1s0  668.2  159.0   50.0
  208   9.902407E+03   1.999964E+00   3.856E+12   3.936E+30   2.300E-03      1.737E-01   0.000E+00   0.000E+00   3.719E-01   0.000E+00   0.000E+00   0.000E+00   0.000E+00      2.039E+09   0.000E+00   0.000E+00   00000   1.000E+00   0.000E+00  1s0  649.2  159.0   50.0
  209   9.902966E+03   1.999965E+00   3.711E+12   3.782E+30   2.213E-03      1.732E-01   0.000E+00   0.000E+00   3.660E-01   0.000E+00   0.000E+00   0.000E+00   0.000E+00      1.984E+09   0.000E+00   0.000E+00   00000   1.000E+00   0.000E+00  1s0  631.0  159.0   50.0
  210   9.903525E+03   1.999967E+00   3.571E+12   3.628E+30   2.130E-03      1.726E-01   0.000E+00   0.000E+00   3.602E-01   0.000E+00   0.000E+00   0.000E+00   0.000E+00      1.929E+09   0.000E+00   0.000E+00   00000   1.000E+00   0.000E+00  1s0  613.5  159.0   50.0
  211   9.904084E+03   1.999968E+00   3.437E+12   3.474E+30   2.050E-03      1.720E-01   0.000E+00   0.000E+00   3.544E-01   0.000E+00   0.000E+00   0.000E+00   0.000E+00      1.875E+09   0.000E+00   0.000E+00   00000   1.000E+00   0.000E+00  1s0  596.7  159.0   50.0
  212   9.904642E+03   1.999969E+00   3.307E+12   3.320E+30   1.973E-03      1.714E-01   0.000E+00   0.000E+00   3.487E-01   0.000E+00   0.000E+00   0.000E+00   0.000E+00      1.822E+09   0.000E+00   0.000E+00   00000   1.000E+00   0.000E+00  1s0  580.4  159.0   50.0
  213   9.905201E+03   1.999971E+00   3.183E+12   3.166E+30   1.898E-03      1.707E-01   0.000E+00   0.000E+00   3.431E-01   0.000E+00   0.000E+00   0.000E+00   0.000E+00      1.769E+09   0.000E+00   0.000E+00   00000   1.000E+00   0.000E+00  1s0  564.8  159.0   50.0
  214   9.905717E+03   1.999972E+00   3.063E+12   3.051E+30   1.827E-03      1.701E-01   0.000E+00   0.000E+00   3.375E-01   0.000E+00   0.000E+00   0.000E+00   0.000E+00      1.718E+09   0.000E+00   0.000E+00   00000   1.000E+00   0.000E+00  1s0  549.8  159.0   50.0
  215   9.906190E+03   1.999973E+00   2.947E+12   2.975E+30   1.758E-03      1.694E-01   0.000E+00   0.000E+00   3.320E-01   0.000E+00   0.000E+00   0.000E+00   0.000E+00      1.668E+09   0.000E+00   0.000E+00   00000   1.000E+00   0.000E+00  1s0  535.4  159.0   50.0
  216   9.906663E+03   1.999973E+00   2.836E+12   2.898E+30   1.692E-03      1.687E-01   0.000E+00   0.000E+00   3.266E-01   0.000E+00   0.000E+00   0.000E+00   0.000E+00      1.618E+09   0.000E+00   0.000E+00   00000   1.000E+00   0.000E+00  1s0  521.4  159.0   50.0
  217   9.907136E+03   1.999974E+00   2.729E+12   2.821E+30   1.628E-03      1.680E-01   0.000E+00   0.000E+00   3.212E-01   0.000E+00   0.000E+00   0.000E+00   0.000E+00      1.570E+09   0.000E+00   0.000E+00   00000   1.000E+00   0.000E+00  1s0  508.1  159.0   50.0
  218   9.907609E+03   1.999975E+00   2.626E+12   2.745E+30   1.567E-03      1.554E-01   0.000E+00   0.000E+00   3.284E-01   0.000E+00   0.000E+00   0.000E+00   0.000E+00      1.635E+09   0.000E+00   0.000E+00   00000   1.000E+00   0.000E+00  1s0  494.2  117.0   40.0
  219   9.908082E+03   1.999975E+00   2.528E+12   2.668E+30   1.508E-03      1.550E-01   0.000E+00   0.000E+00   3.232E-01   0.000E+00   0.000E+00   0.000E+00   0.000E+00      1.588E+09   0.000E+00   0.000E+00   00000   1.000E+00   0.000E+00  1s0  479.3  117.0   40.0
  220   9.908556E+03   1.999976E+00   2.432E+12   2.591E+30   1.451E-03      1.546E-01   0.000E+00   0.000E+00   3.180E-01   0.000E+00   0.000E+00   0.000E+00   0.000E+00      1.542E+09   0.000E+00   0.000E+00   00000   1.000E+00   0.000E+00  1s0  464.9  117.0   40.0
  221   9.909029E+03   1.999977E+00   2.341E+12   2.515E+30   1.397E-03      1.542E-01   0.000E+00   0.000E+00   3.129E-01   0.000E+00   0.000E+00   0.000E+00   0.000E+00      1.496E+09   0.000E+00   0.000E+00   00000   1.000E+00   0.000E+00  1s0  451.1  117.0   40.0
  222   9.909502E+03   1.999978E+00   2.252E+12   2.438E+30   1.344E-03      1.538E-01   0.000E+00   0.000E+00   3.078E-01   0.000E+00   0.000E+00   0.000E+00   0.000E+00      1.452E+09   0.000E+00   0.000E+00   00000   1.000E+00   0.000E+00  1s0  437.8  117.0   40.0
  223   9.909975E+03   1.999978E+00   2.168E+12   2.362E+30   1.294E-03      1.533E-01   0.000E+00   0.000E+00   3.028E-01   0.000E+00   0.000E+00   0.000E+00   0.000E+00      1.408E+09   0.000E+00   0.000E+00   00000   1.000E+00   0.000E+00  1s0  424.9  117.0   40.0
  224   9.910448E+03   1.999979E+00   2.086E+12   2.285E+30   1.245E-03      1.529E-01   0.000E+00   0.000E+00   2.978E-01   0.000E+00   0.000E+00   0.000E+00   0.000E+00      1.366E+09   0.000E+00   0.000E+00   00000   1.000E+00   0.000E+00  1s0  412.6  117.0   40.0
  225   9.910921E+03   1.999980E+00   2.007E+12   2.208E+30   1.198E-03      1.524E-01   0.000E+00   0.000E+00   2.929E-01   0.000E+00   0.000E+00   0.000E+00   0.000E+00      1.324E+09   0.000E+00   0.000E+00   00000   1.000E+00   0.000E+00  1s0  400.8  117.0   40.0
  226   9.911394E+03   1.999980E+00   1.932E+12   2.132E+30   1.153E-03      1.519E-01   0.000E+00   0.000E+00   2.880E-01   0.000E+00   0.000E+00   0.000E+00   0.000E+00      1.283E+09   0.000E+00   0.000E+00   00000   1.000E+00   0.000E+00  1s0  389.4  117.0   40.0
  227   9.911867E+03   1.999981E+00   1.859E+12   2.055E+30   1.110E-03      1.514E-01   0.000E+00   0.000E+00   2.831E-01   0.000E+00   0.000E+00   0.000E+00   0.000E+00      1.243E+09   0.000E+00   0.000E+00   00000   1.000E+00   0.000E+00  1s0  378.4  117.0   40.0
  228   9.912341E+03   1.999982E+00   1.789E+12   1.978E+30   1.068E-03      1.509E-01   0.000E+00   0.000E+00   2.783E-01   0.000E+00   0.000E+00   0.000E+00   0.000E+00      1.203E+09   0.000E+00   0.000E+00   00000   1.000E+00   0.000E+00  1s0  367.8  117.0   40.0
  229   9.912820E+03   1.999982E+00   1.721E+12   1.906E+30   1.028E-03      1.504E-01   0.000E+00   0.000E+00   2.736E-01   0.000E+00   0.000E+00   0.000E+00   0.000E+00      1.165E+09   0.000E+00   0.000E+00   00000   1.000E+00   0.000E+00  1s0  357.6  117.0   40.0
  230   9.913344E+03   1.999983E+00   1.657E+12   1.860E+30   9.890E-04      1.499E-01   0.000E+00   0.000E+00   2.689E-01   0.000E+00   0.000E+00   0.000E+00   0.000E+00      1.126E+09   0.000E+00   0.000E+00   00000   1.000E+00   0.000E+00  1s0  347.9  117.0   40.0
  231   9.913867E+03   1.999983E+00   1.594E+12   1.814E+30   9.518E-04      1.493E-01   0.000E+00   0.000E+00   2.642E-01   0.000E+00   0.000E+00   0.000E+00   0.000E+00      1.089E+09   0.000E+00   0.000E+00   00000   1.000E+00   0.000E+00  1s0  338.4  117.0   40.0
  232   9.914390E+03   1.999984E+00   1.534E+12   1.769E+30   9.160E-04      1.488E-01   0.000E+00   0.000E+00   2.596E-01   0.000E+00   0.000E+00   0.000E+00   0.000E+00      1.052E+09   0.000E+00   0.000E+00   00000   1.000E+00   0.000E+00  1s0  329.4  117.0   40.0
  233   9.914914E+03   1.999984E+00   1.476E+12   1.723E+30   8.816E-04      1.482E-01   0.000E+00   0.000E+00   2.550E-01   0.000E+00   0.000E+00   0.000E+00   0.000E+00      1.016E+09   0.000E+00   0.000E+00   00000   1.000E+00   0.000E+00  1s0  320.6  117.0   40.0
  234   9.915437E+03   1.999984E+00   1.421E+12   1.678E+30   8.484E-04      1.476E-01   0.000E+00   0.000E+00   2.509E-01   0.000E+00   0.000E+00   0.000E+00   0.000E+00      9.839E+08   0.000E+00   0.000E+00   00000   1.000E+00   0.000E+00  1s0  312.3  116.0   40.0
  235   9.915960E+03   1.999985E+00   1.367E+12   1.632E+30   8.165E-04      1.470E-01   0.000E+00   0.000E+00   2.464E-01   0.000E+00   0.000E+00   0.000E+00   0.000E+00      9.489E+08   0.000E+00   0.000E+00   00000   1.000E+00   0.000E+00  1s0  304.3  116.0   40.0
  236   9.916484E+03   1.999985E+00   1.316E+12   1.586E+30   7.858E-04      1.464E-01   0.000E+00   0.000E+00   2.420E-01   0.000E+00   0.000E+00   0.000E+00   0.000E+00      9.145E+08   0.000E+00   0.000E+00   00000   1.000E+00   0.000E+00  1s0  296.6  116.0   40.0
  237   9.917007E+03   1.999986E+00   1.266E+12   1.541E+30   7.562E-04      1.458E-01   0.000E+00   0.000E+00   2.376E-01   0.000E+00   0.000E+00   0.000E+00   0.000E+00      8.805E+08   0.000E+00   0.000E+00   00000   1.000E+00   0.000E+00  1s0  289.2  116.0   40.0
  238   9.917530E+03   1.999986E+00   1.218E+12   1.495E+30   7.278E-04      1.451E-01   0.000E+00   0.000E+00   2.332E-01   0.000E+00   0.000E+00   0.000E+00   0.000E+00      8.470E+08   0.000E+00   0.000E+00   00000   1.000E+00   0.000E+00  1s0  282.1  116.0   40.0
  239   9.918054E+03   1.999987E+00   1.172E+12   1.449E+30   7.004E-04      1.445E-01   0.000E+00   0.000E+00   2.289E-01   0.000E+00   0.000E+00   0.000E+00   0.000E+00      8.139E+08   0.000E+00   0.000E+00   00000   1.000E+00   0.000E+00  1s0  275.2  116.0   40.0
  240   9.918577E+03   1.999987E+00   1.128E+12   1.404E+30   6.741E-04      1.438E-01   0.000E+00   0.000E+00   2.247E-01   0.000E+00   0.000E+00   0.000E+00   0.000E+00      7.812E+08   0.000E+00   0.000E+00   00000   1.000E+00   0.000E+00  1s0  268.6  116.0   40.0
  241   9.919101E+03   1.999987E+00   1.086E+12   1.358E+30   6.487E-04      1.431E-01   0.000E+00   0.000E+00   2.204E-01   0.000E+00   0.000E+00   0.000E+00   0.000E+00      7.490E+08   0.000E+00   0.000E+00   00000   1.000E+00   0.000E+00  1s0  262.2  116.0   40.0
  242   9.919624E+03   1.999988E+00   1.045E+12   1.312E+30   6.244E-04      1.424E-01   0.000E+00   0.000E+00   2.163E-01   0.000E+00   0.000E+00   0.000E+00   0.000E+00      7.171E+08   0.000E+00   0.000E+00   00000   1.000E+00   0.000E+00  1s0  256.1  116.0   40.0
  243   9.920147E+03   1.999988E+00   1.005E+12   1.267E+30   6.009E-04      1.417E-01   0.000E+00   0.000E+00   2.121E-01   0.000E+00   0.000E+00   0.000E+00   0.000E+00      6.855E+08   0.000E+00   0.000E+00   00000   1.000E+00   0.000E+00  1s0  250.2  116.0   40.0
  244   9.920671E+03   1.999989E+00   9.676E+11   1.221E+30   5.783E-04      1.410E-01   0.000E+00   0.000E+00   2.080E-01   0.000E+00   0.000E+00   0.000E+00   0.000E+00      6.543E+08   0.000E+00   0.000E+00   00000   1.000E+00   0.000E+00  1s0  244.6  116.0   40.0
  245   9.921292E+03   1.999989E+00   9.311E+11   1.182E+30   5.565E-04      1.402E-01   0.000E+00   0.000E+00   2.040E-01   0.000E+00   0.000E+00   0.000E+00   0.000E+00      6.234E+08   0.000E+00   0.000E+00   00000   1.000E+00   0.000E+00  1s0  239.1  116.0   40.0
  246   9.921988E+03   1.999989E+00   8.961E+11   1.147E+30   5.355E-04      1.395E-01   0.000E+00   0.000E+00   1.999E-01   0.000E+00   0.000E+00   0.000E+00   0.000E+00      5.929E+08   0.000E+00   0.000E+00   00000   1.000E+00   0.000E+00  1s0  233.9  116.0   40.0
  247   9.922683E+03   1.999990E+00   8.623E+11   1.113E+30   5.154E-04      1.387E-01   0.000E+00   0.000E+00   1.960E-01   0.000E+00   0.000E+00   0.000E+00   0.000E+00      5.626E+08   0.000E+00   0.000E+00   00000   1.000E+00   0.000E+00  1s0  228.8  116.0   40.0
  248   9.923379E+03   1.999990E+00   8.298E+11   1.078E+30   4.959E-04      1.379E-01   0.000E+00   0.000E+00   1.920E-01   0.000E+00   0.000E+00   0.000E+00   0.000E+00      5.327E+08   0.000E+00   0.000E+00   00000   1.000E+00   0.000E+00  1s0  224.0  116.0   40.0
  249   9.924075E+03   1.999990E+00   7.985E+11   1.043E+30   4.773E-04      1.371E-01   0.000E+00   0.000E+00   1.881E-01   0.000E+00   0.000E+00   0.000E+00   0.000E+00      5.032E+08   0.000E+00   0.000E+00   00000   1.000E+00   0.000E+00  1s0  219.3  116.0   40.0
  250   9.924770E+03   1.999991E+00   7.685E+11   1.009E+30   4.593E-04      1.363E-01   0.000E+00   0.000E+00   1.843E-01   0.000E+00   0.000E+00   0.000E+00   0.000E+00      4.742E+08   0.000E+00   0.000E+00   00000   1.000E+00   0.000E+00  1s0  214.8  116.0   40.0
  251   9.925466E+03   1.999991E+00   7.395E+11   9.742E+29   4.420E-04      1.355E-01   0.000E+00   0.000E+00   1.804E-01   0.000E+00   0.000E+00   0.000E+00   0.000E+00      4.458E+08   0.000E+00   0.000E+00   00000   1.000E+00   0.000E+00  1s0  210.5  116.0   40.0
  252   9.926161E+03   1.999991E+00   7.116E+11   9.396E+29   4.254E-04      1.347E-01   0.000E+00   0.000E+00   1.767E-01   0.000E+00   0.000E+00   0.000E+00   0.000E+00      4.179E+08   0.000E+00   0.000E+00   00000   1.000E+00   0.000E+00  1s0  206.3  116.0   40.0
  253   9.926857E+03   1.999992E+00   6.848E+11   9.050E+29   4.093E-04      1.338E-01   0.000E+00   0.000E+00   1.729E-01   0.000E+00   0.000E+00   0.000E+00   0.000E+00      3.906E+08   0.000E+00   0.000E+00   00000   1.000E+00   0.000E+00  1s0  202.3  116.0   40.0
  254   9.927553E+03   1.999992E+00   6.590E+11   8.704E+29   3.939E-04      1.330E-01   0.000E+00   0.000E+00   1.692E-01   0.000E+00   0.000E+00   0.000E+00   0.000E+00      3.638E+08   0.000E+00   0.000E+00   00000   1.000E+00   0.000E+00  1s0  198.4  116.0   40.0
  255   9.928248E+03   1.999992E+00   6.342E+11   8.358E+29   3.791E-04      1.322E-01   0.000E+00   0.000E+00   1.655E-01   0.000E+00   0.000E+00   0.000E+00   0.000E+00      3.374E+08   0.000E+00   0.000E+00   00000   1.000E+00   0.000E+00  1s0  194.5  116.0   40.0
  256   9.928944E+03   1.999993E+00   6.103E+11   8.012E+29   3.648E-04      1.313E-01   0.000E+00   0.000E+00   1.618E-01   0.000E+00   0.000E+00   0.000E+00   0.000E+00      3.118E+08   0.000E+00   0.000E+00   00000   1.000E+00   0.000E+00  1s0  190.8  116.0   40.0
  257   9.929640E+03   1.999993E+00   5.873E+11   7.666E+29   3.511E-04      1.305E-01   0.000E+00   0.000E+00   1.581E-01   0.000E+00   0.000E+00   0.000E+00   0.000E+00      2.869E+08   0.000E+00   0.000E+00   00000   1.000E+00   0.000E+00  1s0  187.2  116.0   40.0
  258   9.930312E+03   1.999993E+00   5.652E+11   7.353E+29   3.379E-04      1.296E-01   0.000E+00   0.000E+00   1.545E-01   0.000E+00   0.000E+00   0.000E+00   0.000E+00      2.628E+08   0.000E+00   0.000E+00   00000   1.000E+00   0.000E+00  1s0  183.8  116.0   40.0
  259   9.930858E+03   1.999993E+00   5.439E+11   7.218E+29   3.252E-04      1.287E-01   0.000E+00   0.000E+00   1.509E-01   0.000E+00   0.000E+00   0.000E+00   0.000E+00      2.395E+08   0.000E+00   0.000E+00   00000   1.000E+00   0.000E+00  1s0  180.5  116.0   40.0
  260   9.931405E+03   1.999993E+00   5.234E+11   7.083E+29   3.130E-04      1.287E-01   0.000E+00   0.000E+00   1.457E-01   0.000E+00   0.000E+00   0.000E+00   0.000E+00      2.064E+08   0.000E+00   0.000E+00   00000   1.000E+00   0.000E+00  1s0  174.1  116.0   40.0
  261   9.931951E+03   1.999993E+00   5.037E+11   6.948E+29   3.012E-04      1.287E-01   0.000E+00   0.000E+00   1.399E-01   0.000E+00   0.000E+00   0.000E+00   0.000E+00      1.719E+08   0.000E+00   0.000E+00   00000   1.000E+00   0.000E+00  1s0  167.4  116.0   40.0
  262   9.932498E+03   1.999994E+00   4.847E+11   6.813E+29   2.899E-04      1.287E-01   0.000E+00   0.000E+00   1.338E-01   0.000E+00   0.000E+00   0.000E+00   0.000E+00      1.379E+08   0.000E+00   0.000E+00   00000   1.000E+00   0.000E+00  1s0  160.9  116.0   40.0
  263   9.933044E+03   1.999994E+00   4.664E+11   6.678E+29   2.790E-04      1.288E-01   0.000E+00   0.000E+00   1.274E-01   0.000E+00   0.000E+00   0.000E+00   0.000E+00      1.046E+08   0.000E+00   0.000E+00   00000   1.000E+00   0.000E+00  1s0  154.7  116.0   40.0
  264   9.933591E+03   1.999994E+00   4.488E+11   6.543E+29   2.685E-04      1.288E-01   0.000E+00   0.000E+00   1.205E-01   0.000E+00   0.000E+00   0.000E+00   0.000E+00      7.237E+07   0.000E+00   0.000E+00   00000   1.000E+00   0.000E+00  1s0  148.8  116.0   40.0
  265   9.934138E+03   1.999994E+00   4.319E+11   6.408E+29   2.584E-04      1.289E-01   0.000E+00   0.000E+00   1.131E-01   0.000E+00   0.000E+00   0.000E+00   0.000E+00      4.172E+07   0.000E+00   0.000E+00   00000   1.000E+00   0.000E+00  1s0  143.0  116.0   40.0
  266   9.934684E+03   1.999994E+00   4.157E+11   6.273E+29   2.487E-04      1.289E-01   0.000E+00   0.000E+00   1.048E-01   0.000E+00   0.000E+00   0.000E+00   0.000E+00      1.351E+07   0.000E+00   0.000E+00   00000   1.000E+00   0.000E+00  1s0  137.5  116.0   40.0
  267   9.935231E+03   1.999994E+00   4.000E+11   6.138E+29   2.394E-04      1.290E-01   0.000E+00   0.000E+00   9.542E-02   0.000E+00   0.000E+00   0.000E+00   0.000E+00      8.963E+03   0.000E+00   0.000E+00   00000   1.000E+00   0.000E+00  1s0  132.2  116.0   40.0
  268   9.935777E+03   1.999994E+00   3.849E+11   6.003E+29   2.304E-04      1.280E-01   0.000E+00   0.000E+00   0.000E+00   0.000E+00   0.000E+00   0.000E+00   0.000E+00      0.000E+00   0.000E+00   0.000E+00   00000   0.000E+00   0.000E+00       130.0  130.0   40.0
  269   9.936324E+03   1.999994E+00   3.704E+11   5.868E+29   2.217E-04      1.264E-01   0.000E+00   0.000E+00   0.000E+00   0.000E+00   0.000E+00   0.000E+00   0.000E+00      0.000E+00   0.000E+00   0.000E+00   00000   0.000E+00   0.000E+00       130.0  130.0   40.0
  270   9.936871E+03   1.999995E+00   3.564E+11   5.733E+29   2.133E-04      1.248E-01   0.000E+00   0.000E+00   0.000E+00   0.000E+00   0.000E+00   0.000E+00   0.000E+00      0.000E+00   0.000E+00   0.000E+00   00000   0.000E+00   0.000E+00       130.0  130.0   40.0
  271   9.937418E+03   1.999995E+00   3.430E+11   5.598E+29   2.053E-04      1.232E-01   0.000E+00   0.000E+00   0.000E+00   0.000E+00   0.000E+00   0.000E+00   0.000E+00      0.000E+00   0.000E+00   0.000E+00   00000   0.000E+00   0.000E+00       130.0  130.0   40.0
  272   9.937965E+03   1.999995E+00   3.301E+11   5.463E+29   1.975E-04      1.216E-01   0.000E+00   0.000E+00   0.000E+00   0.000E+00   0.000E+00   0.000E+00   0.000E+00      0.000E+00   0.000E+00   0.000E+00   00000   0.000E+00   0.000E+00       130.0  130.0   40.0
  273   9.938512E+03   1.999995E+00   3.176E+11   5.328E+29   1.901E-04      1.214E-01   0.000E+00   0.000E+00   0.000E+00   0.000E+00   0.000E+00   0.000E+00   0.000E+00      0.000E+00   0.000E+00   0.000E+00   00000   0.000E+00   0.000E+00        88.0   88.0   28.0
  274   9.939058E+03   1.999995E+00   3.057E+11   5.193E+29   1.830E-04      1.199E-01   0.000E+00   0.000E+00   0.000E+00   0.000E+00   0.000E+00   0.000E+00   0.000E+00      0.000E+00   0.000E+00   0.000E+00   00000   0.000E+00   0.000E+00        88.0   88.0   28.0
  275   9.939605E+03   1.999995E+00   2.941E+11   5.058E+29   1.761E-04      1.184E-01   0.000E+00   0.000E+00   0.000E+00   0.000E+00   0.000E+00   0.000E+00   0.000E+00      0.000E+00   0.000E+00   0.000E+00   00000   0.000E+00   0.000E+00        88.0   88.0   28.0
  276   9.940503E+03   1.999995E+00   2.831E+11   4.895E+29   1.695E-04      1.169E-01   0.000E+00   0.000E+00   0.000E+00   0.000E+00   0.000E+00   0.000E+00   0.000E+00      0.000E+00   0.000E+00   0.000E+00   00000   0.000E+00   0.000E+00        88.0   88.0   28.0
  277   9.941665E+03   1.999996E+00   2.724E+11   4.711E+29   1.631E-04      1.154E-01   0.000E+00   0.000E+00   0.000E+00   0.000E+00   0.000E+00   0.000E+00   0.000E+00      0.000E+00   0.000E+00   0.000E+00   00000   0.000E+00   0.000E+00        88.0   88.0   28.0
  278   9.942827E+03   1.999996E+00   2.621E+11   4.528E+29   1.570E-04      1.148E-01   0.000E+00   0.000E+00   0.000E+00   0.000E+00   0.000E+00   0.000E+00   0.000E+00      0.000E+00   0.000E+00   0.000E+00   00000   0.000E+00   0.000E+00        86.0   86.0   28.0
  279   9.943988E+03   1.999996E+00   2.522E+11   4.344E+29   1.511E-04      1.133E-01   0.000E+00   0.000E+00   0.000E+00   0.000E+00   0.000E+00   0.000E+00   0.000E+00      0.000E+00   0.000E+00   0.000E+00   00000   0.000E+00   0.000E+00        86.0   86.0   28.0
  280   9.945150E+03   1.999996E+00   2.427E+11   4.160E+29   1.454E-04      1.119E-01   0.000E+00   0.000E+00   0.000E+00   0.000E+00   0.000E+00   0.000E+00   0.000E+00      0.000E+00   0.000E+00   0.000E+00   00000   0.000E+00   0.000E+00        86.0   86.0   28.0
  281   9.946312E+03   1.999996E+00   2.336E+11   3.976E+29   1.399E-04      1.105E-01   0.000E+00   0.000E+00   0.000E+00   0.000E+00   0.000E+00   0.000E+00   0.000E+00      0.000E+00   0.000E+00   0.000E+00   00000   0.000E+00   0.000E+00        86.0   86.0   28.0
  282   9.947473E+03   1.999996E+00   2.248E+11   3.793E+29   1.346E-04      1.091E-01   0.000E+00   0.000E+00   0.000E+00   0.000E+00   0.000E+00   0.000E+00   0.000E+00      0.000E+00   0.000E+00   0.000E+00   00000   0.000E+00   0.000E+00        86.0   86.0   28.0
  283   9.948635E+03   1.999997E+00   2.163E+11   3.609E+29   1.295E-04      1.077E-01   0.000E+00   0.000E+00   0.000E+00   0.000E+00   0.000E+00   0.000E+00   0.000E+00      0.000E+00   0.000E+00   0.000E+00   00000   0.000E+00   0.000E+00        86.0   86.0   28.0
  284   9.949797E+03   1.999997E+00   2.081E+11   3.425E+29   1.246E-04      1.063E-01   0.000E+00   0.000E+00   0.000E+00   0.000E+00   0.000E+00   0.000E+00   0.000E+00      0.000E+00   0.000E+00   0.000E+00   00000   0.000E+00   0.000E+00        86.0   86.0   28.0
  285   9.950958E+03   1.999997E+00   2.003E+11   3.242E+29   1.200E-04      1.058E-01   0.000E+00   0.000E+00   0.000E+00   0.000E+00   0.000E+00   0.000E+00   0.000E+00      0.000E+00   0.000E+00   0.000E+00   00000   0.000E+00   0.000E+00        84.0   84.0   28.0
  286   9.952120E+03   1.999997E+00   1.927E+11   3.058E+29   1.155E-04      1.045E-01   0.000E+00   0.000E+00   0.000E+00   0.000E+00   0.000E+00   0.000E+00   0.000E+00      0.000E+00   0.000E+00   0.000E+00   00000   0.000E+00   0.000E+00        84.0   84.0   28.0
  287   9.953224E+03   1.999997E+00   1.855E+11   2.913E+29   1.111E-04      1.031E-01   0.000E+00   0.000E+00   0.000E+00   0.000E+00   0.000E+00   0.000E+00   0.000E+00      0.000E+00   0.000E+00   0.000E+00   00000   0.000E+00   0.000E+00        84.0   84.0   28.0
  288   9.954271E+03   1.999997E+00   1.785E+11   2.804E+29   1.069E-04      1.018E-01   0.000E+00   0.000E+00   0.000E+00   0.000E+00   0.000E+00   0.000E+00   0.000E+00      0.000E+00   0.000E+00   0.000E+00   00000   0.000E+00   0.000E+00        84.0   84.0   28.0
  289   9.955319E+03   1.999997E+00   1.718E+11   2.696E+29   1.029E-04      1.005E-01   0.000E+00   0.000E+00   0.000E+00   0.000E+00   0.000E+00   0.000E+00   0.000E+00      0.000E+00   0.000E+00   0.000E+00   00000   0.000E+00   0.000E+00        84.0   84.0   28.0
  290   9.956367E+03   1.999998E+00   1.653E+11   2.588E+29   9.902E-05      9.924E-02   0.000E+00   0.000E+00   0.000E+00   0.000E+00   0.000E+00   0.000E+00   0.000E+00      0.000E+00   0.000E+00   0.000E+00   00000   0.000E+00   0.000E+00        84.0   84.0   28.0
  291   9.957414E+03   1.999998E+00   1.591E+11   2.480E+29   9.530E-05      9.798E-02   0.000E+00   0.000E+00   0.000E+00   0.000E+00   0.000E+00   0.000E+00   0.000E+00      0.000E+00   0.000E+00   0.000E+00   00000   0.000E+00   0.000E+00        84.0   84.0   28.0
  292   9.958462E+03   1.999998E+00   1.531E+11   2.371E+29   9.171E-05      9.673E-02   0.000E+00   0.000E+00   0.000E+00   0.000E+00   0.000E+00   0.000E+00   0.000E+00      0.000E+00   0.000E+00   0.000E+00   00000   0.000E+00   0.000E+00        84.0   84.0   28.0
  293   9.959510E+03   1.999998E+00   1.473E+11   2.263E+29   8.827E-05      9.551E-02   0.000E+00   0.000E+00   0.000E+00   0.000E+00   0.000E+00   0.000E+00   0.000E+00      0.000E+00   0.000E+00   0.000E+00   00000   0.000E+00   0.000E+00        84.0   84.0   28.0
  294   9.960557E+03   1.999998E+00   1.417E+11   2.155E+29   8.495E-05      9.429E-02   0.000E+00   0.000E+00   0.000E+00   0.000E+00   0.000E+00   0.000E+00   0.000E+00      0.000E+00   0.000E+00   0.000E+00   00000   0.000E+00   0.000E+00        84.0   84.0   28.0
  295   9.961605E+03   1.999998E+00   1.364E+11   2.046E+29   8.175E-05      9.385E-02   0.000E+00   0.000E+00   0.000E+00   0.000E+00   0.000E+00   0.000E+00   0.000E+00      0.000E+00   0.000E+00   0.000E+00   00000   0.000E+00   0.000E+00        82.0   82.0   28.0
  296   9.962653E+03   1.999998E+00   1.313E+11   1.938E+29   7.868E-05      9.266E-02   0.000E+00   0.000E+00   0.000E+00   0.000E+00   0.000E+00   0.000E+00   0.000E+00      0.000E+00   0.000E+00   0.000E+00   00000   0.000E+00   0.000E+00        82.0   82.0   28.0
  297   9.963701E+03   1.999998E+00   1.263E+11   1.830E+29   7.572E-05      9.148E-02   0.000E+00   0.000E+00   0.000E+00   0.000E+00   0.000E+00   0.000E+00   0.000E+00      0.000E+00   0.000E+00   0.000E+00   00000   0.000E+00   0.000E+00        82.0   82.0   28.0
  298   9.964719E+03   1.999998E+00   1.215E+11   1.736E+29   7.288E-05      9.032E-02   0.000E+00   0.000E+00   0.000E+00   0.000E+00   0.000E+00   0.000E+00   0.000E+00      0.000E+00   0.000E+00   0.000E+00   00000   0.000E+00   0.000E+00        82.0   82.0   28.0
  299   9.965677E+03   1.999998E+00   1.170E+11   1.672E+29   7.014E-05      8.918E-02   0.000E+00   0.000E+00   0.000E+00   0.000E+00   0.000E+00   0.000E+00   0.000E+00      0.000E+00   0.000E+00   0.000E+00   00000   0.000E+00   0.000E+00        82.0   82.0   28.0
  300   9.966634E+03   1.999998E+00   1.126E+11   1.608E+29   6.751E-05      8.805E-02   0.000E+00   0.000E+00   0.000E+00   0.000E+00   0.000E+00   0.000E+00   0.000E+00      0.000E+00   0.000E+00   0.000E+00   00000   0.000E+00   0.000E+00        82.0   82.0   28.0
  301   9.967592E+03   1.999999E+00   1.083E+11   1.544E+29   6.497E-05      8.693E-02   0.000E+00   0.000E+00   0.000E+00   0.000E+00   0.000E+00   0.000E+00   0.000E+00      0.000E+00   0.000E+00   0.000E+00   00000   0.000E+00   0.000E+00        82.0   82.0   28.0
  302   9.968549E+03   1.999999E+00   1.042E+11   1.481E+29   6.253E-05      8.653E-02   0.000E+00   0.000E+00   0.000E+00   0.000E+00   0.000E+00   0.000E+00   0.000E+00      0.000E+00   0.000E+00   0.000E+00   00000   0.000E+00   0.000E+00        80.0   80.0   28.0
  303   9.969507E+03   1.999999E+00   1.003E+11   1.417E+29   6.017E-05      8.543E-02   0.000E+00   0.000E+00   0.000E+00   0.000E+00   0.000E+00   0.000E+00   0.000E+00      0.000E+00   0.000E+00   0.000E+00   00000   0.000E+00   0.000E+00        80.0   80.0   28.0
  304   9.970465E+03   1.999999E+00   9.652E+10   1.353E+29   5.791E-05      8.435E-02   0.000E+00   0.000E+00   0.000E+00   0.000E+00   0.000E+00   0.000E+00   0.000E+00      0.000E+00   0.000E+00   0.000E+00   00000   0.000E+00   0.000E+00        80.0   80.0   28.0
  305   9.971422E+03   1.999999E+00   9.288E+10   1.289E+29   5.573E-05      8.327E-02   0.000E+00   0.000E+00   0.000E+00   0.000E+00   0.000E+00   0.000E+00   0.000E+00      0.000E+00   0.000E+00   0.000E+00   00000   0.000E+00   0.000E+00        80.0   80.0   28.0
  306   9.972380E+03   1.999999E+00   8.938E+10   1.225E+29   5.363E-05      8.222E-02   0.000E+00   0.000E+00   0.000E+00   0.000E+00   0.000E+00   0.000E+00   0.000E+00      0.000E+00   0.000E+00   0.000E+00   00000   0.000E+00   0.000E+00        80.0   80.0   28.0
  307   9.973337E+03   1.999999E+00   8.601E+10   1.161E+29   5.161E-05      8.117E-02   0.000E+00   0.000E+00   0.000E+00   0.000E+00   0.000E+00   0.000E+00   0.000E+00      0.000E+00   0.000E+00   0.000E+00   00000   0.000E+00   0.000E+00        80.0   80.0   28.0
  308   9.974295E+03   1.999999E+00   8.277E+10   1.098E+29   4.966E-05      8.082E-02   0.000E+00   0.000E+00   0.000E+00   0.000E+00   0.000E+00   0.000E+00   0.000E+00      0.000E+00   0.000E+00   0.000E+00   00000   0.000E+00   0.000E+00        78.0   78.0   28.0
  309   9.975250E+03   1.999999E+00   7.965E+10   1.037E+29   4.779E-05      7.979E-02   0.000E+00   0.000E+00   0.000E+00   0.000E+00   0.000E+00   0.000E+00   0.000E+00      0.000E+00   0.000E+00   0.000E+00   00000   0.000E+00   0.000E+00        78.0   78.0   28.0
  310   9.976193E+03   1.999999E+00   7.664E+10   9.956E+28   4.599E-05      7.877E-02   0.000E+00   0.000E+00   0.000E+00   0.000E+00   0.000E+00   0.000E+00   0.000E+00      0.000E+00   0.000E+00   0.000E+00   00000   0.000E+00   0.000E+00        78.0   78.0   28.0
  311   9.977136E+03   1.999999E+00   7.375E+10   9.542E+28   4.426E-05      7.777E-02   0.000E+00   0.000E+00   0.000E+00   0.000E+00   0.000E+00   0.000E+00   0.000E+00      0.000E+00   0.000E+00   0.000E+00   00000   0.000E+00   0.000E+00        78.0   78.0   28.0
  312   9.978078E+03   1.999999E+00   7.097E+10   9.128E+28   4.259E-05      7.678E-02   0.000E+00   0.000E+00   0.000E+00   0.000E+00   0.000E+00   0.000E+00   0.000E+00      0.000E+00   0.000E+00   0.000E+00   00000   0.000E+00   0.000E+00        78.0   78.0   28.0
  313   9.979021E+03   1.999999E+00   6.830E+10   8.714E+28   4.099E-05      7.581E-02   0.000E+00   0.000E+00   0.000E+00   0.000E+00   0.000E+00   0.000E+00   0.000E+00      0.000E+00   0.000E+00   0.000E+00   00000   0.000E+00   0.000E+00        78.0   78.0   28.0
  314   9.979964E+03   1.999999E+00   6.572E+10   8.300E+28   3.944E-05      7.484E-02   0.000E+00   0.000E+00   0.000E+00   0.000E+00   0.000E+00   0.000E+00   0.000E+00      0.000E+00   0.000E+00   0.000E+00   00000   0.000E+00   0.000E+00        78.0   78.0   28.0
  315   9.980907E+03   1.999999E+00   6.325E+10   7.886E+28   3.796E-05      7.389E-02   0.000E+00   0.000E+00   0.000E+00   0.000E+00   0.000E+00   0.000E+00   0.000E+00      0.000E+00   0.000E+00   0.000E+00   00000   0.000E+00   0.000E+00        78.0   78.0   28.0
  316   9.981849E+03   1.999999E+00   6.086E+10   7.472E+28   3.653E-05      7.295E-02   0.000E+00   0.000E+00   0.000E+00   0.000E+00   0.000E+00   0.000E+00   0.000E+00      0.000E+00   0.000E+00   0.000E+00   00000   0.000E+00   0.000E+00        78.0   78.0   28.0
  317   9.982792E+03   1.999999E+00   5.857E+10   7.058E+28   3.515E-05      7.202E-02   0.000E+00   0.000E+00   0.000E+00   0.000E+00   0.000E+00   0.000E+00   0.000E+00      0.000E+00   0.000E+00   0.000E+00   00000   0.000E+00   0.000E+00        78.0   78.0   28.0
  318   9.983735E+03   1.999999E+00   5.636E+10   6.644E+28   3.383E-05      7.111E-02   0.000E+00   0.000E+00   0.000E+00   0.000E+00   0.000E+00   0.000E+00   0.000E+00      0.000E+00   0.000E+00   0.000E+00   00000   0.000E+00   0.000E+00        78.0   78.0   28.0
  319   9.984677E+03   1.999999E+00   5.423E+10   6.230E+28   3.255E-05      7.020E-02   0.000E+00   0.000E+00   0.000E+00   0.000E+00   0.000E+00   0.000E+00   0.000E+00      0.000E+00   0.000E+00   0.000E+00   00000   0.000E+00   0.000E+00        78.0   78.0   28.0
  320   9.985496E+03   1.999999E+00   5.219E+10   5.959E+28   3.133E-05      6.931E-02   0.000E+00   0.000E+00   0.000E+00   0.000E+00   0.000E+00   0.000E+00   0.000E+00      0.000E+00   0.000E+00   0.000E+00   00000   0.000E+00   0.000E+00        78.0   78.0   28.0
  321   9.986271E+03   1.999999E+00   5.022E+10   5.738E+28   3.015E-05      6.843E-02   0.000E+00   0.000E+00   0.000E+00   0.000E+00   0.000E+00   0.000E+00   0.000E+00      0.000E+00   0.000E+00   0.000E+00   00000   0.000E+00   0.000E+00        78.0   78.0   28.0
  322   9.987046E+03   1.999999E+00   4.833E+10   5.517E+28   2.902E-05      6.756E-02   0.000E+00   0.000E+00   0.000E+00   0.000E+00   0.000E+00   0.000E+00   0.000E+00      0.000E+00   0.000E+00   0.000E+00   00000   0.000E+00   0.000E+00        78.0   78.0   28.0
  323   9.987821E+03   1.999999E+00   4.651E+10   5.296E+28   2.793E-05      6.671E-02   0.000E+00   0.000E+00   0.000E+00   0.000E+00   0.000E+00   0.000E+00   0.000E+00      0.000E+00   0.000E+00   0.000E+00   00000   0.000E+00   0.000E+00        78.0   78.0   28.0
  324   9.988596E+03   2.000000E+00   4.475E+10   5.075E+28   2.688E-05      6.586E-02   0.000E+00   0.000E+00   0.000E+00   0.000E+00   0.000E+00   0.000E+00   0.000E+00      0.000E+00   0.000E+00   0.000E+00   00000   0.000E+00   0.000E+00        78.0   78.0   28.0
  325   9.989371E+03   2.000000E+00   4.307E+10   4.854E+28   2.587E-05      6.502E-02   0.000E+00   0.000E+00   0.000E+00   0.000E+00   0.000E+00   0.000E+00   0.000E+00      0.000E+00   0.000E+00   0.000E+00   00000   0.000E+00   0.000E+00        78.0   78.0   28.0
  326   9.990146E+03   2.000000E+00   4.144E+10   4.633E+28   2.489E-05      6.514E-02   0.000E+00   0.000E+00   0.000E+00   0.000E+00   0.000E+00   0.000E+00   0.000E+00      0.000E+00   0.000E+00   0.000E+00   00000   0.000E+00   0.000E+00        80.0   80.0   30.0
  327   9.990921E+03   2.000000E+00   3.988E+10   4.412E+28   2.395E-05      6.431E-02   0.000E+00   0.000E+00   0.000E+00   0.000E+00   0.000E+00   0.000E+00   0.000E+00      0.000E+00   0.000E+00   0.000E+00   00000   0.000E+00   0.000E+00        80.0   80.0   30.0
  328   9.991696E+03   2.000000E+00   3.838E+10   4.191E+28   2.305E-05      6.349E-02   0.000E+00   0.000E+00   0.000E+00   0.000E+00   0.000E+00   0.000E+00   0.000E+00      0.000E+00   0.000E+00   0.000E+00   00000   0.000E+00   0.000E+00        80.0   80.0   30.0
  329   9.992470E+03   2.000000E+00   3.693E+10   3.970E+28   2.218E-05      6.268E-02   0.000E+00   0.000E+00   0.000E+00   0.000E+00   0.000E+00   0.000E+00   0.000E+00      0.000E+00   0.000E+00   0.000E+00   00000   0.000E+00   0.000E+00        80.0   80.0   30.0
  330   9.993245E+03   2.000000E+00   3.554E+10   3.749E+28   2.134E-05      6.188E-02   0.000E+00   0.000E+00   0.000E+00   0.000E+00   0.000E+00   0.000E+00   0.000E+00      0.000E+00   0.000E+00   0.000E+00   00000   0.000E+00   0.000E+00        80.0   80.0   30.0
  331   9.993997E+03   2.000000E+00   3.420E+10   3.577E+28   2.054E-05      6.109E-02   0.000E+00   0.000E+00   0.000E+00   0.000E+00   0.000E+00   0.000E+00   0.000E+00      0.000E+00   0.000E+00   0.000E+00   00000   0.000E+00   0.000E+00        80.0   80.0   30.0
  332   9.994734E+03   2.000000E+00   3.291E+10   3.437E+28   1.976E-05      6.032E-02   0.000E+00   0.000E+00   0.000E+00   0.000E+00   0.000E+00   0.000E+00   0.000E+00      0.000E+00   0.000E+00   0.000E+00   00000   0.000E+00   0.000E+00        80.0   80.0   30.0
  333   9.995471E+03   2.000000E+00   3.167E+10   3.297E+28   1.902E-05      5.955E-02   0.000E+00   0.000E+00   0.000E+00   0.000E+00   0.000E+00   0.000E+00   0.000E+00      0.000E+00   0.000E+00   0.000E+00   00000   0.000E+00   0.000E+00        80.0   80.0   30.0
  334   9.996208E+03   2.000000E+00   3.048E+10   3.156E+28   1.830E-05      5.879E-02   0.000E+00   0.000E+00   0.000E+00   0.000E+00   0.000E+00   0.000E+00   0.000E+00      0.000E+00   0.000E+00   0.000E+00   00000   0.000E+00   0.000E+00        80.0   80.0   30.0
  335   9.996945E+03   2.000000E+00   2.933E+10   3.016E+28   1.762E-05      5.805E-02   0.000E+00   0.000E+00   0.000E+00   0.000E+00   0.000E+00   0.000E+00   0.000E+00      0.000E+00   0.000E+00   0.000E+00   00000   0.000E+00   0.000E+00        80.0   80.0   30.0
  336   9.997682E+03   2.000000E+00   2.822E+10   2.876E+28   1.695E-05      5.731E-02   0.000E+00   0.000E+00   0.000E+00   0.000E+00   0.000E+00   0.000E+00   0.000E+00      0.000E+00   0.000E+00   0.000E+00   00000   0.000E+00   0.000E+00        80.0   80.0   30.0
  337   9.998419E+03   2.000000E+00   2.716E+10   2.735E+28   1.632E-05      5.659E-02   0.000E+00   0.000E+00   0.000E+00   0.000E+00   0.000E+00   0.000E+00   0.000E+00      0.000E+00   0.000E+00   0.000E+00   00000   0.000E+00   0.000E+00        80.0   80.0   30.0
  338   9.999155E+03   2.000000E+00   2.613E+10   2.595E+28   1.570E-05      5.587E-02   0.000E+00   0.000E+00   0.000E+00   0.000E+00   0.000E+00   0.000E+00   0.000E+00      0.000E+00   0.000E+00   0.000E+00   00000   0.000E+00   0.000E+00        80.0   80.0   30.0
  339   9.999892E+03   2.000000E+00   2.515E+10   2.455E+28   1.511E-05      5.516E-02   0.000E+00   0.000E+00   0.000E+00   0.000E+00   0.000E+00   0.000E+00   0.000E+00      0.000E+00   0.000E+00   0.000E+00   00000   0.000E+00   0.000E+00        80.0   80.0   30.0
  340   1.000063E+04   2.000000E+00   2.420E+10   2.314E+28   1.454E-05      5.445E-02   0.000E+00   0.000E+00   0.000E+00   0.000E+00   0.000E+00   0.000E+00   0.000E+00      0.000E+00   0.000E+00   0.000E+00   00000   0.000E+00   0.000E+00        80.0   80.0   30.0
  341   1.000137E+04   2.000000E+00   2.329E+10   2.174E+28   1.399E-05      5.376E-02   0.000E+00   0.000E+00   0.000E+00   0.000E+00   0.000E+00   0.000E+00   0.000E+00      0.000E+00   0.000E+00   0.000E+00   00000   0.000E+00   0.000E+00        80.0   80.0   30.0
  342   1.000202E+04   2.000000E+00   2.241E+10   2.086E+28   1.347E-05      5.308E-02   0.000E+00   0.000E+00   0.000E+00   0.000E+00   0.000E+00   0.000E+00   0.000E+00      0.000E+00   0.000E+00   0.000E+00   00000   0.000E+00   0.000E+00        80.0   80.0   30.0
  343   1.000265E+04   2.000000E+00   2.157E+10   2.008E+28   1.296E-05      5.240E-02   0.000E+00   0.000E+00   0.000E+00   0.000E+00   0.000E+00   0.000E+00   0.000E+00      0.000E+00   0.000E+00   0.000E+00   00000   0.000E+00   0.000E+00        80.0   80.0   30.0
  344   1.000328E+04   2.000000E+00   2.075E+10   1.929E+28   1.247E-05      5.217E-02   0.000E+00   0.000E+00   0.000E+00   0.000E+00   0.000E+00   0.000E+00   0.000E+00      0.000E+00   0.000E+00   0.000E+00   00000   0.000E+00   0.000E+00        78.0   78.0   30.0
  345   1.000392E+04   2.000000E+00   1.997E+10   1.850E+28   1.200E-05      5.151E-02   0.000E+00   0.000E+00   0.000E+00   0.000E+00   0.000E+00   0.000E+00   0.000E+00      0.000E+00   0.000E+00   0.000E+00   00000   0.000E+00   0.000E+00        78.0   78.0   30.0
  346   1.000455E+04   2.000000E+00   1.922E+10   1.771E+28   1.155E-05      5.086E-02   0.000E+00   0.000E+00   0.000E+00   0.000E+00   0.000E+00   0.000E+00   0.000E+00      0.000E+00   0.000E+00   0.000E+00   00000   0.000E+00   0.000E+00        78.0   78.0   30.0
  347   1.000519E+04   2.000000E+00   1.849E+10   1.693E+28   1.112E-05      5.021E-02   0.000E+00   0.000E+00   0.000E+00   0.000E+00   0.000E+00   0.000E+00   0.000E+00      0.000E+00   0.000E+00   0.000E+00   00000   0.000E+00   0.000E+00        78.0   78.0   30.0
  348   1.000582E+04   2.000000E+00   1.780E+10   1.614E+28   1.070E-05      4.957E-02   0.000E+00   0.000E+00   0.000E+00   0.000E+00   0.000E+00   0.000E+00   0.000E+00      0.000E+00   0.000E+00   0.000E+00   00000   0.000E+00   0.000E+00        78.0   78.0   30.0
  349   1.000646E+04   2.000000E+00   1.713E+10   1.535E+28   1.030E-05      4.894E-02   0.000E+00   0.000E+00   0.000E+00   0.000E+00   0.000E+00   0.000E+00   0.000E+00      0.000E+00   0.000E+00   0.000E+00   00000   0.000E+00   0.000E+00        78.0   78.0   30.0
  350   1.000709E+04   2.000000E+00   1.648E+10   1.457E+28   9.909E-06      4.850E-02   0.000E+00   0.000E+00   0.000E+00   0.000E+00   0.000E+00   0.000E+00   0.000E+00      0.000E+00   0.000E+00   0.000E+00   00000   0.000E+00   0.000E+00        72.0   72.0   28.0
  351   1.000772E+04   2.000000E+00   1.586E+10   1.378E+28   9.535E-06      4.788E-02   0.000E+00   0.000E+00   0.000E+00   0.000E+00   0.000E+00   0.000E+00   0.000E+00      0.000E+00   0.000E+00   0.000E+00   00000   0.000E+00   0.000E+00        72.0   72.0   28.0
  352   1.000836E+04   2.000000E+00   1.526E+10   1.299E+28   9.175E-06      4.727E-02   0.000E+00   0.000E+00   0.000E+00   0.000E+00   0.000E+00   0.000E+00   0.000E+00      0.000E+00   0.000E+00   0.000E+00   00000   0.000E+00   0.000E+00        72.0   72.0   28.0
  353   1.000897E+04   2.000000E+00   1.469E+10   1.242E+28   8.829E-06      4.667E-02   0.000E+00   0.000E+00   0.000E+00   0.000E+00   0.000E+00   0.000E+00   0.000E+00      0.000E+00   0.000E+00   0.000E+00   00000   0.000E+00   0.000E+00        72.0   72.0   28.0
  354   1.000957E+04   2.000000E+00   1.413E+10   1.194E+28   8.496E-06      4.608E-02   0.000E+00   0.000E+00   0.000E+00   0.000E+00   0.000E+00   0.000E+00   0.000E+00      0.000E+00   0.000E+00   0.000E+00   00000   0.000E+00   0.000E+00        72.0   72.0   28.0
  355   1.001016E+04   2.000000E+00   1.360E+10   1.145E+28   8.176E-06      4.549E-02   0.000E+00   0.000E+00   0.000E+00   0.000E+00   0.000E+00   0.000E+00   0.000E+00      0.000E+00   0.000E+00   0.000E+00   00000   0.000E+00   0.000E+00        72.0   72.0   28.0
  356   1.001076E+04   2.000000E+00   1.309E+10   1.097E+28   7.867E-06      4.491E-02   0.000E+00   0.000E+00   0.000E+00   0.000E+00   0.000E+00   0.000E+00   0.000E+00      0.000E+00   0.000E+00   0.000E+00   00000   0.000E+00   0.000E+00        72.0   72.0   28.0
  357   1.001136E+04   2.000000E+00   1.259E+10   1.049E+28   7.571E-06      4.493E-02   0.000E+00   0.000E+00   0.000E+00   0.000E+00   0.000E+00   0.000E+00   0.000E+00      0.000E+00   0.000E+00   0.000E+00   00000   0.000E+00   0.000E+00        84.0   84.0   34.0
  358   1.001196E+04   2.000000E+00   1.212E+10   1.001E+28   7.285E-06      4.436E-02   0.000E+00   0.000E+00   0.000E+00   0.000E+00   0.000E+00   0.000E+00   0.000E+00      0.000E+00   0.000E+00   0.000E+00   00000   0.000E+00   0.000E+00        84.0   84.0   34.0
  359   1.001256E+04   2.000000E+00   1.166E+10   9.526E+27   7.010E-06      4.380E-02   0.000E+00   0.000E+00   0.000E+00   0.000E+00   0.000E+00   0.000E+00   0.000E+00      0.000E+00   0.000E+00   0.000E+00   00000   0.000E+00   0.000E+00        84.0   84.0   34.0
  360   1.001316E+04   2.000000E+00   1.122E+10   9.043E+27   6.746E-06      4.324E-02   0.000E+00   0.000E+00   0.000E+00   0.000E+00   0.000E+00   0.000E+00   0.000E+00      0.000E+00   0.000E+00   0.000E+00   00000   0.000E+00   0.000E+00        84.0   84.0   34.0
  361   1.001375E+04   2.000000E+00   1.080E+10   8.561E+27   6.491E-06      4.269E-02   0.000E+00   0.000E+00   0.000E+00   0.000E+00   0.000E+00   0.000E+00   0.000E+00      0.000E+00   0.000E+00   0.000E+00   00000   0.000E+00   0.000E+00        84.0   84.0   34.0
  362   1.001435E+04   2.000000E+00   1.039E+10   8.079E+27   6.246E-06      4.215E-02   0.000E+00   0.000E+00   0.000E+00   0.000E+00   0.000E+00   0.000E+00   0.000E+00      0.000E+00   0.000E+00   0.000E+00   00000   0.000E+00   0.000E+00        84.0   84.0   34.0
  363   1.001495E+04   2.000000E+00   1.000E+10   7.597E+27   6.011E-06      4.161E-02   0.000E+00   0.000E+00   0.000E+00   0.000E+00   0.000E+00   0.000E+00   0.000E+00      0.000E+00   0.000E+00   0.000E+00   00000   0.000E+00   0.000E+00        84.0   84.0   34.0
