         5       363       111       267

EOS                                                                            

  i            rad           emas         rho         pres          nb           kf(e)      kf(mu)       kf(p)       kf(n)      kf(la)      kf(S-)      kf(S0)      kf(S+)         Tc(n)       Tc(p)      Tc(la)    Durca        mstn        mstp  nSF   Acel   Aion   Zion

    0   0.000000E+00   0.000000E+00   5.824E+15   3.992E+36   1.512E+00      1.527E+00   1.430E+00   1.865E+00   3.370E+00   0.000E+00   0.000E+00   0.000E+00   0.000E+00      5.231E+04   1.000E+00   1.000E+00   10000   4.255E-01   4.255E-01  3p2   N/A    N/A    N/A 
    1   2.220043E+03   1.146238E-01   4.408E+15   2.878E+36   1.288E+00      1.452E+00   1.350E+00   1.767E+00   3.196E+00   0.000E+00   0.000E+00   0.000E+00   0.000E+00      4.139E+05   1.000E+00   1.000E+00   10000   4.756E-01   4.756E-01  3p2   N/A    N/A    N/A 
    2   2.797079E+03   2.078274E-01   3.799E+15   2.405E+36   1.182E+00      1.413E+00   1.307E+00   1.716E+00   3.105E+00   0.000E+00   0.000E+00   0.000E+00   0.000E+00      1.102E+06   1.000E+00   1.000E+00   10000   5.032E-01   5.032E-01  3p2   N/A    N/A    N/A 
    3   3.201856E+03   2.903251E-01   3.380E+15   2.081E+36   1.103E+00      1.382E+00   1.275E+00   1.677E+00   3.034E+00   0.000E+00   0.000E+00   0.000E+00   0.000E+00      2.255E+06   1.000E+00   1.000E+00   10000   5.251E-01   5.251E-01  3p2   N/A    N/A    N/A 
    4   3.524099E+03   3.651182E-01   3.063E+15   1.838E+36   1.040E+00      1.357E+00   1.247E+00   1.644E+00   2.976E+00   0.000E+00   0.000E+00   0.000E+00   0.000E+00      3.961E+06   1.000E+00   1.000E+00   10000   5.436E-01   5.436E-01  3p2   N/A    N/A    N/A 
    5   3.796220E+03   4.329028E-01   2.812E+15   1.647E+36   9.877E-01      1.335E+00   1.223E+00   1.615E+00   2.925E+00   0.000E+00   0.000E+00   0.000E+00   0.000E+00      6.313E+06   1.000E+00   1.000E+00   10000   5.599E-01   5.599E-01  3p2   N/A    N/A    N/A 
    6   4.034086E+03   4.943901E-01   2.600E+15   1.486E+36   9.417E-01      1.315E+00   1.202E+00   1.589E+00   2.879E+00   0.000E+00   0.000E+00   0.000E+00   0.000E+00      9.466E+06   1.000E+00   1.000E+00   10000   5.747E-01   5.747E-01  3p2   N/A    N/A    N/A 
    7   4.246790E+03   5.524494E-01   2.427E+15   1.356E+36   9.028E-01      1.298E+00   1.182E+00   1.566E+00   2.839E+00   0.000E+00   0.000E+00   0.000E+00   0.000E+00      1.329E+07   1.000E+00   1.000E+00   10000   5.877E-01   5.877E-01  3p2   N/A    N/A    N/A 
    8   4.440086E+03   6.065004E-01   2.277E+15   1.244E+36   8.677E-01      1.282E+00   1.165E+00   1.545E+00   2.802E+00   0.000E+00   0.000E+00   0.000E+00   0.000E+00      1.799E+07   1.000E+00   1.000E+00   10000   5.998E-01   5.998E-01  3p2   N/A    N/A    N/A 
    9   4.617876E+03   6.562153E-01   2.138E+15   1.140E+36   8.344E-01      1.266E+00   1.147E+00   1.524E+00   2.766E+00   0.000E+00   0.000E+00   0.000E+00   0.000E+00      2.390E+07   1.000E+00   1.000E+00   10000   6.116E-01   6.116E-01  3p2   N/A    N/A    N/A 
   10   4.782938E+03   7.048373E-01   2.030E+15   1.061E+36   8.076E-01      1.253E+00   1.133E+00   1.507E+00   2.736E+00   0.000E+00   0.000E+00   0.000E+00   0.000E+00      2.998E+07   1.000E+00   1.000E+00   10000   6.213E-01   6.213E-01  3p2   N/A    N/A    N/A 
   11   4.937332E+03   7.503311E-01   1.929E+15   9.863E+35   7.818E-01      1.240E+00   1.119E+00   1.490E+00   2.707E+00   0.000E+00   0.000E+00   0.000E+00   0.000E+00      3.718E+07   1.000E+00   1.000E+00   10000   6.308E-01   6.308E-01  3p2   N/A    N/A    N/A 
   12   5.082630E+03   7.931448E-01   1.834E+15   9.163E+35   7.570E-01      1.228E+00   1.105E+00   1.473E+00   2.678E+00   0.000E+00   0.000E+00   0.000E+00   0.000E+00      4.565E+07   1.000E+00   1.000E+00   10000   6.402E-01   6.402E-01  3p2   N/A    N/A    N/A 
   13   5.220064E+03   8.340929E-01   1.751E+15   8.550E+35   7.345E-01      1.216E+00   1.092E+00   1.458E+00   2.652E+00   0.000E+00   0.000E+00   0.000E+00   0.000E+00      5.486E+07   1.000E+00   1.000E+00   10000   6.488E-01   6.488E-01  3p2   N/A    N/A    N/A 
   14   5.350620E+03   8.737561E-01   1.681E+15   8.048E+35   7.154E-01      1.206E+00   1.080E+00   1.444E+00   2.629E+00   0.000E+00   0.000E+00   0.000E+00   0.000E+00      6.403E+07   1.000E+00   1.000E+00   10000   6.562E-01   6.562E-01  3p2   N/A    N/A    N/A 
   15   5.475097E+03   9.115725E-01   1.615E+15   7.570E+35   6.967E-01      1.195E+00   1.069E+00   1.431E+00   2.606E+00   0.000E+00   0.000E+00   0.000E+00   0.000E+00      7.433E+07   1.000E+00   1.000E+00   10000   6.636E-01   6.636E-01  3p2   N/A    N/A    N/A 
   16   5.594158E+03   9.477436E-01   1.551E+15   7.112E+35   6.786E-01      1.185E+00   1.057E+00   1.417E+00   2.584E+00   0.000E+00   0.000E+00   0.000E+00   0.000E+00      8.581E+07   1.000E+00   1.000E+00   10000   6.709E-01   6.709E-01  3p2   N/A    N/A    N/A 
   17   5.708355E+03   9.824372E-01   1.490E+15   6.674E+35   6.608E-01      1.175E+00   1.046E+00   1.404E+00   2.561E+00   0.000E+00   0.000E+00   0.000E+00   0.000E+00      9.861E+07   1.000E+00   1.000E+00   10000   6.781E-01   6.781E-01  3p2   N/A    N/A    N/A 
   18   5.818159E+03   1.016080E+00   1.439E+15   6.309E+35   6.454E-01      1.166E+00   1.036E+00   1.392E+00   2.541E+00   0.000E+00   0.000E+00   0.000E+00   0.000E+00      1.111E+08   1.000E+00   1.000E+00   10000   6.844E-01   6.844E-01  3p2   N/A    N/A    N/A 
   19   5.923966E+03   1.048677E+00   1.394E+15   5.994E+35   6.318E-01      1.158E+00   1.027E+00   1.381E+00   2.524E+00   0.000E+00   0.000E+00   0.000E+00   0.000E+00      1.232E+08   1.000E+00   1.000E+00   10000   6.901E-01   6.901E-01  3p2   N/A    N/A    N/A 
   20   6.026124E+03   1.080150E+00   1.351E+15   5.689E+35   6.183E-01      1.150E+00   1.018E+00   1.371E+00   2.506E+00   0.000E+00   0.000E+00   0.000E+00   0.000E+00      1.364E+08   1.000E+00   1.000E+00   10000   6.957E-01   6.957E-01  3p2   N/A    N/A    N/A 
   21   6.124930E+03   1.110590E+00   1.309E+15   5.395E+35   6.051E-01      1.142E+00   1.008E+00   1.360E+00   2.488E+00   0.000E+00   0.000E+00   0.000E+00   0.000E+00      1.505E+08   1.000E+00   1.000E+00   10000   7.013E-01   7.013E-01  3p2   N/A    N/A    N/A 
   22   6.220648E+03   1.140079E+00   1.268E+15   5.110E+35   5.921E-01      1.134E+00   9.992E-01   1.349E+00   2.470E+00   0.000E+00   0.000E+00   0.000E+00   0.000E+00      1.657E+08   1.000E+00   1.000E+00   10000   7.068E-01   7.068E-01  3p2   N/A    N/A    N/A 
   23   6.313507E+03   1.168687E+00   1.228E+15   4.833E+35   5.792E-01      1.125E+00   9.899E-01   1.338E+00   2.453E+00   0.000E+00   0.000E+00   0.000E+00   0.000E+00      1.819E+08   1.000E+00   1.000E+00   10000   7.123E-01   7.123E-01  3p2   N/A    N/A    N/A 
   24   6.403712E+03   1.196511E+00   1.194E+15   4.599E+35   5.681E-01      1.118E+00   9.815E-01   1.328E+00   2.437E+00   0.000E+00   0.000E+00   0.000E+00   0.000E+00      1.971E+08   1.000E+00   1.000E+00   10000   7.172E-01   7.172E-01  3p2   N/A    N/A    N/A 
   25   6.491445E+03   1.223599E+00   1.165E+15   4.401E+35   5.582E-01      1.112E+00   9.740E-01   1.320E+00   2.423E+00   0.000E+00   0.000E+00   0.000E+00   0.000E+00      2.115E+08   1.000E+00   1.000E+00   10000   7.215E-01   7.215E-01  3p2   N/A    N/A    N/A 
   26   6.576869E+03   1.249975E+00   1.136E+15   4.207E+35   5.484E-01      1.105E+00   9.665E-01   1.311E+00   2.409E+00   0.000E+00   0.000E+00   0.000E+00   0.000E+00      2.264E+08   1.000E+00   1.000E+00   10000   7.258E-01   7.258E-01  3p2   N/A    N/A    N/A 
   27   6.660129E+03   1.275682E+00   1.108E+15   4.018E+35   5.388E-01      1.098E+00   9.589E-01   1.302E+00   2.396E+00   0.000E+00   0.000E+00   0.000E+00   0.000E+00      2.420E+08   1.000E+00   1.000E+00   10000   7.300E-01   7.300E-01  3p2   N/A    N/A    N/A 
   28   6.741358E+03   1.300762E+00   1.081E+15   3.835E+35   5.293E-01      1.092E+00   9.513E-01   1.293E+00   2.382E+00   0.000E+00   0.000E+00   0.000E+00   0.000E+00      2.583E+08   1.000E+00   1.000E+00   10000   7.342E-01   7.342E-01  3p2   N/A    N/A    N/A 
   29   6.820675E+03   1.325253E+00   1.055E+15   3.655E+35   5.199E-01      1.085E+00   9.436E-01   1.284E+00   2.368E+00   0.000E+00   0.000E+00   0.000E+00   0.000E+00      2.753E+08   1.000E+00   1.000E+00   10000   7.384E-01   7.384E-01  3p2   N/A    N/A    N/A 
   30   6.898189E+03   1.349186E+00   1.028E+15   3.479E+35   5.106E-01      1.078E+00   9.358E-01   1.275E+00   2.354E+00   0.000E+00   0.000E+00   0.000E+00   0.000E+00      2.930E+08   1.000E+00   1.000E+00   00000   7.426E-01   7.426E-01  3p2   N/A    N/A    N/A 
   31   6.974000E+03   1.372586E+00   1.003E+15   3.310E+35   5.015E-01      1.071E+00   9.280E-01   1.266E+00   2.340E+00   0.000E+00   0.000E+00   0.000E+00   0.000E+00      3.110E+08   1.000E+00   1.000E+00   00000   7.468E-01   7.468E-01  3p2   N/A    N/A    N/A 
   32   7.048197E+03   1.395367E+00   9.836E+14   3.184E+35   4.942E-01      1.066E+00   9.217E-01   1.259E+00   2.329E+00   0.000E+00   0.000E+00   0.000E+00   0.000E+00      3.261E+08   1.000E+00   1.000E+00   00000   7.501E-01   7.501E-01  3p2   N/A    N/A    N/A 
   33   7.120864E+03   1.417678E+00   9.642E+14   3.060E+35   4.870E-01      1.060E+00   9.154E-01   1.251E+00   2.318E+00   0.000E+00   0.000E+00   0.000E+00   0.000E+00      3.414E+08   1.000E+00   1.000E+00   00000   7.533E-01   7.533E-01  3p2   N/A    N/A    N/A 
   34   7.192077E+03   1.439543E+00   9.452E+14   2.938E+35   4.799E-01      1.055E+00   9.089E-01   1.244E+00   2.307E+00   0.000E+00   0.000E+00   0.000E+00   0.000E+00      3.572E+08   1.000E+00   1.000E+00   00000   7.566E-01   7.566E-01  3p2   N/A    N/A    N/A 
   35   7.261908E+03   1.460984E+00   9.266E+14   2.819E+35   4.728E-01      1.049E+00   9.024E-01   1.236E+00   2.296E+00   0.000E+00   0.000E+00   0.000E+00   0.000E+00      3.733E+08   1.000E+00   1.000E+00   00000   7.599E-01   7.599E-01  3p2   N/A    N/A    N/A 
   36   7.330420E+03   1.482020E+00   9.083E+14   2.703E+35   4.658E-01      1.044E+00   8.959E-01   1.229E+00   2.285E+00   0.000E+00   0.000E+00   0.000E+00   0.000E+00      3.897E+08   1.000E+00   1.000E+00   00000   7.631E-01   7.631E-01  3p2   N/A    N/A    N/A 
   37   7.397676E+03   1.502670E+00   8.904E+14   2.588E+35   4.588E-01      1.038E+00   8.892E-01   1.221E+00   2.274E+00   0.000E+00   0.000E+00   0.000E+00   0.000E+00      4.066E+08   1.000E+00   1.000E+00   00000   7.663E-01   7.663E-01  3p2   N/A    N/A    N/A 
   38   7.463730E+03   1.522950E+00   8.728E+14   2.475E+35   4.520E-01      1.032E+00   8.825E-01   1.214E+00   2.263E+00   0.000E+00   0.000E+00   0.000E+00   0.000E+00      4.236E+08   1.000E+00   1.000E+00   00000   7.695E-01   7.695E-01  3p2   N/A    N/A    N/A 
   39   7.528635E+03   1.542879E+00   8.555E+14   2.365E+35   4.451E-01      1.026E+00   8.757E-01   1.206E+00   2.252E+00   0.000E+00   0.000E+00   0.000E+00   0.000E+00      4.411E+08   1.000E+00   1.000E+00   00000   7.727E-01   7.727E-01  3p2   N/A    N/A    N/A 
   40   7.592440E+03   1.562434E+00   8.389E+14   2.260E+35   4.385E-01      1.021E+00   8.689E-01   1.198E+00   2.242E+00   0.000E+00   0.000E+00   0.000E+00   0.000E+00      4.584E+08   1.000E+00   1.000E+00   00000   7.758E-01   7.758E-01  3p2   N/A    N/A    N/A 
   41   7.655191E+03   1.581471E+00   8.254E+14   2.180E+35   4.330E-01      1.016E+00   8.634E-01   1.192E+00   2.233E+00   0.000E+00   0.000E+00   0.000E+00   0.000E+00      4.729E+08   1.000E+00   1.000E+00   00000   7.784E-01   7.784E-01  3p2   N/A    N/A    N/A 
   42   7.716929E+03   1.600202E+00   8.120E+14   2.101E+35   4.276E-01      1.011E+00   8.576E-01   1.185E+00   2.224E+00   0.000E+00   0.000E+00   0.000E+00   0.000E+00      4.877E+08   1.000E+00   1.000E+00   00000   7.810E-01   7.810E-01  3p2   N/A    N/A    N/A 
   43   7.777694E+03   1.618637E+00   7.988E+14   2.023E+35   4.221E-01      1.006E+00   8.517E-01   1.178E+00   2.215E+00   0.000E+00   0.000E+00   0.000E+00   0.000E+00      5.026E+08   1.000E+00   1.000E+00   00000   7.836E-01   7.836E-01  3p2   N/A    N/A    N/A 
   44   7.837526E+03   1.636789E+00   7.859E+14   1.946E+35   4.168E-01      1.001E+00   8.460E-01   1.172E+00   2.206E+00   0.000E+00   0.000E+00   0.000E+00   0.000E+00      5.176E+08   1.000E+00   1.000E+00   00000   7.861E-01   7.861E-01  3p2   N/A    N/A    N/A 
   45   7.896456E+03   1.654667E+00   7.731E+14   1.871E+35   4.115E-01      9.962E-01   8.400E-01   1.165E+00   2.197E+00   0.000E+00   0.000E+00   0.000E+00   0.000E+00      5.327E+08   1.000E+00   1.000E+00   00000   7.886E-01   7.886E-01  3p2   N/A    N/A    N/A 
   46   7.954521E+03   1.672283E+00   7.605E+14   1.796E+35   4.061E-01      9.911E-01   8.340E-01   1.158E+00   2.188E+00   0.000E+00   0.000E+00   0.000E+00   0.000E+00      5.479E+08   1.000E+00   1.000E+00   00000   7.912E-01   7.912E-01  3p2   N/A    N/A    N/A 
   47   8.011749E+03   1.689645E+00   7.481E+14   1.723E+35   4.009E-01      9.861E-01   8.280E-01   1.151E+00   2.179E+00   0.000E+00   0.000E+00   0.000E+00   0.000E+00      5.632E+08   1.000E+00   1.000E+00   00000   7.937E-01   7.937E-01  3p2   N/A    N/A    N/A 
   48   8.068172E+03   1.706763E+00   7.359E+14   1.651E+35   3.957E-01      9.808E-01   8.218E-01   1.144E+00   2.170E+00   0.000E+00   0.000E+00   0.000E+00   0.000E+00      5.786E+08   1.000E+00   1.000E+00   00000   7.962E-01   7.962E-01  3p2   N/A    N/A    N/A 
   49   8.123816E+03   1.723645E+00   7.239E+14   1.580E+35   3.904E-01      9.756E-01   8.155E-01   1.137E+00   2.161E+00   0.000E+00   0.000E+00   0.000E+00   0.000E+00      5.940E+08   1.000E+00   1.000E+00   00000   7.987E-01   7.987E-01  3p2   N/A    N/A    N/A 
   50   8.178708E+03   1.740282E+00   7.121E+14   1.510E+35   3.853E-01      9.704E-01   8.093E-01   1.130E+00   2.152E+00   0.000E+00   0.000E+00   0.000E+00   0.000E+00      6.093E+08   1.000E+00   1.000E+00   00000   8.012E-01   8.012E-01  3p2   N/A    N/A    N/A 
   51   8.232874E+03   1.756405E+00   7.021E+14   1.458E+35   3.809E-01      9.658E-01   8.038E-01   1.124E+00   2.144E+00   0.000E+00   0.000E+00   0.000E+00   0.000E+00      6.226E+08   1.000E+00   1.000E+00   00000   8.033E-01   8.033E-01  3p2   N/A    N/A    N/A 
   52   8.286335E+03   1.772318E+00   6.922E+14   1.406E+35   3.765E-01      9.612E-01   7.982E-01   1.118E+00   2.136E+00   0.000E+00   0.000E+00   0.000E+00   0.000E+00      6.358E+08   1.000E+00   1.000E+00   00000   8.054E-01   8.054E-01  3p2   N/A    N/A    N/A 
   53   8.339116E+03   1.788028E+00   6.824E+14   1.354E+35   3.722E-01      9.566E-01   7.927E-01   1.112E+00   2.129E+00   0.000E+00   0.000E+00   0.000E+00   0.000E+00      6.489E+08   1.000E+00   1.000E+00   00000   8.075E-01   8.075E-01  3p2   N/A    N/A    N/A 
   54   8.391237E+03   1.803542E+00   6.728E+14   1.304E+35   3.679E-01      9.519E-01   7.870E-01   1.105E+00   2.121E+00   0.000E+00   0.000E+00   0.000E+00   0.000E+00      6.621E+08   1.000E+00   1.000E+00   00000   8.096E-01   8.096E-01  3p2   N/A    N/A    N/A 
   55   8.442718E+03   1.818866E+00   6.633E+14   1.254E+35   3.636E-01      9.471E-01   7.812E-01   1.099E+00   2.113E+00   0.000E+00   0.000E+00   0.000E+00   0.000E+00      6.752E+08   1.000E+00   1.000E+00   00000   8.117E-01   8.117E-01  3p2   N/A    N/A    N/A 
   56   8.493579E+03   1.834005E+00   6.539E+14   1.205E+35   3.593E-01      9.424E-01   7.754E-01   1.092E+00   2.106E+00   0.000E+00   0.000E+00   0.000E+00   0.000E+00      6.882E+08   1.000E+00   1.000E+00   00000   8.138E-01   8.138E-01  3p2   N/A    N/A    N/A 
   57   8.543838E+03   1.848965E+00   6.446E+14   1.156E+35   3.551E-01      9.375E-01   7.695E-01   1.086E+00   2.098E+00   0.000E+00   0.000E+00   0.000E+00   0.000E+00      7.011E+08   1.000E+00   1.000E+00   00000   8.159E-01   8.159E-01  3p2   N/A    N/A    N/A 
   58   8.593513E+03   1.863750E+00   6.354E+14   1.108E+35   3.508E-01      9.326E-01   7.635E-01   1.079E+00   2.090E+00   0.000E+00   0.000E+00   0.000E+00   0.000E+00      7.141E+08   1.000E+00   1.000E+00   00000   8.180E-01   8.180E-01  3p2   N/A    N/A    N/A 
   59   8.642619E+03   1.878367E+00   6.264E+14   1.060E+35   3.466E-01      9.276E-01   7.574E-01   1.072E+00   2.082E+00   0.000E+00   0.000E+00   0.000E+00   0.000E+00      7.269E+08   1.000E+00   1.000E+00   00000   8.201E-01   8.201E-01  3p2   N/A    N/A    N/A 
   60   8.691175E+03   1.892820E+00   6.174E+14   1.013E+35   3.424E-01      9.227E-01   7.514E-01   1.065E+00   2.075E+00   0.000E+00   0.000E+00   0.000E+00   0.000E+00      7.395E+08   1.000E+00   1.000E+00   00000   8.221E-01   8.221E-01  3p2   N/A    N/A    N/A 
   61   8.739193E+03   1.907020E+00   6.087E+14   9.686E+34   3.383E-01      9.176E-01   7.451E-01   1.059E+00   2.067E+00   0.000E+00   0.000E+00   0.000E+00   0.000E+00      7.519E+08   1.000E+00   1.000E+00   00000   8.241E-01   8.241E-01  3p2   N/A    N/A    N/A 
   62   8.786690E+03   1.920755E+00   6.007E+14   9.332E+34   3.345E-01      9.129E-01   7.394E-01   1.052E+00   2.060E+00   0.000E+00   0.000E+00   0.000E+00   0.000E+00      7.632E+08   1.000E+00   1.000E+00   00000   8.260E-01   8.260E-01  3p2   N/A    N/A    N/A 
   63   8.833678E+03   1.934343E+00   5.928E+14   8.982E+34   3.308E-01      9.082E-01   7.336E-01   1.046E+00   2.053E+00   0.000E+00   0.000E+00   0.000E+00   0.000E+00      7.744E+08   1.000E+00   1.000E+00   00000   8.279E-01   8.279E-01  3p2   N/A    N/A    N/A 
   64   8.880172E+03   1.947788E+00   5.850E+14   8.635E+34   3.270E-01      9.034E-01   7.276E-01   1.039E+00   2.046E+00   0.000E+00   0.000E+00   0.000E+00   0.000E+00      7.855E+08   1.000E+00   1.000E+00   00000   8.297E-01   8.297E-01  3p2   N/A    N/A    N/A 
   65   8.926184E+03   1.961093E+00   5.772E+14   8.292E+34   3.233E-01      8.986E-01   7.216E-01   1.033E+00   2.038E+00   0.000E+00   0.000E+00   0.000E+00   0.000E+00      7.965E+08   1.000E+00   1.000E+00   00000   8.316E-01   8.316E-01  3p2   N/A    N/A    N/A 
   66   8.971727E+03   1.974263E+00   5.696E+14   7.952E+34   3.196E-01      8.938E-01   7.156E-01   1.026E+00   2.031E+00   0.000E+00   0.000E+00   0.000E+00   0.000E+00      8.073E+08   1.000E+00   1.000E+00   00000   8.334E-01   8.334E-01  3p2   N/A    N/A    N/A 
   67   9.016812E+03   1.987300E+00   5.620E+14   7.616E+34   3.159E-01      8.888E-01   7.094E-01   1.019E+00   2.024E+00   0.000E+00   0.000E+00   0.000E+00   0.000E+00      8.179E+08   1.000E+00   1.000E+00   00000   8.353E-01   8.353E-01  3p2   N/A    N/A    N/A 
   68   9.061450E+03   2.000208E+00   5.544E+14   7.283E+34   3.122E-01      8.838E-01   7.031E-01   1.012E+00   2.017E+00   0.000E+00   0.000E+00   0.000E+00   0.000E+00      8.284E+08   1.000E+00   1.000E+00   00000   8.371E-01   8.371E-01  3p2   N/A    N/A    N/A 
   69   9.105653E+03   2.012991E+00   5.470E+14   6.954E+34   3.085E-01      8.788E-01   6.968E-01   1.006E+00   2.010E+00   0.000E+00   0.000E+00   0.000E+00   0.000E+00      8.386E+08   1.000E+00   1.000E+00   00000   8.390E-01   8.390E-01  3p2   N/A    N/A    N/A 
   70   9.149431E+03   2.025650E+00   5.396E+14   6.627E+34   3.049E-01      8.738E-01   6.904E-01   9.988E-01   2.003E+00   0.000E+00   0.000E+00   0.000E+00   0.000E+00      8.487E+08   1.000E+00   1.000E+00   00000   8.408E-01   8.408E-01  3p2   N/A    N/A    N/A 
   71   9.192793E+03   2.038189E+00   5.323E+14   6.304E+34   3.012E-01      8.686E-01   6.839E-01   9.917E-01   1.995E+00   0.000E+00   0.000E+00   0.000E+00   0.000E+00      8.585E+08   1.000E+00   1.000E+00   00000   8.426E-01   8.426E-01  3p2   N/A    N/A    N/A 
   72   9.235751E+03   2.050409E+00   5.251E+14   6.010E+34   2.976E-01      8.634E-01   6.773E-01   9.846E-01   1.988E+00   0.000E+00   0.000E+00   0.000E+00   0.000E+00      8.681E+08   1.000E+00   1.000E+00   00000   8.444E-01   8.444E-01  3p2   N/A    N/A    N/A 
   73   9.278313E+03   2.062190E+00   5.180E+14   5.762E+34   2.940E-01      8.583E-01   6.708E-01   9.776E-01   1.981E+00   0.000E+00   0.000E+00   0.000E+00   0.000E+00      8.775E+08   1.000E+00   1.000E+00   00000   8.462E-01   8.462E-01  3p2   N/A    N/A    N/A 
   74   9.320488E+03   2.073864E+00   5.110E+14   5.517E+34   2.904E-01      8.530E-01   6.640E-01   9.703E-01   1.973E+00   0.000E+00   0.000E+00   0.000E+00   0.000E+00      8.866E+08   1.000E+00   1.000E+00   00000   8.480E-01   8.480E-01  3p2   N/A    N/A    N/A 
   75   9.362284E+03   2.085433E+00   5.040E+14   5.273E+34   2.869E-01      8.478E-01   6.572E-01   9.631E-01   1.966E+00   0.000E+00   0.000E+00   0.000E+00   0.000E+00      8.954E+08   1.000E+00   1.000E+00   00000   8.498E-01   8.498E-01  3p2   N/A    N/A    N/A 
   76   9.403710E+03   2.096899E+00   4.970E+14   5.032E+34   2.834E-01      8.425E-01   6.505E-01   9.558E-01   1.959E+00   0.000E+00   0.000E+00   0.000E+00   0.000E+00      9.040E+08   1.000E+00   1.000E+00   00000   8.516E-01   8.516E-01  3p2   N/A    N/A    N/A 
   77   9.444776E+03   2.108266E+00   4.902E+14   4.793E+34   2.798E-01      8.371E-01   6.434E-01   9.484E-01   1.951E+00   0.000E+00   0.000E+00   0.000E+00   0.000E+00      9.123E+08   1.000E+00   1.000E+00   00000   8.534E-01   8.534E-01  3p2   N/A    N/A    N/A 
   78   9.485486E+03   2.119534E+00   4.834E+14   4.556E+34   2.763E-01      8.317E-01   6.364E-01   9.409E-01   1.944E+00   0.000E+00   0.000E+00   0.000E+00   0.000E+00      9.203E+08   1.000E+00   1.000E+00   00000   8.552E-01   8.552E-01  3p2   N/A    N/A    N/A 
   79   9.525850E+03   2.130706E+00   4.766E+14   4.320E+34   2.728E-01      8.263E-01   6.293E-01   9.335E-01   1.937E+00   0.000E+00   0.000E+00   0.000E+00   0.000E+00      9.280E+08   1.000E+00   1.000E+00   00000   8.569E-01   8.569E-01  3p2   N/A    N/A    N/A 
   80   9.565876E+03   2.141785E+00   4.699E+14   4.087E+34   2.693E-01      8.208E-01   6.220E-01   9.258E-01   1.929E+00   0.000E+00   0.000E+00   0.000E+00   0.000E+00      9.354E+08   1.000E+00   1.000E+00   00000   8.587E-01   8.587E-01  3p2   N/A    N/A    N/A 
   81   9.605568E+03   2.152772E+00   4.633E+14   3.856E+34   2.658E-01      8.153E-01   6.147E-01   9.182E-01   1.922E+00   0.000E+00   0.000E+00   0.000E+00   0.000E+00      9.425E+08   1.000E+00   1.000E+00   00000   8.605E-01   8.605E-01  3p2   N/A    N/A    N/A 
   82   9.644936E+03   2.163473E+00   4.565E+14   3.641E+34   2.623E-01      8.096E-01   6.072E-01   9.104E-01   1.914E+00   0.000E+00   0.000E+00   0.000E+00   0.000E+00      9.494E+08   1.000E+00   1.000E+00   00000   8.623E-01   8.623E-01  3p2   N/A    N/A    N/A 
   83   9.683984E+03   2.173628E+00   4.494E+14   3.460E+34   2.585E-01      8.034E-01   5.990E-01   9.019E-01   1.906E+00   0.000E+00   0.000E+00   0.000E+00   0.000E+00      9.564E+08   1.000E+00   1.000E+00   00000   8.642E-01   8.642E-01  3p2   N/A    N/A    N/A 
   84   9.722721E+03   2.183702E+00   4.423E+14   3.281E+34   2.547E-01      7.973E-01   5.908E-01   8.934E-01   1.897E+00   0.000E+00   0.000E+00   0.000E+00   0.000E+00      9.629E+08   1.000E+00   1.000E+00   00000   8.661E-01   8.661E-01  3p2   N/A    N/A    N/A 
   85   9.761151E+03   2.193696E+00   4.353E+14   3.103E+34   2.510E-01      7.911E-01   5.824E-01   8.848E-01   1.889E+00   0.000E+00   0.000E+00   0.000E+00   0.000E+00      9.690E+08   1.000E+00   1.000E+00   00000   8.681E-01   8.681E-01  3p2   N/A    N/A    N/A 
   86   9.799281E+03   2.203612E+00   4.283E+14   2.926E+34   2.472E-01      7.849E-01   5.739E-01   8.762E-01   1.880E+00   0.000E+00   0.000E+00   0.000E+00   0.000E+00      9.746E+08   1.000E+00   1.000E+00   00000   8.700E-01   8.700E-01  3p2   N/A    N/A    N/A 
   87   9.837117E+03   2.213452E+00   4.214E+14   2.751E+34   2.435E-01      7.787E-01   5.654E-01   8.676E-01   1.872E+00   0.000E+00   0.000E+00   0.000E+00   0.000E+00      9.797E+08   1.000E+00   1.000E+00   00000   8.719E-01   8.719E-01  3p2   N/A    N/A    N/A 
   88   9.874663E+03   2.223216E+00   4.145E+14   2.578E+34   2.398E-01      7.724E-01   5.567E-01   8.588E-01   1.863E+00   0.000E+00   0.000E+00   0.000E+00   0.000E+00      9.843E+08   1.000E+00   1.000E+00   00000   8.738E-01   8.738E-01  3p2   N/A    N/A    N/A 
   89   9.911927E+03   2.232907E+00   4.077E+14   2.405E+34   2.361E-01      7.662E-01   5.480E-01   8.501E-01   1.854E+00   0.000E+00   0.000E+00   0.000E+00   0.000E+00      9.883E+08   1.000E+00   1.000E+00   00000   8.757E-01   8.757E-01  3p2   N/A    N/A    N/A 
   90   9.948912E+03   2.242525E+00   4.009E+14   2.234E+34   2.324E-01      7.599E-01   5.392E-01   8.414E-01   1.845E+00   0.000E+00   0.000E+00   0.000E+00   0.000E+00      9.918E+08   1.000E+00   1.000E+00   00000   8.776E-01   8.776E-01  3p2   N/A    N/A    N/A 
   91   9.985624E+03   2.251600E+00   3.934E+14   2.084E+34   2.283E-01      7.529E-01   5.293E-01   8.316E-01   1.836E+00   0.000E+00   0.000E+00   0.000E+00   0.000E+00      9.950E+08   1.000E+00   1.000E+00   00000   8.797E-01   8.797E-01  3p2   N/A    N/A    N/A 
   92   1.002207E+04   2.260324E+00   3.856E+14   1.948E+34   2.240E-01      7.455E-01   5.187E-01   8.213E-01   1.825E+00   0.000E+00   0.000E+00   0.000E+00   0.000E+00      9.975E+08   1.000E+00   1.000E+00   00000   8.819E-01   8.819E-01  3p2   N/A    N/A    N/A 
   93   1.005825E+04   2.268984E+00   3.778E+14   1.813E+34   2.197E-01      7.381E-01   5.080E-01   8.109E-01   1.814E+00   0.000E+00   0.000E+00   0.000E+00   0.000E+00      9.992E+08   1.000E+00   1.000E+00   00000   8.841E-01   8.841E-01  3p2   N/A    N/A    N/A 
   94   1.009417E+04   2.277582E+00   3.701E+14   1.679E+34   2.154E-01      7.307E-01   4.972E-01   8.005E-01   1.803E+00   0.000E+00   0.000E+00   0.000E+00   0.000E+00      1.000E+09   2.749E+07   1.000E+00   00000   8.863E-01   8.863E-01  3p2   N/A    N/A    N/A 
   95   1.012984E+04   2.286120E+00   3.624E+14   1.546E+34   2.111E-01      7.233E-01   4.862E-01   7.901E-01   1.792E+00   0.000E+00   0.000E+00   0.000E+00   0.000E+00      9.998E+08   1.758E+08   1.000E+00   00000   8.885E-01   8.885E-01  3p2   N/A    N/A    N/A 
   96   1.016526E+04   2.294598E+00   3.548E+14   1.414E+34   2.069E-01      7.158E-01   4.751E-01   7.797E-01   1.781E+00   0.000E+00   0.000E+00   0.000E+00   0.000E+00      9.986E+08   3.897E+08   1.000E+00   00000   8.907E-01   8.907E-01  3p2   N/A    N/A    N/A 
   97   1.020043E+04   2.303017E+00   3.472E+14   1.283E+34   2.027E-01      7.084E-01   4.638E-01   7.693E-01   1.770E+00   0.000E+00   0.000E+00   0.000E+00   0.000E+00      9.964E+08   6.329E+08   1.000E+00   00000   8.929E-01   8.929E-01  3p2   N/A    N/A    N/A 
   98   1.023537E+04   2.310812E+00   3.384E+14   1.169E+34   1.977E-01      6.997E-01   4.504E-01   7.571E-01   1.757E+00   0.000E+00   0.000E+00   0.000E+00   0.000E+00      9.925E+08   9.071E+08   1.000E+00   00000   8.955E-01   8.955E-01  3p2   N/A    N/A    N/A 
   99   1.027006E+04   2.318287E+00   3.290E+14   1.063E+34   1.924E-01      6.903E-01   4.357E-01   7.439E-01   1.742E+00   0.000E+00   0.000E+00   0.000E+00   0.000E+00      9.866E+08   1.150E+09   1.000E+00   00000   8.982E-01   8.982E-01  3p2   N/A    N/A    N/A 
  100   1.030453E+04   2.325712E+00   3.197E+14   9.585E+33   1.871E-01      6.810E-01   4.208E-01   7.308E-01   1.727E+00   0.000E+00   0.000E+00   0.000E+00   0.000E+00      9.789E+08   1.353E+09   1.000E+00   00000   9.010E-01   9.010E-01  3p2   N/A    N/A    N/A 
  101   1.033876E+04   2.333087E+00   3.104E+14   8.544E+33   1.819E-01      6.716E-01   4.055E-01   7.177E-01   1.712E+00   0.000E+00   0.000E+00   0.000E+00   0.000E+00      9.693E+08   1.531E+09   1.000E+00   00000   9.037E-01   9.037E-01  3p2   N/A    N/A    N/A 
  102   1.037277E+04   2.340414E+00   3.012E+14   7.510E+33   1.766E-01      6.622E-01   3.897E-01   7.045E-01   1.696E+00   0.000E+00   0.000E+00   0.000E+00   0.000E+00      9.578E+08   1.699E+09   1.000E+00   00000   9.065E-01   9.065E-01  3p2   N/A    N/A    N/A 
  103   1.040656E+04   2.347290E+00   2.905E+14   6.569E+33   1.705E-01      6.513E-01   3.708E-01   6.891E-01   1.678E+00   0.000E+00   0.000E+00   0.000E+00   0.000E+00      9.419E+08   1.887E+09   1.000E+00   00000   9.097E-01   9.097E-01  3p2   N/A    N/A    N/A 
  104   1.044013E+04   2.353659E+00   2.782E+14   5.733E+33   1.635E-01      6.384E-01   3.476E-01   6.711E-01   1.656E+00   0.000E+00   0.000E+00   0.000E+00   0.000E+00      9.199E+08   2.098E+09   1.000E+00   00000   9.133E-01   9.133E-01  3p2   N/A    N/A    N/A 
  105   1.047348E+04   2.359986E+00   2.660E+14   4.903E+33   1.564E-01      6.254E-01   3.231E-01   6.529E-01   1.633E+00   0.000E+00   0.000E+00   0.000E+00   0.000E+00      8.941E+08   2.305E+09   1.000E+00   00000   9.170E-01   9.170E-01  3p2   N/A    N/A    N/A 
  106   1.050663E+04   2.366274E+00   2.538E+14   4.077E+33   1.494E-01      6.121E-01   2.966E-01   6.345E-01   1.609E+00   0.000E+00   0.000E+00   0.000E+00   0.000E+00      8.646E+08   2.504E+09   1.000E+00   00000   9.207E-01   9.207E-01  3p2   N/A    N/A    N/A 
  107   1.053956E+04   2.371821E+00   2.375E+14   3.375E+33   1.399E-01      5.937E-01   2.566E-01   6.093E-01   1.576E+00   0.000E+00   0.000E+00   0.000E+00   0.000E+00      8.187E+08   2.747E+09   1.000E+00   00000   9.257E-01   9.257E-01  3p2   N/A    N/A    N/A 
  108   1.057230E+04   2.377073E+00   2.197E+14   2.720E+33   1.296E-01      5.725E-01   2.030E-01   5.809E-01   1.538E+00   0.000E+00   0.000E+00   0.000E+00   0.000E+00      7.606E+08   2.992E+09   1.000E+00   00000   9.311E-01   9.311E-01  3p2   N/A    N/A    N/A 
  109   1.060483E+04   2.382186E+00   2.017E+14   2.085E+33   1.191E-01      5.494E-01   1.247E-01   5.515E-01   1.498E+00   0.000E+00   0.000E+00   0.000E+00   0.000E+00      6.936E+08   3.216E+09   1.000E+00   00000   9.367E-01   9.367E-01  3p2   N/A    N/A    N/A 
  110   1.063716E+04   2.386469E+00   1.812E+14   1.570E+33   1.071E-01      5.195E-01   6.996E-03   5.195E-01   1.447E+00   0.000E+00   0.000E+00   0.000E+00   0.000E+00      6.080E+08   3.279E+09   1.000E+00   00000   9.430E-01   9.430E-01  3p2   N/A    N/A    N/A 
  111   1.066929E+04   2.390535E+00   1.600E+14   1.085E+33   9.465E-02      4.848E-01  -0.000E+00   4.847E-01   1.390E+00   0.000E+00   0.000E+00   0.000E+00   0.000E+00      5.112E+08   3.071E+09   1.000E+00   00000   9.496E-01   9.496E-01  3p2   N/A    N/A    N/A 
  112   1.067637E+04   2.391304E+00   1.540E+14   9.945E+32   9.108E-02      4.700E-01   0.000E+00   0.000E+00   1.248E+00   0.000E+00   0.000E+00   0.000E+00   0.000E+00      1.871E+09   0.000E+00   0.000E+00   00000   9.527E-01   0.000E+00  1s0  831.3  232.0   32.0
  113   1.068410E+04   2.392144E+00   1.482E+14   8.963E+32   8.765E-02      4.563E-01   0.000E+00   0.000E+00   1.240E+00   0.000E+00   0.000E+00   0.000E+00   0.000E+00      1.980E+09   0.000E+00   0.000E+00   00000   9.536E-01   0.000E+00  1s0  873.8  232.0   32.0
  114   1.069183E+04   2.392983E+00   1.426E+14   7.980E+32   8.434E-02      4.437E-01   0.000E+00   0.000E+00   1.231E+00   0.000E+00   0.000E+00   0.000E+00   0.000E+00      2.108E+09   0.000E+00   0.000E+00   00000   9.546E-01   0.000E+00  1s0  914.7  232.0   32.0
  115   1.069955E+04   2.393823E+00   1.372E+14   6.998E+32   8.116E-02      4.320E-01   0.000E+00   0.000E+00   1.221E+00   0.000E+00   0.000E+00   0.000E+00   0.000E+00      2.251E+09   0.000E+00   0.000E+00   00000   9.557E-01   0.000E+00  1s0  954.1  232.0   32.0
  116   1.070497E+04   2.394368E+00   1.320E+14   6.364E+32   7.810E-02      4.205E-01   0.000E+00   0.000E+00   1.210E+00   0.000E+00   0.000E+00   0.000E+00   0.000E+00      2.399E+09   0.000E+00   0.000E+00   00000   9.569E-01   0.000E+00  1s0  995.2  232.0   32.0
  117   1.070833E+04   2.394650E+00   1.271E+14   6.040E+32   7.517E-02      4.087E-01   0.000E+00   0.000E+00   1.201E+00   0.000E+00   0.000E+00   0.000E+00   0.000E+00      2.541E+09   0.000E+00   0.000E+00   00000   9.579E-01   0.000E+00  1s0 1043.5  232.0   32.0
  118   1.071169E+04   2.394932E+00   1.223E+14   5.716E+32   7.235E-02      3.977E-01   0.000E+00   0.000E+00   1.190E+00   0.000E+00   0.000E+00   0.000E+00   0.000E+00      2.690E+09   0.000E+00   0.000E+00   00000   9.591E-01   0.000E+00  1s0 1090.1  232.0   32.0
  119   1.071505E+04   2.395214E+00   1.177E+14   5.393E+32   6.963E-02      3.874E-01   0.000E+00   0.000E+00   1.179E+00   0.000E+00   0.000E+00   0.000E+00   0.000E+00      2.842E+09   0.000E+00   0.000E+00   00000   9.603E-01   0.000E+00  1s0 1134.9  232.0   32.0
  120   1.071841E+04   2.395496E+00   1.132E+14   5.069E+32   6.702E-02      3.778E-01   0.000E+00   0.000E+00   1.168E+00   0.000E+00   0.000E+00   0.000E+00   0.000E+00      2.993E+09   0.000E+00   0.000E+00   00000   9.615E-01   0.000E+00  1s0 1178.0  232.0   32.0
  121   1.072177E+04   2.395778E+00   1.090E+14   4.745E+32   6.451E-02      3.687E-01   0.000E+00   0.000E+00   1.156E+00   0.000E+00   0.000E+00   0.000E+00   0.000E+00      3.139E+09   0.000E+00   0.000E+00   00000   9.628E-01   0.000E+00  1s0 1219.4  232.0   32.0
  122   1.072512E+04   2.396060E+00   1.049E+14   4.421E+32   6.209E-02      3.601E-01   0.000E+00   0.000E+00   1.145E+00   0.000E+00   0.000E+00   0.000E+00   0.000E+00      3.280E+09   0.000E+00   0.000E+00   00000   9.641E-01   0.000E+00  1s0 1259.3  232.0   32.0
  123   1.072848E+04   2.396342E+00   1.009E+14   4.097E+32   5.976E-02      3.520E-01   0.000E+00   0.000E+00   1.133E+00   0.000E+00   0.000E+00   0.000E+00   0.000E+00      3.416E+09   0.000E+00   0.000E+00   00000   9.654E-01   0.000E+00  1s0 1297.8  232.0   32.0
  124   1.073184E+04   2.396624E+00   9.711E+13   3.774E+32   5.752E-02      3.443E-01   0.000E+00   0.000E+00   1.121E+00   0.000E+00   0.000E+00   0.000E+00   0.000E+00      3.547E+09   0.000E+00   0.000E+00   00000   9.667E-01   0.000E+00  1s0 1334.7  232.0   32.0
  125   1.073449E+04   2.396790E+00   9.345E+13   3.586E+32   5.536E-02      3.370E-01   0.000E+00   0.000E+00   1.108E+00   0.000E+00   0.000E+00   0.000E+00   0.000E+00      3.674E+09   0.000E+00   0.000E+00   00000   9.681E-01   0.000E+00  1s0 1370.3  232.0   32.0
  126   1.073709E+04   2.396946E+00   8.993E+13   3.409E+32   5.329E-02      3.300E-01   0.000E+00   0.000E+00   1.096E+00   0.000E+00   0.000E+00   0.000E+00   0.000E+00      3.796E+09   0.000E+00   0.000E+00   00000   9.694E-01   0.000E+00  1s0 1404.5  232.0   32.0
  127   1.073968E+04   2.397102E+00   8.655E+13   3.232E+32   5.129E-02      3.234E-01   0.000E+00   0.000E+00   1.084E+00   0.000E+00   0.000E+00   0.000E+00   0.000E+00      3.915E+09   0.000E+00   0.000E+00   00000   9.708E-01   0.000E+00  1s0 1437.4  232.0   32.0
  128   1.074228E+04   2.397258E+00   8.328E+13   3.055E+32   4.937E-02      3.169E-01   0.000E+00   0.000E+00   1.072E+00   0.000E+00   0.000E+00   0.000E+00   0.000E+00      4.029E+09   0.000E+00   0.000E+00   00000   9.721E-01   0.000E+00  1s0 1469.1  232.0   32.0
  129   1.074487E+04   2.397414E+00   8.015E+13   2.878E+32   4.752E-02      3.108E-01   0.000E+00   0.000E+00   1.060E+00   0.000E+00   0.000E+00   0.000E+00   0.000E+00      4.139E+09   0.000E+00   0.000E+00   00000   9.735E-01   0.000E+00  1s0 1499.6  232.0   32.0
  130   1.074747E+04   2.397571E+00   7.713E+13   2.701E+32   4.573E-02      3.291E-01   0.000E+00   0.000E+00   1.060E+00   0.000E+00   0.000E+00   0.000E+00   0.000E+00      4.135E+09   0.000E+00   0.000E+00   00000   9.734E-01   0.000E+00  1s0 1519.5  183.0   40.0
  131   1.075006E+04   2.397727E+00   7.422E+13   2.524E+32   4.401E-02      3.236E-01   0.000E+00   0.000E+00   1.047E+00   0.000E+00   0.000E+00   0.000E+00   0.000E+00      4.247E+09   0.000E+00   0.000E+00   00000   9.748E-01   0.000E+00  1s0 1538.6  183.0   40.0
  132   1.075265E+04   2.397883E+00   7.142E+13   2.348E+32   4.236E-02      3.182E-01   0.000E+00   0.000E+00   1.034E+00   0.000E+00   0.000E+00   0.000E+00   0.000E+00      4.353E+09   0.000E+00   0.000E+00   00000   9.762E-01   0.000E+00  1s0 1556.9  183.0   40.0
  133   1.075525E+04   2.398039E+00   6.873E+13   2.171E+32   4.077E-02      3.130E-01   0.000E+00   0.000E+00   1.022E+00   0.000E+00   0.000E+00   0.000E+00   0.000E+00      4.453E+09   0.000E+00   0.000E+00   00000   9.776E-01   0.000E+00  1s0 1574.5  183.0   40.0
  134   1.075736E+04   2.398132E+00   6.614E+13   2.067E+32   3.923E-02      3.079E-01   0.000E+00   0.000E+00   1.009E+00   0.000E+00   0.000E+00   0.000E+00   0.000E+00      4.548E+09   0.000E+00   0.000E+00   00000   9.790E-01   0.000E+00  1s0 1591.5  183.0   40.0
  135   1.075943E+04   2.398220E+00   6.365E+13   1.968E+32   3.776E-02      3.030E-01   0.000E+00   0.000E+00   9.969E-01   0.000E+00   0.000E+00   0.000E+00   0.000E+00      4.637E+09   0.000E+00   0.000E+00   00000   9.803E-01   0.000E+00  1s0 1607.8  183.0   40.0
  136   1.076150E+04   2.398308E+00   6.125E+13   1.870E+32   3.634E-02      2.982E-01   0.000E+00   0.000E+00   9.847E-01   0.000E+00   0.000E+00   0.000E+00   0.000E+00      4.720E+09   0.000E+00   0.000E+00   00000   9.817E-01   0.000E+00  1s0 1623.5  183.0   40.0
  137   1.076357E+04   2.398396E+00   5.894E+13   1.771E+32   3.497E-02      2.935E-01   0.000E+00   0.000E+00   9.725E-01   0.000E+00   0.000E+00   0.000E+00   0.000E+00      4.798E+09   0.000E+00   0.000E+00   00000   9.830E-01   0.000E+00  1s0 1638.7  183.0   40.0
  138   1.076564E+04   2.398484E+00   5.672E+13   1.673E+32   3.366E-02      2.889E-01   0.000E+00   0.000E+00   9.606E-01   0.000E+00   0.000E+00   0.000E+00   0.000E+00      4.869E+09   0.000E+00   0.000E+00   00000   9.843E-01   0.000E+00  1s0 1653.2  183.0   40.0
  139   1.076772E+04   2.398572E+00   5.459E+13   1.574E+32   3.239E-02      2.844E-01   0.000E+00   0.000E+00   9.487E-01   0.000E+00   0.000E+00   0.000E+00   0.000E+00      4.934E+09   0.000E+00   0.000E+00   00000   9.856E-01   0.000E+00  1s0 1667.2  183.0   40.0
  140   1.076979E+04   2.398660E+00   5.253E+13   1.476E+32   3.118E-02      2.801E-01   0.000E+00   0.000E+00   9.370E-01   0.000E+00   0.000E+00   0.000E+00   0.000E+00      4.994E+09   0.000E+00   0.000E+00   00000   9.869E-01   0.000E+00  1s0 1680.7  183.0   40.0
  141   1.077186E+04   2.398748E+00   5.055E+13   1.377E+32   3.001E-02      2.758E-01   0.000E+00   0.000E+00   9.254E-01   0.000E+00   0.000E+00   0.000E+00   0.000E+00      5.047E+09   0.000E+00   0.000E+00   00000   9.882E-01   0.000E+00  1s0 1693.7  183.0   40.0
  142   1.077393E+04   2.398836E+00   4.865E+13   1.279E+32   2.888E-02      2.717E-01   0.000E+00   0.000E+00   9.139E-01   0.000E+00   0.000E+00   0.000E+00   0.000E+00      5.094E+09   0.000E+00   0.000E+00   00000   9.895E-01   0.000E+00  1s0 1706.1  183.0   40.0
  143   1.077576E+04   2.398898E+00   4.681E+13   1.209E+32   2.779E-02      2.676E-01   0.000E+00   0.000E+00   9.026E-01   0.000E+00   0.000E+00   0.000E+00   0.000E+00      5.134E+09   0.000E+00   0.000E+00   00000   9.907E-01   0.000E+00  1s0 1718.2  183.0   40.0
  144   1.077748E+04   2.398950E+00   4.505E+13   1.153E+32   2.675E-02      2.636E-01   0.000E+00   0.000E+00   8.914E-01   0.000E+00   0.000E+00   0.000E+00   0.000E+00      5.169E+09   0.000E+00   0.000E+00   00000   9.919E-01   0.000E+00  1s0 1729.7  183.0   40.0
  145   1.077920E+04   2.399001E+00   4.335E+13   1.096E+32   2.575E-02      2.597E-01   0.000E+00   0.000E+00   8.803E-01   0.000E+00   0.000E+00   0.000E+00   0.000E+00      5.197E+09   0.000E+00   0.000E+00   00000   9.932E-01   0.000E+00  1s0 1740.8  183.0   40.0
  146   1.078092E+04   2.399052E+00   4.172E+13   1.039E+32   2.478E-02      2.559E-01   0.000E+00   0.000E+00   8.693E-01   0.000E+00   0.000E+00   0.000E+00   0.000E+00      5.219E+09   0.000E+00   0.000E+00   00000   9.944E-01   0.000E+00  1s0 1751.5  183.0   40.0
  147   1.078264E+04   2.399104E+00   4.015E+13   9.817E+31   2.385E-02      2.521E-01   0.000E+00   0.000E+00   8.585E-01   0.000E+00   0.000E+00   0.000E+00   0.000E+00      5.235E+09   0.000E+00   0.000E+00   00000   9.956E-01   0.000E+00  1s0 1761.8  183.0   40.0
  148   1.078436E+04   2.399155E+00   3.863E+13   9.247E+31   2.295E-02      2.485E-01   0.000E+00   0.000E+00   8.478E-01   0.000E+00   0.000E+00   0.000E+00   0.000E+00      5.244E+09   0.000E+00   0.000E+00   00000   9.967E-01   0.000E+00  1s0 1771.7  183.0   40.0
  149   1.078608E+04   2.399206E+00   3.718E+13   8.678E+31   2.209E-02      2.449E-01   0.000E+00   0.000E+00   8.372E-01   0.000E+00   0.000E+00   0.000E+00   0.000E+00      5.248E+09   0.000E+00   0.000E+00   00000   9.979E-01   0.000E+00  1s0 1781.3  183.0   40.0
  150   1.078780E+04   2.399258E+00   3.578E+13   8.109E+31   2.126E-02      2.414E-01   0.000E+00   0.000E+00   8.268E-01   0.000E+00   0.000E+00   0.000E+00   0.000E+00      5.245E+09   0.000E+00   0.000E+00   00000   9.991E-01   0.000E+00  1s0 1790.5  183.0   40.0
  151   1.078951E+04   2.399309E+00   3.443E+13   7.539E+31   2.046E-02      2.379E-01   0.000E+00   0.000E+00   8.165E-01   0.000E+00   0.000E+00   0.000E+00   0.000E+00      5.236E+09   0.000E+00   0.000E+00   00000   1.000E+00   0.000E+00  1s0 1799.3  183.0   40.0
  152   1.079110E+04   2.399351E+00   3.313E+13   7.079E+31   1.969E-02      2.543E-01   0.000E+00   0.000E+00   8.040E-01   0.000E+00   0.000E+00   0.000E+00   0.000E+00      5.217E+09   0.000E+00   0.000E+00   00000   1.000E+00   0.000E+00  1s0 1772.4  193.0   50.0
  153   1.079251E+04   2.399381E+00   3.188E+13   6.753E+31   1.895E-02      2.525E-01   0.000E+00   0.000E+00   7.932E-01   0.000E+00   0.000E+00   0.000E+00   0.000E+00      5.193E+09   0.000E+00   0.000E+00   00000   1.000E+00   0.000E+00  1s0 1743.4  193.0   50.0
  154   1.079392E+04   2.399410E+00   3.068E+13   6.428E+31   1.824E-02      2.506E-01   0.000E+00   0.000E+00   7.826E-01   0.000E+00   0.000E+00   0.000E+00   0.000E+00      5.162E+09   0.000E+00   0.000E+00   00000   1.000E+00   0.000E+00  1s0 1715.4  193.0   50.0
  155   1.079534E+04   2.399440E+00   2.953E+13   6.102E+31   1.755E-02      2.487E-01   0.000E+00   0.000E+00   7.722E-01   0.000E+00   0.000E+00   0.000E+00   0.000E+00      5.126E+09   0.000E+00   0.000E+00   00000   1.000E+00   0.000E+00  1s0 1688.6  193.0   50.0
  156   1.079675E+04   2.399469E+00   2.841E+13   5.776E+31   1.689E-02      2.469E-01   0.000E+00   0.000E+00   7.618E-01   0.000E+00   0.000E+00   0.000E+00   0.000E+00      5.085E+09   0.000E+00   0.000E+00   00000   1.000E+00   0.000E+00  1s0 1662.7  193.0   50.0
  157   1.079816E+04   2.399499E+00   2.734E+13   5.451E+31   1.626E-02      2.449E-01   0.000E+00   0.000E+00   7.517E-01   0.000E+00   0.000E+00   0.000E+00   0.000E+00      5.039E+09   0.000E+00   0.000E+00   00000   1.000E+00   0.000E+00  1s0 1637.8  193.0   50.0
  158   1.079957E+04   2.399529E+00   2.631E+13   5.125E+31   1.565E-02      2.430E-01   0.000E+00   0.000E+00   7.416E-01   0.000E+00   0.000E+00   0.000E+00   0.000E+00      4.990E+09   0.000E+00   0.000E+00   00000   1.000E+00   0.000E+00  1s0 1613.9  193.0   50.0
  159   1.080099E+04   2.399558E+00   2.532E+13   4.800E+31   1.506E-02      2.411E-01   0.000E+00   0.000E+00   7.317E-01   0.000E+00   0.000E+00   0.000E+00   0.000E+00      4.938E+09   0.000E+00   0.000E+00   00000   1.000E+00   0.000E+00  1s0 1590.8  193.0   50.0
  160   1.080240E+04   2.399588E+00   2.437E+13   4.474E+31   1.449E-02      2.392E-01   0.000E+00   0.000E+00   7.220E-01   0.000E+00   0.000E+00   0.000E+00   0.000E+00      4.882E+09   0.000E+00   0.000E+00   00000   1.000E+00   0.000E+00  1s0 1568.7  193.0   50.0
  161   1.080379E+04   2.399616E+00   2.345E+13   4.162E+31   1.395E-02      2.372E-01   0.000E+00   0.000E+00   7.124E-01   0.000E+00   0.000E+00   0.000E+00   0.000E+00      4.825E+09   0.000E+00   0.000E+00   00000   1.000E+00   0.000E+00  1s0 1547.3  193.0   50.0
  162   1.080496E+04   2.399633E+00   2.257E+13   3.974E+31   1.342E-02      2.352E-01   0.000E+00   0.000E+00   7.029E-01   0.000E+00   0.000E+00   0.000E+00   0.000E+00      4.765E+09   0.000E+00   0.000E+00   00000   1.000E+00   0.000E+00  1s0 1526.8  193.0   50.0
  163   1.080614E+04   2.399651E+00   2.172E+13   3.786E+31   1.292E-02      2.333E-01   0.000E+00   0.000E+00   6.935E-01   0.000E+00   0.000E+00   0.000E+00   0.000E+00      4.705E+09   0.000E+00   0.000E+00   00000   1.000E+00   0.000E+00  1s0 1507.0  193.0   50.0
  164   1.080732E+04   2.399668E+00   2.090E+13   3.597E+31   1.243E-02      2.313E-01   0.000E+00   0.000E+00   6.843E-01   0.000E+00   0.000E+00   0.000E+00   0.000E+00      4.643E+09   0.000E+00   0.000E+00   00000   1.000E+00   0.000E+00  1s0 1488.0  193.0   50.0
  165   1.080849E+04   2.399685E+00   2.011E+13   3.409E+31   1.197E-02      2.293E-01   0.000E+00   0.000E+00   6.752E-01   0.000E+00   0.000E+00   0.000E+00   0.000E+00      4.580E+09   0.000E+00   0.000E+00   00000   1.000E+00   0.000E+00  1s0 1469.7  193.0   50.0
  166   1.080967E+04   2.399702E+00   1.935E+13   3.220E+31   1.152E-02      2.273E-01   0.000E+00   0.000E+00   6.662E-01   0.000E+00   0.000E+00   0.000E+00   0.000E+00      4.516E+09   0.000E+00   0.000E+00   00000   1.000E+00   0.000E+00  1s0 1452.1  193.0   50.0
  167   1.081085E+04   2.399720E+00   1.862E+13   3.032E+31   1.108E-02      2.253E-01   0.000E+00   0.000E+00   6.573E-01   0.000E+00   0.000E+00   0.000E+00   0.000E+00      4.453E+09   0.000E+00   0.000E+00   00000   1.000E+00   0.000E+00  1s0 1435.1  193.0   50.0
  168   1.081202E+04   2.399737E+00   1.792E+13   2.843E+31   1.067E-02      2.233E-01   0.000E+00   0.000E+00   6.486E-01   0.000E+00   0.000E+00   0.000E+00   0.000E+00      4.389E+09   0.000E+00   0.000E+00   00000   1.000E+00   0.000E+00  1s0 1418.8  193.0   50.0
  169   1.081320E+04   2.399754E+00   1.725E+13   2.655E+31   1.027E-02      2.213E-01   0.000E+00   0.000E+00   6.400E-01   0.000E+00   0.000E+00   0.000E+00   0.000E+00      4.325E+09   0.000E+00   0.000E+00   00000   1.000E+00   0.000E+00  1s0 1403.1  193.0   50.0
  170   1.081438E+04   2.399772E+00   1.660E+13   2.466E+31   9.881E-03      2.192E-01   0.000E+00   0.000E+00   6.315E-01   0.000E+00   0.000E+00   0.000E+00   0.000E+00      4.261E+09   0.000E+00   0.000E+00   00000   1.000E+00   0.000E+00  1s0 1388.0  193.0   50.0
  171   1.081539E+04   2.399783E+00   1.597E+13   2.340E+31   9.510E-03      2.172E-01   0.000E+00   0.000E+00   6.232E-01   0.000E+00   0.000E+00   0.000E+00   0.000E+00      4.198E+09   0.000E+00   0.000E+00   00000   1.000E+00   0.000E+00  1s0 1373.5  193.0   50.0
  172   1.081634E+04   2.399793E+00   1.537E+13   2.234E+31   9.153E-03      2.152E-01   0.000E+00   0.000E+00   6.149E-01   0.000E+00   0.000E+00   0.000E+00   0.000E+00      4.136E+09   0.000E+00   0.000E+00   00000   1.000E+00   0.000E+00  1s0 1359.5  193.0   50.0
  173   1.081730E+04   2.399803E+00   1.479E+13   2.127E+31   8.809E-03      2.134E-01   0.000E+00   0.000E+00   6.118E-01   0.000E+00   0.000E+00   0.000E+00   0.000E+00      4.111E+09   0.000E+00   0.000E+00   00000   1.000E+00   0.000E+00  1s0 1341.9  164.0   50.0
  174   1.081825E+04   2.399813E+00   1.423E+13   2.021E+31   8.477E-03      2.121E-01   0.000E+00   0.000E+00   6.034E-01   0.000E+00   0.000E+00   0.000E+00   0.000E+00      4.048E+09   0.000E+00   0.000E+00   00000   1.000E+00   0.000E+00  1s0 1315.5  164.0   50.0
  175   1.081921E+04   2.399822E+00   1.370E+13   1.915E+31   8.158E-03      2.108E-01   0.000E+00   0.000E+00   5.952E-01   0.000E+00   0.000E+00   0.000E+00   0.000E+00      3.985E+09   0.000E+00   0.000E+00   00000   1.000E+00   0.000E+00  1s0 1290.1  164.0   50.0
  176   1.082017E+04   2.399832E+00   1.318E+13   1.809E+31   7.851E-03      2.094E-01   0.000E+00   0.000E+00   5.871E-01   0.000E+00   0.000E+00   0.000E+00   0.000E+00      3.923E+09   0.000E+00   0.000E+00   00000   1.000E+00   0.000E+00  1s0 1265.7  164.0   50.0
  177   1.082112E+04   2.399842E+00   1.268E+13   1.703E+31   7.555E-03      2.080E-01   0.000E+00   0.000E+00   5.791E-01   0.000E+00   0.000E+00   0.000E+00   0.000E+00      3.862E+09   0.000E+00   0.000E+00   00000   1.000E+00   0.000E+00  1s0 1242.1  164.0   50.0
  178   1.082208E+04   2.399852E+00   1.221E+13   1.596E+31   7.271E-03      2.067E-01   0.000E+00   0.000E+00   5.712E-01   0.000E+00   0.000E+00   0.000E+00   0.000E+00      3.802E+09   0.000E+00   0.000E+00   00000   1.000E+00   0.000E+00  1s0 1219.5  164.0   50.0
  179   1.082303E+04   2.399861E+00   1.175E+13   1.490E+31   6.997E-03      2.053E-01   0.000E+00   0.000E+00   5.634E-01   0.000E+00   0.000E+00   0.000E+00   0.000E+00      3.742E+09   0.000E+00   0.000E+00   00000   1.000E+00   0.000E+00  1s0 1197.7  164.0   50.0
  180   1.082395E+04   2.399870E+00   1.130E+13   1.393E+31   6.733E-03      2.039E-01   0.000E+00   0.000E+00   5.557E-01   0.000E+00   0.000E+00   0.000E+00   0.000E+00      3.682E+09   0.000E+00   0.000E+00   00000   1.000E+00   0.000E+00  1s0 1176.7  164.0   50.0
  181   1.082471E+04   2.399876E+00   1.088E+13   1.335E+31   6.480E-03      2.024E-01   0.000E+00   0.000E+00   5.481E-01   0.000E+00   0.000E+00   0.000E+00   0.000E+00      3.623E+09   0.000E+00   0.000E+00   00000   1.000E+00   0.000E+00  1s0 1156.5  164.0   50.0
  182   1.082547E+04   2.399881E+00   1.047E+13   1.277E+31   6.236E-03      2.010E-01   0.000E+00   0.000E+00   5.406E-01   0.000E+00   0.000E+00   0.000E+00   0.000E+00      3.564E+09   0.000E+00   0.000E+00   00000   1.000E+00   0.000E+00  1s0 1137.1  164.0   50.0
  183   1.082623E+04   2.399886E+00   1.007E+13   1.220E+31   6.001E-03      1.995E-01   0.000E+00   0.000E+00   5.332E-01   0.000E+00   0.000E+00   0.000E+00   0.000E+00      3.505E+09   0.000E+00   0.000E+00   00000   1.000E+00   0.000E+00  1s0 1118.4  164.0   50.0
  184   1.082698E+04   2.399892E+00   9.694E+12   1.162E+31   5.775E-03      1.981E-01   0.000E+00   0.000E+00   5.260E-01   0.000E+00   0.000E+00   0.000E+00   0.000E+00      3.447E+09   0.000E+00   0.000E+00   00000   1.000E+00   0.000E+00  1s0 1100.4  164.0   50.0
  185   1.082774E+04   2.399897E+00   9.328E+12   1.104E+31   5.558E-03      1.965E-01   0.000E+00   0.000E+00   5.194E-01   0.000E+00   0.000E+00   0.000E+00   0.000E+00      3.393E+09   0.000E+00   0.000E+00   00000   1.000E+00   0.000E+00  1s0 1084.4  161.0   50.0
  186   1.082850E+04   2.399902E+00   8.977E+12   1.046E+31   5.349E-03      1.949E-01   0.000E+00   0.000E+00   5.124E-01   0.000E+00   0.000E+00   0.000E+00   0.000E+00      3.335E+09   0.000E+00   0.000E+00   00000   1.000E+00   0.000E+00  1s0 1069.0  161.0   50.0
  187   1.082926E+04   2.399908E+00   8.639E+12   9.886E+30   5.147E-03      1.934E-01   0.000E+00   0.000E+00   5.054E-01   0.000E+00   0.000E+00   0.000E+00   0.000E+00      3.277E+09   0.000E+00   0.000E+00   00000   1.000E+00   0.000E+00  1s0 1054.2  161.0   50.0
  188   1.083002E+04   2.399913E+00   8.313E+12   9.309E+30   4.954E-03      1.918E-01   0.000E+00   0.000E+00   4.986E-01   0.000E+00   0.000E+00   0.000E+00   0.000E+00      3.219E+09   0.000E+00   0.000E+00   00000   1.000E+00   0.000E+00  1s0 1040.0  161.0   50.0
  189   1.083077E+04   2.399919E+00   8.000E+12   8.731E+30   4.767E-03      1.902E-01   0.000E+00   0.000E+00   4.919E-01   0.000E+00   0.000E+00   0.000E+00   0.000E+00      3.161E+09   0.000E+00   0.000E+00   00000   1.000E+00   0.000E+00  1s0 1026.3  161.0   50.0
  190   1.083152E+04   2.399924E+00   7.699E+12   8.163E+30   4.588E-03      1.886E-01   0.000E+00   0.000E+00   4.852E-01   0.000E+00   0.000E+00   0.000E+00   0.000E+00      3.102E+09   0.000E+00   0.000E+00   00000   1.000E+00   0.000E+00  1s0 1013.1  161.0   50.0
  191   1.083208E+04   2.399926E+00   7.408E+12   7.882E+30   4.415E-03      1.870E-01   0.000E+00   0.000E+00   4.787E-01   0.000E+00   0.000E+00   0.000E+00   0.000E+00      3.044E+09   0.000E+00   0.000E+00   00000   1.000E+00   0.000E+00  1s0 1000.4  161.0   50.0
  192   1.083263E+04   2.399929E+00   7.129E+12   7.602E+30   4.249E-03      1.853E-01   0.000E+00   0.000E+00   4.722E-01   0.000E+00   0.000E+00   0.000E+00   0.000E+00      2.986E+09   0.000E+00   0.000E+00   00000   1.000E+00   0.000E+00  1s0  988.2  161.0   50.0
  193   1.083319E+04   2.399932E+00   6.861E+12   7.322E+30   4.089E-03      1.837E-01   0.000E+00   0.000E+00   4.659E-01   0.000E+00   0.000E+00   0.000E+00   0.000E+00      2.928E+09   0.000E+00   0.000E+00   00000   1.000E+00   0.000E+00  1s0  976.4  161.0   50.0
  194   1.083374E+04   2.399934E+00   6.602E+12   7.042E+30   3.935E-03      1.821E-01   0.000E+00   0.000E+00   4.596E-01   0.000E+00   0.000E+00   0.000E+00   0.000E+00      2.871E+09   0.000E+00   0.000E+00   00000   1.000E+00   0.000E+00  1s0  965.1  161.0   50.0
  195   1.083430E+04   2.399937E+00   6.353E+12   6.762E+30   3.787E-03      1.805E-01   0.000E+00   0.000E+00   4.534E-01   0.000E+00   0.000E+00   0.000E+00   0.000E+00      2.813E+09   0.000E+00   0.000E+00   00000   1.000E+00   0.000E+00  1s0  954.2  161.0   50.0
  196   1.083485E+04   2.399939E+00   6.114E+12   6.481E+30   3.645E-03      1.796E-01   0.000E+00   0.000E+00   4.473E-01   0.000E+00   0.000E+00   0.000E+00   0.000E+00      2.757E+09   0.000E+00   0.000E+00   00000   1.000E+00   0.000E+00  1s0  932.1  159.0   50.0
  197   1.083540E+04   2.399942E+00   5.884E+12   6.201E+30   3.508E-03      1.791E-01   0.000E+00   0.000E+00   4.407E-01   0.000E+00   0.000E+00   0.000E+00   0.000E+00      2.694E+09   0.000E+00   0.000E+00   00000   1.000E+00   0.000E+00  1s0  903.2  159.0   50.0
  198   1.083596E+04   2.399945E+00   5.662E+12   5.921E+30   3.376E-03      1.787E-01   0.000E+00   0.000E+00   4.341E-01   0.000E+00   0.000E+00   0.000E+00   0.000E+00      2.632E+09   0.000E+00   0.000E+00   00000   1.000E+00   0.000E+00  1s0  875.5  159.0   50.0
  199   1.083651E+04   2.399947E+00   5.449E+12   5.641E+30   3.248E-03      1.783E-01   0.000E+00   0.000E+00   4.276E-01   0.000E+00   0.000E+00   0.000E+00   0.000E+00      2.571E+09   0.000E+00   0.000E+00   00000   1.000E+00   0.000E+00  1s0  848.7  159.0   50.0
  200   1.083707E+04   2.399950E+00   5.243E+12   5.361E+30   3.126E-03      1.778E-01   0.000E+00   0.000E+00   4.211E-01   0.000E+00   0.000E+00   0.000E+00   0.000E+00      2.509E+09   0.000E+00   0.000E+00   00000   1.000E+00   0.000E+00  1s0  823.0  159.0   50.0
  201   1.083762E+04   2.399952E+00   5.046E+12   5.080E+30   3.008E-03      1.774E-01   0.000E+00   0.000E+00   4.147E-01   0.000E+00   0.000E+00   0.000E+00   0.000E+00      2.448E+09   0.000E+00   0.000E+00   00000   1.000E+00   0.000E+00  1s0  798.3  159.0   50.0
  202   1.083817E+04   2.399955E+00   4.856E+12   4.808E+30   2.895E-03      1.769E-01   0.000E+00   0.000E+00   4.084E-01   0.000E+00   0.000E+00   0.000E+00   0.000E+00      2.388E+09   0.000E+00   0.000E+00   00000   1.000E+00   0.000E+00  1s0  774.4  159.0   50.0
  203   1.083865E+04   2.399956E+00   4.673E+12   4.662E+30   2.786E-03      1.764E-01   0.000E+00   0.000E+00   4.022E-01   0.000E+00   0.000E+00   0.000E+00   0.000E+00      2.328E+09   0.000E+00   0.000E+00   00000   1.000E+00   0.000E+00  1s0  751.5  159.0   50.0
  204   1.083913E+04   2.399958E+00   4.497E+12   4.517E+30   2.681E-03      1.759E-01   0.000E+00   0.000E+00   3.960E-01   0.000E+00   0.000E+00   0.000E+00   0.000E+00      2.269E+09   0.000E+00   0.000E+00   00000   1.000E+00   0.000E+00  1s0  729.5  159.0   50.0
  205   1.083960E+04   2.399959E+00   4.327E+12   4.371E+30   2.580E-03      1.754E-01   0.000E+00   0.000E+00   3.898E-01   0.000E+00   0.000E+00   0.000E+00   0.000E+00      2.211E+09   0.000E+00   0.000E+00   00000   1.000E+00   0.000E+00  1s0  708.2  159.0   50.0
  206   1.084008E+04   2.399960E+00   4.164E+12   4.225E+30   2.483E-03      1.748E-01   0.000E+00   0.000E+00   3.838E-01   0.000E+00   0.000E+00   0.000E+00   0.000E+00      2.153E+09   0.000E+00   0.000E+00   00000   1.000E+00   0.000E+00  1s0  687.8  159.0   50.0
  207   1.084056E+04   2.399962E+00   4.007E+12   4.080E+30   2.390E-03      1.743E-01   0.000E+00   0.000E+00   3.778E-01   0.000E+00   0.000E+00   0.000E+00   0.000E+00      2.096E+09   0.000E+00   0.000E+00   00000   1.000E+00   0.000E+00  1s0  668.2  159.0   50.0
  208   1.084104E+04   2.399963E+00   3.856E+12   3.934E+30   2.300E-03      1.737E-01   0.000E+00   0.000E+00   3.719E-01   0.000E+00   0.000E+00   0.000E+00   0.000E+00      2.039E+09   0.000E+00   0.000E+00   00000   1.000E+00   0.000E+00  1s0  649.2  159.0   50.0
  209   1.084152E+04   2.399964E+00   3.711E+12   3.788E+30   2.213E-03      1.732E-01   0.000E+00   0.000E+00   3.660E-01   0.000E+00   0.000E+00   0.000E+00   0.000E+00      1.984E+09   0.000E+00   0.000E+00   00000   1.000E+00   0.000E+00  1s0  631.0  159.0   50.0
  210   1.084199E+04   2.399966E+00   3.571E+12   3.642E+30   2.130E-03      1.726E-01   0.000E+00   0.000E+00   3.602E-01   0.000E+00   0.000E+00   0.000E+00   0.000E+00      1.929E+09   0.000E+00   0.000E+00   00000   1.000E+00   0.000E+00  1s0  613.5  159.0   50.0
  211   1.084247E+04   2.399967E+00   3.437E+12   3.497E+30   2.050E-03      1.720E-01   0.000E+00   0.000E+00   3.544E-01   0.000E+00   0.000E+00   0.000E+00   0.000E+00      1.875E+09   0.000E+00   0.000E+00   00000   1.000E+00   0.000E+00  1s0  596.7  159.0   50.0
  212   1.084295E+04   2.399969E+00   3.307E+12   3.351E+30   1.973E-03      1.714E-01   0.000E+00   0.000E+00   3.487E-01   0.000E+00   0.000E+00   0.000E+00   0.000E+00      1.822E+09   0.000E+00   0.000E+00   00000   1.000E+00   0.000E+00  1s0  580.4  159.0   50.0
  213   1.084343E+04   2.399970E+00   3.183E+12   3.205E+30   1.898E-03      1.707E-01   0.000E+00   0.000E+00   3.431E-01   0.000E+00   0.000E+00   0.000E+00   0.000E+00      1.769E+09   0.000E+00   0.000E+00   00000   1.000E+00   0.000E+00  1s0  564.8  159.0   50.0
  214   1.084391E+04   2.399971E+00   3.063E+12   3.060E+30   1.827E-03      1.701E-01   0.000E+00   0.000E+00   3.375E-01   0.000E+00   0.000E+00   0.000E+00   0.000E+00      1.718E+09   0.000E+00   0.000E+00   00000   1.000E+00   0.000E+00  1s0  549.8  159.0   50.0
  215   1.084438E+04   2.399973E+00   2.947E+12   2.919E+30   1.758E-03      1.694E-01   0.000E+00   0.000E+00   3.320E-01   0.000E+00   0.000E+00   0.000E+00   0.000E+00      1.668E+09   0.000E+00   0.000E+00   00000   1.000E+00   0.000E+00  1s0  535.4  159.0   50.0
  216   1.084478E+04   2.399973E+00   2.836E+12   2.849E+30   1.692E-03      1.687E-01   0.000E+00   0.000E+00   3.266E-01   0.000E+00   0.000E+00   0.000E+00   0.000E+00      1.618E+09   0.000E+00   0.000E+00   00000   1.000E+00   0.000E+00  1s0  521.4  159.0   50.0
  217   1.084518E+04   2.399974E+00   2.729E+12   2.778E+30   1.628E-03      1.680E-01   0.000E+00   0.000E+00   3.212E-01   0.000E+00   0.000E+00   0.000E+00   0.000E+00      1.570E+09   0.000E+00   0.000E+00   00000   1.000E+00   0.000E+00  1s0  508.1  159.0   50.0
  218   1.084557E+04   2.399975E+00   2.626E+12   2.708E+30   1.567E-03      1.554E-01   0.000E+00   0.000E+00   3.284E-01   0.000E+00   0.000E+00   0.000E+00   0.000E+00      1.635E+09   0.000E+00   0.000E+00   00000   1.000E+00   0.000E+00  1s0  494.2  117.0   40.0
  219   1.084597E+04   2.399975E+00   2.528E+12   2.637E+30   1.508E-03      1.550E-01   0.000E+00   0.000E+00   3.232E-01   0.000E+00   0.000E+00   0.000E+00   0.000E+00      1.588E+09   0.000E+00   0.000E+00   00000   1.000E+00   0.000E+00  1s0  479.3  117.0   40.0
  220   1.084637E+04   2.399976E+00   2.432E+12   2.566E+30   1.451E-03      1.546E-01   0.000E+00   0.000E+00   3.180E-01   0.000E+00   0.000E+00   0.000E+00   0.000E+00      1.542E+09   0.000E+00   0.000E+00   00000   1.000E+00   0.000E+00  1s0  464.9  117.0   40.0
  221   1.084677E+04   2.399977E+00   2.341E+12   2.496E+30   1.397E-03      1.542E-01   0.000E+00   0.000E+00   3.129E-01   0.000E+00   0.000E+00   0.000E+00   0.000E+00      1.496E+09   0.000E+00   0.000E+00   00000   1.000E+00   0.000E+00  1s0  451.1  117.0   40.0
  222   1.084717E+04   2.399977E+00   2.252E+12   2.425E+30   1.344E-03      1.538E-01   0.000E+00   0.000E+00   3.078E-01   0.000E+00   0.000E+00   0.000E+00   0.000E+00      1.452E+09   0.000E+00   0.000E+00   00000   1.000E+00   0.000E+00  1s0  437.8  117.0   40.0
  223   1.084756E+04   2.399978E+00   2.168E+12   2.355E+30   1.294E-03      1.533E-01   0.000E+00   0.000E+00   3.028E-01   0.000E+00   0.000E+00   0.000E+00   0.000E+00      1.408E+09   0.000E+00   0.000E+00   00000   1.000E+00   0.000E+00  1s0  424.9  117.0   40.0
  224   1.084796E+04   2.399979E+00   2.086E+12   2.284E+30   1.245E-03      1.529E-01   0.000E+00   0.000E+00   2.978E-01   0.000E+00   0.000E+00   0.000E+00   0.000E+00      1.366E+09   0.000E+00   0.000E+00   00000   1.000E+00   0.000E+00  1s0  412.6  117.0   40.0
  225   1.084836E+04   2.399979E+00   2.007E+12   2.214E+30   1.198E-03      1.524E-01   0.000E+00   0.000E+00   2.929E-01   0.000E+00   0.000E+00   0.000E+00   0.000E+00      1.324E+09   0.000E+00   0.000E+00   00000   1.000E+00   0.000E+00  1s0  400.8  117.0   40.0
  226   1.084876E+04   2.399980E+00   1.932E+12   2.143E+30   1.153E-03      1.519E-01   0.000E+00   0.000E+00   2.880E-01   0.000E+00   0.000E+00   0.000E+00   0.000E+00      1.283E+09   0.000E+00   0.000E+00   00000   1.000E+00   0.000E+00  1s0  389.4  117.0   40.0
  227   1.084916E+04   2.399980E+00   1.859E+12   2.073E+30   1.110E-03      1.514E-01   0.000E+00   0.000E+00   2.831E-01   0.000E+00   0.000E+00   0.000E+00   0.000E+00      1.243E+09   0.000E+00   0.000E+00   00000   1.000E+00   0.000E+00  1s0  378.4  117.0   40.0
  228   1.084955E+04   2.399981E+00   1.789E+12   2.002E+30   1.068E-03      1.509E-01   0.000E+00   0.000E+00   2.783E-01   0.000E+00   0.000E+00   0.000E+00   0.000E+00      1.203E+09   0.000E+00   0.000E+00   00000   1.000E+00   0.000E+00  1s0  367.8  117.0   40.0
  229   1.084995E+04   2.399982E+00   1.721E+12   1.932E+30   1.028E-03      1.504E-01   0.000E+00   0.000E+00   2.736E-01   0.000E+00   0.000E+00   0.000E+00   0.000E+00      1.165E+09   0.000E+00   0.000E+00   00000   1.000E+00   0.000E+00  1s0  357.6  117.0   40.0
  230   1.085035E+04   2.399982E+00   1.657E+12   1.861E+30   9.890E-04      1.499E-01   0.000E+00   0.000E+00   2.689E-01   0.000E+00   0.000E+00   0.000E+00   0.000E+00      1.126E+09   0.000E+00   0.000E+00   00000   1.000E+00   0.000E+00  1s0  347.9  117.0   40.0
  231   1.085078E+04   2.399983E+00   1.594E+12   1.802E+30   9.518E-04      1.493E-01   0.000E+00   0.000E+00   2.642E-01   0.000E+00   0.000E+00   0.000E+00   0.000E+00      1.089E+09   0.000E+00   0.000E+00   00000   1.000E+00   0.000E+00  1s0  338.4  117.0   40.0
  232   1.085124E+04   2.399983E+00   1.534E+12   1.758E+30   9.160E-04      1.488E-01   0.000E+00   0.000E+00   2.596E-01   0.000E+00   0.000E+00   0.000E+00   0.000E+00      1.052E+09   0.000E+00   0.000E+00   00000   1.000E+00   0.000E+00  1s0  329.4  117.0   40.0
  233   1.085170E+04   2.399984E+00   1.476E+12   1.713E+30   8.816E-04      1.482E-01   0.000E+00   0.000E+00   2.550E-01   0.000E+00   0.000E+00   0.000E+00   0.000E+00      1.016E+09   0.000E+00   0.000E+00   00000   1.000E+00   0.000E+00  1s0  320.6  117.0   40.0
  234   1.085216E+04   2.399984E+00   1.421E+12   1.669E+30   8.484E-04      1.476E-01   0.000E+00   0.000E+00   2.509E-01   0.000E+00   0.000E+00   0.000E+00   0.000E+00      9.839E+08   0.000E+00   0.000E+00   00000   1.000E+00   0.000E+00  1s0  312.3  116.0   40.0
  235   1.085263E+04   2.399985E+00   1.367E+12   1.625E+30   8.165E-04      1.470E-01   0.000E+00   0.000E+00   2.464E-01   0.000E+00   0.000E+00   0.000E+00   0.000E+00      9.489E+08   0.000E+00   0.000E+00   00000   1.000E+00   0.000E+00  1s0  304.3  116.0   40.0
  236   1.085309E+04   2.399985E+00   1.316E+12   1.580E+30   7.858E-04      1.464E-01   0.000E+00   0.000E+00   2.420E-01   0.000E+00   0.000E+00   0.000E+00   0.000E+00      9.145E+08   0.000E+00   0.000E+00   00000   1.000E+00   0.000E+00  1s0  296.6  116.0   40.0
  237   1.085355E+04   2.399986E+00   1.266E+12   1.536E+30   7.562E-04      1.458E-01   0.000E+00   0.000E+00   2.376E-01   0.000E+00   0.000E+00   0.000E+00   0.000E+00      8.805E+08   0.000E+00   0.000E+00   00000   1.000E+00   0.000E+00  1s0  289.2  116.0   40.0
  238   1.085401E+04   2.399986E+00   1.218E+12   1.492E+30   7.278E-04      1.451E-01   0.000E+00   0.000E+00   2.332E-01   0.000E+00   0.000E+00   0.000E+00   0.000E+00      8.470E+08   0.000E+00   0.000E+00   00000   1.000E+00   0.000E+00  1s0  282.1  116.0   40.0
  239   1.085448E+04   2.399986E+00   1.172E+12   1.447E+30   7.004E-04      1.445E-01   0.000E+00   0.000E+00   2.289E-01   0.000E+00   0.000E+00   0.000E+00   0.000E+00      8.139E+08   0.000E+00   0.000E+00   00000   1.000E+00   0.000E+00  1s0  275.2  116.0   40.0
  240   1.085494E+04   2.399987E+00   1.128E+12   1.403E+30   6.741E-04      1.438E-01   0.000E+00   0.000E+00   2.247E-01   0.000E+00   0.000E+00   0.000E+00   0.000E+00      7.812E+08   0.000E+00   0.000E+00   00000   1.000E+00   0.000E+00  1s0  268.6  116.0   40.0
  241   1.085540E+04   2.399987E+00   1.086E+12   1.359E+30   6.487E-04      1.431E-01   0.000E+00   0.000E+00   2.204E-01   0.000E+00   0.000E+00   0.000E+00   0.000E+00      7.490E+08   0.000E+00   0.000E+00   00000   1.000E+00   0.000E+00  1s0  262.2  116.0   40.0
  242   1.085586E+04   2.399988E+00   1.045E+12   1.314E+30   6.244E-04      1.424E-01   0.000E+00   0.000E+00   2.163E-01   0.000E+00   0.000E+00   0.000E+00   0.000E+00      7.171E+08   0.000E+00   0.000E+00   00000   1.000E+00   0.000E+00  1s0  256.1  116.0   40.0
  243   1.085633E+04   2.399988E+00   1.005E+12   1.270E+30   6.009E-04      1.417E-01   0.000E+00   0.000E+00   2.121E-01   0.000E+00   0.000E+00   0.000E+00   0.000E+00      6.855E+08   0.000E+00   0.000E+00   00000   1.000E+00   0.000E+00  1s0  250.2  116.0   40.0
  244   1.085679E+04   2.399988E+00   9.676E+11   1.226E+30   5.783E-04      1.410E-01   0.000E+00   0.000E+00   2.080E-01   0.000E+00   0.000E+00   0.000E+00   0.000E+00      6.543E+08   0.000E+00   0.000E+00   00000   1.000E+00   0.000E+00  1s0  244.6  116.0   40.0
  245   1.085725E+04   2.399989E+00   9.311E+11   1.182E+30   5.565E-04      1.402E-01   0.000E+00   0.000E+00   2.040E-01   0.000E+00   0.000E+00   0.000E+00   0.000E+00      6.234E+08   0.000E+00   0.000E+00   00000   1.000E+00   0.000E+00  1s0  239.1  116.0   40.0
  246   1.085770E+04   2.399989E+00   8.961E+11   1.140E+30   5.355E-04      1.395E-01   0.000E+00   0.000E+00   1.999E-01   0.000E+00   0.000E+00   0.000E+00   0.000E+00      5.929E+08   0.000E+00   0.000E+00   00000   1.000E+00   0.000E+00  1s0  233.9  116.0   40.0
  247   1.085809E+04   2.399989E+00   8.623E+11   1.120E+30   5.154E-04      1.387E-01   0.000E+00   0.000E+00   1.960E-01   0.000E+00   0.000E+00   0.000E+00   0.000E+00      5.626E+08   0.000E+00   0.000E+00   00000   1.000E+00   0.000E+00  1s0  228.8  116.0   40.0
  248   1.085847E+04   2.399990E+00   8.298E+11   1.100E+30   4.959E-04      1.379E-01   0.000E+00   0.000E+00   1.920E-01   0.000E+00   0.000E+00   0.000E+00   0.000E+00      5.327E+08   0.000E+00   0.000E+00   00000   1.000E+00   0.000E+00  1s0  224.0  116.0   40.0
  249   1.085885E+04   2.399990E+00   7.985E+11   1.079E+30   4.773E-04      1.371E-01   0.000E+00   0.000E+00   1.881E-01   0.000E+00   0.000E+00   0.000E+00   0.000E+00      5.032E+08   0.000E+00   0.000E+00   00000   1.000E+00   0.000E+00  1s0  219.3  116.0   40.0
  250   1.085923E+04   2.399990E+00   7.685E+11   1.059E+30   4.593E-04      1.363E-01   0.000E+00   0.000E+00   1.843E-01   0.000E+00   0.000E+00   0.000E+00   0.000E+00      4.742E+08   0.000E+00   0.000E+00   00000   1.000E+00   0.000E+00  1s0  214.8  116.0   40.0
  251   1.085962E+04   2.399990E+00   7.395E+11   1.039E+30   4.420E-04      1.355E-01   0.000E+00   0.000E+00   1.804E-01   0.000E+00   0.000E+00   0.000E+00   0.000E+00      4.458E+08   0.000E+00   0.000E+00   00000   1.000E+00   0.000E+00  1s0  210.5  116.0   40.0
  252   1.086000E+04   2.399990E+00   7.116E+11   1.018E+30   4.254E-04      1.347E-01   0.000E+00   0.000E+00   1.767E-01   0.000E+00   0.000E+00   0.000E+00   0.000E+00      4.179E+08   0.000E+00   0.000E+00   00000   1.000E+00   0.000E+00  1s0  206.3  116.0   40.0
  253   1.086038E+04   2.399991E+00   6.848E+11   9.980E+29   4.093E-04      1.338E-01   0.000E+00   0.000E+00   1.729E-01   0.000E+00   0.000E+00   0.000E+00   0.000E+00      3.906E+08   0.000E+00   0.000E+00   00000   1.000E+00   0.000E+00  1s0  202.3  116.0   40.0
  254   1.086077E+04   2.399991E+00   6.590E+11   9.777E+29   3.939E-04      1.330E-01   0.000E+00   0.000E+00   1.692E-01   0.000E+00   0.000E+00   0.000E+00   0.000E+00      3.638E+08   0.000E+00   0.000E+00   00000   1.000E+00   0.000E+00  1s0  198.4  116.0   40.0
  255   1.086115E+04   2.399991E+00   6.342E+11   9.573E+29   3.791E-04      1.322E-01   0.000E+00   0.000E+00   1.655E-01   0.000E+00   0.000E+00   0.000E+00   0.000E+00      3.374E+08   0.000E+00   0.000E+00   00000   1.000E+00   0.000E+00  1s0  194.5  116.0   40.0
  256   1.086153E+04   2.399991E+00   6.103E+11   9.370E+29   3.648E-04      1.313E-01   0.000E+00   0.000E+00   1.618E-01   0.000E+00   0.000E+00   0.000E+00   0.000E+00      3.118E+08   0.000E+00   0.000E+00   00000   1.000E+00   0.000E+00  1s0  190.8  116.0   40.0
  257   1.086191E+04   2.399991E+00   5.873E+11   9.167E+29   3.511E-04      1.305E-01   0.000E+00   0.000E+00   1.581E-01   0.000E+00   0.000E+00   0.000E+00   0.000E+00      2.869E+08   0.000E+00   0.000E+00   00000   1.000E+00   0.000E+00  1s0  187.2  116.0   40.0
  258   1.086230E+04   2.399992E+00   5.652E+11   8.963E+29   3.379E-04      1.296E-01   0.000E+00   0.000E+00   1.545E-01   0.000E+00   0.000E+00   0.000E+00   0.000E+00      2.628E+08   0.000E+00   0.000E+00   00000   1.000E+00   0.000E+00  1s0  183.8  116.0   40.0
  259   1.086268E+04   2.399992E+00   5.439E+11   8.760E+29   3.252E-04      1.287E-01   0.000E+00   0.000E+00   1.509E-01   0.000E+00   0.000E+00   0.000E+00   0.000E+00      2.395E+08   0.000E+00   0.000E+00   00000   1.000E+00   0.000E+00  1s0  180.5  116.0   40.0
  260   1.086306E+04   2.399992E+00   5.234E+11   8.556E+29   3.130E-04      1.287E-01   0.000E+00   0.000E+00   1.457E-01   0.000E+00   0.000E+00   0.000E+00   0.000E+00      2.064E+08   0.000E+00   0.000E+00   00000   1.000E+00   0.000E+00  1s0  174.1  116.0   40.0
  261   1.086345E+04   2.399992E+00   5.037E+11   8.353E+29   3.012E-04      1.287E-01   0.000E+00   0.000E+00   1.399E-01   0.000E+00   0.000E+00   0.000E+00   0.000E+00      1.719E+08   0.000E+00   0.000E+00   00000   1.000E+00   0.000E+00  1s0  167.4  116.0   40.0
  262   1.086383E+04   2.399992E+00   4.847E+11   8.150E+29   2.899E-04      1.287E-01   0.000E+00   0.000E+00   1.338E-01   0.000E+00   0.000E+00   0.000E+00   0.000E+00      1.379E+08   0.000E+00   0.000E+00   00000   1.000E+00   0.000E+00  1s0  160.9  116.0   40.0
  263   1.086421E+04   2.399992E+00   4.664E+11   7.946E+29   2.790E-04      1.288E-01   0.000E+00   0.000E+00   1.274E-01   0.000E+00   0.000E+00   0.000E+00   0.000E+00      1.046E+08   0.000E+00   0.000E+00   00000   1.000E+00   0.000E+00  1s0  154.7  116.0   40.0
  264   1.086459E+04   2.399993E+00   4.488E+11   7.743E+29   2.685E-04      1.288E-01   0.000E+00   0.000E+00   1.205E-01   0.000E+00   0.000E+00   0.000E+00   0.000E+00      7.237E+07   0.000E+00   0.000E+00   00000   1.000E+00   0.000E+00  1s0  148.8  116.0   40.0
  265   1.086498E+04   2.399993E+00   4.319E+11   7.540E+29   2.584E-04      1.289E-01   0.000E+00   0.000E+00   1.131E-01   0.000E+00   0.000E+00   0.000E+00   0.000E+00      4.172E+07   0.000E+00   0.000E+00   00000   1.000E+00   0.000E+00  1s0  143.0  116.0   40.0
  266   1.086536E+04   2.399993E+00   4.157E+11   7.336E+29   2.487E-04      1.289E-01   0.000E+00   0.000E+00   1.048E-01   0.000E+00   0.000E+00   0.000E+00   0.000E+00      1.351E+07   0.000E+00   0.000E+00   00000   1.000E+00   0.000E+00  1s0  137.5  116.0   40.0
  267   1.086585E+04   2.399993E+00   4.000E+11   7.125E+29   2.394E-04      1.290E-01   0.000E+00   0.000E+00   9.542E-02   0.000E+00   0.000E+00   0.000E+00   0.000E+00      8.963E+03   0.000E+00   0.000E+00   00000   1.000E+00   0.000E+00  1s0  132.2  116.0   40.0
  268   1.086681E+04   2.399994E+00   3.849E+11   6.884E+29   2.304E-04      1.280E-01   0.000E+00   0.000E+00   0.000E+00   0.000E+00   0.000E+00   0.000E+00   0.000E+00      0.000E+00   0.000E+00   0.000E+00   00000   0.000E+00   0.000E+00       130.0  130.0   40.0
  269   1.086776E+04   2.399994E+00   3.704E+11   6.642E+29   2.217E-04      1.264E-01   0.000E+00   0.000E+00   0.000E+00   0.000E+00   0.000E+00   0.000E+00   0.000E+00      0.000E+00   0.000E+00   0.000E+00   00000   0.000E+00   0.000E+00       130.0  130.0   40.0
  270   1.086872E+04   2.399994E+00   3.564E+11   6.401E+29   2.133E-04      1.248E-01   0.000E+00   0.000E+00   0.000E+00   0.000E+00   0.000E+00   0.000E+00   0.000E+00      0.000E+00   0.000E+00   0.000E+00   00000   0.000E+00   0.000E+00       130.0  130.0   40.0
  271   1.086967E+04   2.399994E+00   3.430E+11   6.159E+29   2.053E-04      1.232E-01   0.000E+00   0.000E+00   0.000E+00   0.000E+00   0.000E+00   0.000E+00   0.000E+00      0.000E+00   0.000E+00   0.000E+00   00000   0.000E+00   0.000E+00       130.0  130.0   40.0
  272   1.087062E+04   2.399994E+00   3.301E+11   5.917E+29   1.975E-04      1.216E-01   0.000E+00   0.000E+00   0.000E+00   0.000E+00   0.000E+00   0.000E+00   0.000E+00      0.000E+00   0.000E+00   0.000E+00   00000   0.000E+00   0.000E+00       130.0  130.0   40.0
  273   1.087158E+04   2.399995E+00   3.176E+11   5.676E+29   1.901E-04      1.214E-01   0.000E+00   0.000E+00   0.000E+00   0.000E+00   0.000E+00   0.000E+00   0.000E+00      0.000E+00   0.000E+00   0.000E+00   00000   0.000E+00   0.000E+00        88.0   88.0   28.0
  274   1.087253E+04   2.399995E+00   3.057E+11   5.434E+29   1.830E-04      1.199E-01   0.000E+00   0.000E+00   0.000E+00   0.000E+00   0.000E+00   0.000E+00   0.000E+00      0.000E+00   0.000E+00   0.000E+00   00000   0.000E+00   0.000E+00        88.0   88.0   28.0
  275   1.087349E+04   2.399995E+00   2.941E+11   5.193E+29   1.761E-04      1.184E-01   0.000E+00   0.000E+00   0.000E+00   0.000E+00   0.000E+00   0.000E+00   0.000E+00      0.000E+00   0.000E+00   0.000E+00   00000   0.000E+00   0.000E+00        88.0   88.0   28.0
  276   1.087444E+04   2.399995E+00   2.831E+11   4.951E+29   1.695E-04      1.169E-01   0.000E+00   0.000E+00   0.000E+00   0.000E+00   0.000E+00   0.000E+00   0.000E+00      0.000E+00   0.000E+00   0.000E+00   00000   0.000E+00   0.000E+00        88.0   88.0   28.0
  277   1.087539E+04   2.399996E+00   2.724E+11   4.710E+29   1.631E-04      1.154E-01   0.000E+00   0.000E+00   0.000E+00   0.000E+00   0.000E+00   0.000E+00   0.000E+00      0.000E+00   0.000E+00   0.000E+00   00000   0.000E+00   0.000E+00        88.0   88.0   28.0
  278   1.087635E+04   2.399996E+00   2.621E+11   4.468E+29   1.570E-04      1.148E-01   0.000E+00   0.000E+00   0.000E+00   0.000E+00   0.000E+00   0.000E+00   0.000E+00      0.000E+00   0.000E+00   0.000E+00   00000   0.000E+00   0.000E+00        86.0   86.0   28.0
  279   1.087732E+04   2.399996E+00   2.522E+11   4.257E+29   1.511E-04      1.133E-01   0.000E+00   0.000E+00   0.000E+00   0.000E+00   0.000E+00   0.000E+00   0.000E+00      0.000E+00   0.000E+00   0.000E+00   00000   0.000E+00   0.000E+00        86.0   86.0   28.0
  280   1.087831E+04   2.399996E+00   2.427E+11   4.094E+29   1.454E-04      1.119E-01   0.000E+00   0.000E+00   0.000E+00   0.000E+00   0.000E+00   0.000E+00   0.000E+00      0.000E+00   0.000E+00   0.000E+00   00000   0.000E+00   0.000E+00        86.0   86.0   28.0
  281   1.087930E+04   2.399996E+00   2.336E+11   3.931E+29   1.399E-04      1.105E-01   0.000E+00   0.000E+00   0.000E+00   0.000E+00   0.000E+00   0.000E+00   0.000E+00      0.000E+00   0.000E+00   0.000E+00   00000   0.000E+00   0.000E+00        86.0   86.0   28.0
  282   1.088030E+04   2.399996E+00   2.248E+11   3.768E+29   1.346E-04      1.091E-01   0.000E+00   0.000E+00   0.000E+00   0.000E+00   0.000E+00   0.000E+00   0.000E+00      0.000E+00   0.000E+00   0.000E+00   00000   0.000E+00   0.000E+00        86.0   86.0   28.0
  283   1.088129E+04   2.399997E+00   2.163E+11   3.605E+29   1.295E-04      1.077E-01   0.000E+00   0.000E+00   0.000E+00   0.000E+00   0.000E+00   0.000E+00   0.000E+00      0.000E+00   0.000E+00   0.000E+00   00000   0.000E+00   0.000E+00        86.0   86.0   28.0
  284   1.088229E+04   2.399997E+00   2.081E+11   3.442E+29   1.246E-04      1.063E-01   0.000E+00   0.000E+00   0.000E+00   0.000E+00   0.000E+00   0.000E+00   0.000E+00      0.000E+00   0.000E+00   0.000E+00   00000   0.000E+00   0.000E+00        86.0   86.0   28.0
  285   1.088328E+04   2.399997E+00   2.003E+11   3.279E+29   1.200E-04      1.058E-01   0.000E+00   0.000E+00   0.000E+00   0.000E+00   0.000E+00   0.000E+00   0.000E+00      0.000E+00   0.000E+00   0.000E+00   00000   0.000E+00   0.000E+00        84.0   84.0   28.0
  286   1.088427E+04   2.399997E+00   1.927E+11   3.116E+29   1.155E-04      1.045E-01   0.000E+00   0.000E+00   0.000E+00   0.000E+00   0.000E+00   0.000E+00   0.000E+00      0.000E+00   0.000E+00   0.000E+00   00000   0.000E+00   0.000E+00        84.0   84.0   28.0
  287   1.088527E+04   2.399997E+00   1.855E+11   2.953E+29   1.111E-04      1.031E-01   0.000E+00   0.000E+00   0.000E+00   0.000E+00   0.000E+00   0.000E+00   0.000E+00      0.000E+00   0.000E+00   0.000E+00   00000   0.000E+00   0.000E+00        84.0   84.0   28.0
  288   1.088626E+04   2.399997E+00   1.785E+11   2.790E+29   1.069E-04      1.018E-01   0.000E+00   0.000E+00   0.000E+00   0.000E+00   0.000E+00   0.000E+00   0.000E+00      0.000E+00   0.000E+00   0.000E+00   00000   0.000E+00   0.000E+00        84.0   84.0   28.0
  289   1.088726E+04   2.399998E+00   1.718E+11   2.628E+29   1.029E-04      1.005E-01   0.000E+00   0.000E+00   0.000E+00   0.000E+00   0.000E+00   0.000E+00   0.000E+00      0.000E+00   0.000E+00   0.000E+00   00000   0.000E+00   0.000E+00        84.0   84.0   28.0
  290   1.088817E+04   2.399998E+00   1.653E+11   2.507E+29   9.902E-05      9.924E-02   0.000E+00   0.000E+00   0.000E+00   0.000E+00   0.000E+00   0.000E+00   0.000E+00      0.000E+00   0.000E+00   0.000E+00   00000   0.000E+00   0.000E+00        84.0   84.0   28.0
  291   1.088902E+04   2.399998E+00   1.591E+11   2.416E+29   9.530E-05      9.798E-02   0.000E+00   0.000E+00   0.000E+00   0.000E+00   0.000E+00   0.000E+00   0.000E+00      0.000E+00   0.000E+00   0.000E+00   00000   0.000E+00   0.000E+00        84.0   84.0   28.0
  292   1.088987E+04   2.399998E+00   1.531E+11   2.324E+29   9.171E-05      9.673E-02   0.000E+00   0.000E+00   0.000E+00   0.000E+00   0.000E+00   0.000E+00   0.000E+00      0.000E+00   0.000E+00   0.000E+00   00000   0.000E+00   0.000E+00        84.0   84.0   28.0
  293   1.089072E+04   2.399998E+00   1.473E+11   2.233E+29   8.827E-05      9.551E-02   0.000E+00   0.000E+00   0.000E+00   0.000E+00   0.000E+00   0.000E+00   0.000E+00      0.000E+00   0.000E+00   0.000E+00   00000   0.000E+00   0.000E+00        84.0   84.0   28.0
  294   1.089157E+04   2.399998E+00   1.417E+11   2.141E+29   8.495E-05      9.429E-02   0.000E+00   0.000E+00   0.000E+00   0.000E+00   0.000E+00   0.000E+00   0.000E+00      0.000E+00   0.000E+00   0.000E+00   00000   0.000E+00   0.000E+00        84.0   84.0   28.0
  295   1.089242E+04   2.399998E+00   1.364E+11   2.050E+29   8.175E-05      9.385E-02   0.000E+00   0.000E+00   0.000E+00   0.000E+00   0.000E+00   0.000E+00   0.000E+00      0.000E+00   0.000E+00   0.000E+00   00000   0.000E+00   0.000E+00        82.0   82.0   28.0
  296   1.089328E+04   2.399998E+00   1.313E+11   1.959E+29   7.868E-05      9.266E-02   0.000E+00   0.000E+00   0.000E+00   0.000E+00   0.000E+00   0.000E+00   0.000E+00      0.000E+00   0.000E+00   0.000E+00   00000   0.000E+00   0.000E+00        82.0   82.0   28.0
  297   1.089413E+04   2.399998E+00   1.263E+11   1.867E+29   7.572E-05      9.148E-02   0.000E+00   0.000E+00   0.000E+00   0.000E+00   0.000E+00   0.000E+00   0.000E+00      0.000E+00   0.000E+00   0.000E+00   00000   0.000E+00   0.000E+00        82.0   82.0   28.0
  298   1.089498E+04   2.399998E+00   1.215E+11   1.776E+29   7.288E-05      9.032E-02   0.000E+00   0.000E+00   0.000E+00   0.000E+00   0.000E+00   0.000E+00   0.000E+00      0.000E+00   0.000E+00   0.000E+00   00000   0.000E+00   0.000E+00        82.0   82.0   28.0
  299   1.089583E+04   2.399998E+00   1.170E+11   1.684E+29   7.014E-05      8.918E-02   0.000E+00   0.000E+00   0.000E+00   0.000E+00   0.000E+00   0.000E+00   0.000E+00      0.000E+00   0.000E+00   0.000E+00   00000   0.000E+00   0.000E+00        82.0   82.0   28.0
  300   1.089668E+04   2.399999E+00   1.126E+11   1.593E+29   6.751E-05      8.805E-02   0.000E+00   0.000E+00   0.000E+00   0.000E+00   0.000E+00   0.000E+00   0.000E+00      0.000E+00   0.000E+00   0.000E+00   00000   0.000E+00   0.000E+00        82.0   82.0   28.0
  301   1.089753E+04   2.399999E+00   1.083E+11   1.510E+29   6.497E-05      8.693E-02   0.000E+00   0.000E+00   0.000E+00   0.000E+00   0.000E+00   0.000E+00   0.000E+00      0.000E+00   0.000E+00   0.000E+00   00000   0.000E+00   0.000E+00        82.0   82.0   28.0
  302   1.089835E+04   2.399999E+00   1.042E+11   1.453E+29   6.253E-05      8.653E-02   0.000E+00   0.000E+00   0.000E+00   0.000E+00   0.000E+00   0.000E+00   0.000E+00      0.000E+00   0.000E+00   0.000E+00   00000   0.000E+00   0.000E+00        80.0   80.0   28.0
  303   1.089917E+04   2.399999E+00   1.003E+11   1.396E+29   6.017E-05      8.543E-02   0.000E+00   0.000E+00   0.000E+00   0.000E+00   0.000E+00   0.000E+00   0.000E+00      0.000E+00   0.000E+00   0.000E+00   00000   0.000E+00   0.000E+00        80.0   80.0   28.0
  304   1.089998E+04   2.399999E+00   9.652E+10   1.339E+29   5.791E-05      8.435E-02   0.000E+00   0.000E+00   0.000E+00   0.000E+00   0.000E+00   0.000E+00   0.000E+00      0.000E+00   0.000E+00   0.000E+00   00000   0.000E+00   0.000E+00        80.0   80.0   28.0
  305   1.090080E+04   2.399999E+00   9.288E+10   1.282E+29   5.573E-05      8.327E-02   0.000E+00   0.000E+00   0.000E+00   0.000E+00   0.000E+00   0.000E+00   0.000E+00      0.000E+00   0.000E+00   0.000E+00   00000   0.000E+00   0.000E+00        80.0   80.0   28.0
  306   1.090162E+04   2.399999E+00   8.938E+10   1.226E+29   5.363E-05      8.222E-02   0.000E+00   0.000E+00   0.000E+00   0.000E+00   0.000E+00   0.000E+00   0.000E+00      0.000E+00   0.000E+00   0.000E+00   00000   0.000E+00   0.000E+00        80.0   80.0   28.0
  307   1.090244E+04   2.399999E+00   8.601E+10   1.169E+29   5.161E-05      8.117E-02   0.000E+00   0.000E+00   0.000E+00   0.000E+00   0.000E+00   0.000E+00   0.000E+00      0.000E+00   0.000E+00   0.000E+00   00000   0.000E+00   0.000E+00        80.0   80.0   28.0
  308   1.090326E+04   2.399999E+00   8.277E+10   1.112E+29   4.966E-05      8.082E-02   0.000E+00   0.000E+00   0.000E+00   0.000E+00   0.000E+00   0.000E+00   0.000E+00      0.000E+00   0.000E+00   0.000E+00   00000   0.000E+00   0.000E+00        78.0   78.0   28.0
  309   1.090408E+04   2.399999E+00   7.965E+10   1.055E+29   4.779E-05      7.979E-02   0.000E+00   0.000E+00   0.000E+00   0.000E+00   0.000E+00   0.000E+00   0.000E+00      0.000E+00   0.000E+00   0.000E+00   00000   0.000E+00   0.000E+00        78.0   78.0   28.0
  310   1.090490E+04   2.399999E+00   7.664E+10   9.980E+28   4.599E-05      7.877E-02   0.000E+00   0.000E+00   0.000E+00   0.000E+00   0.000E+00   0.000E+00   0.000E+00      0.000E+00   0.000E+00   0.000E+00   00000   0.000E+00   0.000E+00        78.0   78.0   28.0
  311   1.090572E+04   2.399999E+00   7.375E+10   9.411E+28   4.426E-05      7.777E-02   0.000E+00   0.000E+00   0.000E+00   0.000E+00   0.000E+00   0.000E+00   0.000E+00      0.000E+00   0.000E+00   0.000E+00   00000   0.000E+00   0.000E+00        78.0   78.0   28.0
  312   1.090651E+04   2.399999E+00   7.097E+10   8.920E+28   4.259E-05      7.678E-02   0.000E+00   0.000E+00   0.000E+00   0.000E+00   0.000E+00   0.000E+00   0.000E+00      0.000E+00   0.000E+00   0.000E+00   00000   0.000E+00   0.000E+00        78.0   78.0   28.0
  313   1.090725E+04   2.399999E+00   6.830E+10   8.577E+28   4.099E-05      7.581E-02   0.000E+00   0.000E+00   0.000E+00   0.000E+00   0.000E+00   0.000E+00   0.000E+00      0.000E+00   0.000E+00   0.000E+00   00000   0.000E+00   0.000E+00        78.0   78.0   28.0
  314   1.090800E+04   2.399999E+00   6.572E+10   8.234E+28   3.944E-05      7.484E-02   0.000E+00   0.000E+00   0.000E+00   0.000E+00   0.000E+00   0.000E+00   0.000E+00      0.000E+00   0.000E+00   0.000E+00   00000   0.000E+00   0.000E+00        78.0   78.0   28.0
  315   1.090874E+04   2.399999E+00   6.325E+10   7.892E+28   3.796E-05      7.389E-02   0.000E+00   0.000E+00   0.000E+00   0.000E+00   0.000E+00   0.000E+00   0.000E+00      0.000E+00   0.000E+00   0.000E+00   00000   0.000E+00   0.000E+00        78.0   78.0   28.0
  316   1.090948E+04   2.399999E+00   6.086E+10   7.549E+28   3.653E-05      7.295E-02   0.000E+00   0.000E+00   0.000E+00   0.000E+00   0.000E+00   0.000E+00   0.000E+00      0.000E+00   0.000E+00   0.000E+00   00000   0.000E+00   0.000E+00        78.0   78.0   28.0
  317   1.091023E+04   2.399999E+00   5.857E+10   7.206E+28   3.515E-05      7.202E-02   0.000E+00   0.000E+00   0.000E+00   0.000E+00   0.000E+00   0.000E+00   0.000E+00      0.000E+00   0.000E+00   0.000E+00   00000   0.000E+00   0.000E+00        78.0   78.0   28.0
  318   1.091097E+04   2.399999E+00   5.636E+10   6.863E+28   3.383E-05      7.111E-02   0.000E+00   0.000E+00   0.000E+00   0.000E+00   0.000E+00   0.000E+00   0.000E+00      0.000E+00   0.000E+00   0.000E+00   00000   0.000E+00   0.000E+00        78.0   78.0   28.0
  319   1.091171E+04   2.399999E+00   5.423E+10   6.521E+28   3.255E-05      7.020E-02   0.000E+00   0.000E+00   0.000E+00   0.000E+00   0.000E+00   0.000E+00   0.000E+00      0.000E+00   0.000E+00   0.000E+00   00000   0.000E+00   0.000E+00        78.0   78.0   28.0
  320   1.091246E+04   2.399999E+00   5.219E+10   6.178E+28   3.133E-05      6.931E-02   0.000E+00   0.000E+00   0.000E+00   0.000E+00   0.000E+00   0.000E+00   0.000E+00      0.000E+00   0.000E+00   0.000E+00   00000   0.000E+00   0.000E+00        78.0   78.0   28.0
  321   1.091320E+04   2.400000E+00   5.022E+10   5.835E+28   3.015E-05      6.843E-02   0.000E+00   0.000E+00   0.000E+00   0.000E+00   0.000E+00   0.000E+00   0.000E+00      0.000E+00   0.000E+00   0.000E+00   00000   0.000E+00   0.000E+00        78.0   78.0   28.0
  322   1.091395E+04   2.400000E+00   4.833E+10   5.493E+28   2.902E-05      6.756E-02   0.000E+00   0.000E+00   0.000E+00   0.000E+00   0.000E+00   0.000E+00   0.000E+00      0.000E+00   0.000E+00   0.000E+00   00000   0.000E+00   0.000E+00        78.0   78.0   28.0
  323   1.091465E+04   2.400000E+00   4.651E+10   5.218E+28   2.793E-05      6.671E-02   0.000E+00   0.000E+00   0.000E+00   0.000E+00   0.000E+00   0.000E+00   0.000E+00      0.000E+00   0.000E+00   0.000E+00   00000   0.000E+00   0.000E+00        78.0   78.0   28.0
  324   1.091532E+04   2.400000E+00   4.475E+10   5.018E+28   2.688E-05      6.586E-02   0.000E+00   0.000E+00   0.000E+00   0.000E+00   0.000E+00   0.000E+00   0.000E+00      0.000E+00   0.000E+00   0.000E+00   00000   0.000E+00   0.000E+00        78.0   78.0   28.0
  325   1.091599E+04   2.400000E+00   4.307E+10   4.818E+28   2.587E-05      6.502E-02   0.000E+00   0.000E+00   0.000E+00   0.000E+00   0.000E+00   0.000E+00   0.000E+00      0.000E+00   0.000E+00   0.000E+00   00000   0.000E+00   0.000E+00        78.0   78.0   28.0
  326   1.091666E+04   2.400000E+00   4.144E+10   4.618E+28   2.489E-05      6.514E-02   0.000E+00   0.000E+00   0.000E+00   0.000E+00   0.000E+00   0.000E+00   0.000E+00      0.000E+00   0.000E+00   0.000E+00   00000   0.000E+00   0.000E+00        80.0   80.0   30.0
  327   1.091733E+04   2.400000E+00   3.988E+10   4.417E+28   2.395E-05      6.431E-02   0.000E+00   0.000E+00   0.000E+00   0.000E+00   0.000E+00   0.000E+00   0.000E+00      0.000E+00   0.000E+00   0.000E+00   00000   0.000E+00   0.000E+00        80.0   80.0   30.0
  328   1.091800E+04   2.400000E+00   3.838E+10   4.217E+28   2.305E-05      6.349E-02   0.000E+00   0.000E+00   0.000E+00   0.000E+00   0.000E+00   0.000E+00   0.000E+00      0.000E+00   0.000E+00   0.000E+00   00000   0.000E+00   0.000E+00        80.0   80.0   30.0
  329   1.091867E+04   2.400000E+00   3.693E+10   4.017E+28   2.218E-05      6.268E-02   0.000E+00   0.000E+00   0.000E+00   0.000E+00   0.000E+00   0.000E+00   0.000E+00      0.000E+00   0.000E+00   0.000E+00   00000   0.000E+00   0.000E+00        80.0   80.0   30.0
  330   1.091934E+04   2.400000E+00   3.554E+10   3.817E+28   2.134E-05      6.188E-02   0.000E+00   0.000E+00   0.000E+00   0.000E+00   0.000E+00   0.000E+00   0.000E+00      0.000E+00   0.000E+00   0.000E+00   00000   0.000E+00   0.000E+00        80.0   80.0   30.0
  331   1.092001E+04   2.400000E+00   3.420E+10   3.617E+28   2.054E-05      6.109E-02   0.000E+00   0.000E+00   0.000E+00   0.000E+00   0.000E+00   0.000E+00   0.000E+00      0.000E+00   0.000E+00   0.000E+00   00000   0.000E+00   0.000E+00        80.0   80.0   30.0
  332   1.092068E+04   2.400000E+00   3.291E+10   3.416E+28   1.976E-05      6.032E-02   0.000E+00   0.000E+00   0.000E+00   0.000E+00   0.000E+00   0.000E+00   0.000E+00      0.000E+00   0.000E+00   0.000E+00   00000   0.000E+00   0.000E+00        80.0   80.0   30.0
  333   1.092135E+04   2.400000E+00   3.167E+10   3.216E+28   1.902E-05      5.955E-02   0.000E+00   0.000E+00   0.000E+00   0.000E+00   0.000E+00   0.000E+00   0.000E+00      0.000E+00   0.000E+00   0.000E+00   00000   0.000E+00   0.000E+00        80.0   80.0   30.0
  334   1.092197E+04   2.400000E+00   3.048E+10   3.073E+28   1.830E-05      5.879E-02   0.000E+00   0.000E+00   0.000E+00   0.000E+00   0.000E+00   0.000E+00   0.000E+00      0.000E+00   0.000E+00   0.000E+00   00000   0.000E+00   0.000E+00        80.0   80.0   30.0
  335   1.092256E+04   2.400000E+00   2.933E+10   2.955E+28   1.762E-05      5.805E-02   0.000E+00   0.000E+00   0.000E+00   0.000E+00   0.000E+00   0.000E+00   0.000E+00      0.000E+00   0.000E+00   0.000E+00   00000   0.000E+00   0.000E+00        80.0   80.0   30.0
  336   1.092315E+04   2.400000E+00   2.822E+10   2.838E+28   1.695E-05      5.731E-02   0.000E+00   0.000E+00   0.000E+00   0.000E+00   0.000E+00   0.000E+00   0.000E+00      0.000E+00   0.000E+00   0.000E+00   00000   0.000E+00   0.000E+00        80.0   80.0   30.0
  337   1.092374E+04   2.400000E+00   2.716E+10   2.720E+28   1.632E-05      5.659E-02   0.000E+00   0.000E+00   0.000E+00   0.000E+00   0.000E+00   0.000E+00   0.000E+00      0.000E+00   0.000E+00   0.000E+00   00000   0.000E+00   0.000E+00        80.0   80.0   30.0
  338   1.092433E+04   2.400000E+00   2.613E+10   2.603E+28   1.570E-05      5.587E-02   0.000E+00   0.000E+00   0.000E+00   0.000E+00   0.000E+00   0.000E+00   0.000E+00      0.000E+00   0.000E+00   0.000E+00   00000   0.000E+00   0.000E+00        80.0   80.0   30.0
  339   1.092491E+04   2.400000E+00   2.515E+10   2.486E+28   1.511E-05      5.516E-02   0.000E+00   0.000E+00   0.000E+00   0.000E+00   0.000E+00   0.000E+00   0.000E+00      0.000E+00   0.000E+00   0.000E+00   00000   0.000E+00   0.000E+00        80.0   80.0   30.0
  340   1.092550E+04   2.400000E+00   2.420E+10   2.368E+28   1.454E-05      5.445E-02   0.000E+00   0.000E+00   0.000E+00   0.000E+00   0.000E+00   0.000E+00   0.000E+00      0.000E+00   0.000E+00   0.000E+00   00000   0.000E+00   0.000E+00        80.0   80.0   30.0
  341   1.092609E+04   2.400000E+00   2.329E+10   2.251E+28   1.399E-05      5.376E-02   0.000E+00   0.000E+00   0.000E+00   0.000E+00   0.000E+00   0.000E+00   0.000E+00      0.000E+00   0.000E+00   0.000E+00   00000   0.000E+00   0.000E+00        80.0   80.0   30.0
  342   1.092668E+04   2.400000E+00   2.241E+10   2.134E+28   1.347E-05      5.308E-02   0.000E+00   0.000E+00   0.000E+00   0.000E+00   0.000E+00   0.000E+00   0.000E+00      0.000E+00   0.000E+00   0.000E+00   00000   0.000E+00   0.000E+00        80.0   80.0   30.0
  343   1.092727E+04   2.400000E+00   2.157E+10   2.016E+28   1.296E-05      5.240E-02   0.000E+00   0.000E+00   0.000E+00   0.000E+00   0.000E+00   0.000E+00   0.000E+00      0.000E+00   0.000E+00   0.000E+00   00000   0.000E+00   0.000E+00        80.0   80.0   30.0
  344   1.092786E+04   2.400000E+00   2.075E+10   1.899E+28   1.247E-05      5.217E-02   0.000E+00   0.000E+00   0.000E+00   0.000E+00   0.000E+00   0.000E+00   0.000E+00      0.000E+00   0.000E+00   0.000E+00   00000   0.000E+00   0.000E+00        78.0   78.0   30.0
  345   1.092841E+04   2.400000E+00   1.997E+10   1.814E+28   1.200E-05      5.151E-02   0.000E+00   0.000E+00   0.000E+00   0.000E+00   0.000E+00   0.000E+00   0.000E+00      0.000E+00   0.000E+00   0.000E+00   00000   0.000E+00   0.000E+00        78.0   78.0   30.0
  346   1.092893E+04   2.400000E+00   1.922E+10   1.747E+28   1.155E-05      5.086E-02   0.000E+00   0.000E+00   0.000E+00   0.000E+00   0.000E+00   0.000E+00   0.000E+00      0.000E+00   0.000E+00   0.000E+00   00000   0.000E+00   0.000E+00        78.0   78.0   30.0
  347   1.092945E+04   2.400000E+00   1.849E+10   1.680E+28   1.112E-05      5.021E-02   0.000E+00   0.000E+00   0.000E+00   0.000E+00   0.000E+00   0.000E+00   0.000E+00      0.000E+00   0.000E+00   0.000E+00   00000   0.000E+00   0.000E+00        78.0   78.0   30.0
  348   1.092997E+04   2.400000E+00   1.780E+10   1.612E+28   1.070E-05      4.957E-02   0.000E+00   0.000E+00   0.000E+00   0.000E+00   0.000E+00   0.000E+00   0.000E+00      0.000E+00   0.000E+00   0.000E+00   00000   0.000E+00   0.000E+00        78.0   78.0   30.0
  349   1.093049E+04   2.400000E+00   1.713E+10   1.545E+28   1.030E-05      4.894E-02   0.000E+00   0.000E+00   0.000E+00   0.000E+00   0.000E+00   0.000E+00   0.000E+00      0.000E+00   0.000E+00   0.000E+00   00000   0.000E+00   0.000E+00        78.0   78.0   30.0
  350   1.093101E+04   2.400000E+00   1.648E+10   1.478E+28   9.909E-06      4.850E-02   0.000E+00   0.000E+00   0.000E+00   0.000E+00   0.000E+00   0.000E+00   0.000E+00      0.000E+00   0.000E+00   0.000E+00   00000   0.000E+00   0.000E+00        72.0   72.0   28.0
  351   1.093152E+04   2.400000E+00   1.586E+10   1.411E+28   9.535E-06      4.788E-02   0.000E+00   0.000E+00   0.000E+00   0.000E+00   0.000E+00   0.000E+00   0.000E+00      0.000E+00   0.000E+00   0.000E+00   00000   0.000E+00   0.000E+00        72.0   72.0   28.0
  352   1.093204E+04   2.400000E+00   1.526E+10   1.344E+28   9.175E-06      4.727E-02   0.000E+00   0.000E+00   0.000E+00   0.000E+00   0.000E+00   0.000E+00   0.000E+00      0.000E+00   0.000E+00   0.000E+00   00000   0.000E+00   0.000E+00        72.0   72.0   28.0
  353   1.093256E+04   2.400000E+00   1.469E+10   1.277E+28   8.829E-06      4.667E-02   0.000E+00   0.000E+00   0.000E+00   0.000E+00   0.000E+00   0.000E+00   0.000E+00      0.000E+00   0.000E+00   0.000E+00   00000   0.000E+00   0.000E+00        72.0   72.0   28.0
  354   1.093308E+04   2.400000E+00   1.413E+10   1.210E+28   8.496E-06      4.608E-02   0.000E+00   0.000E+00   0.000E+00   0.000E+00   0.000E+00   0.000E+00   0.000E+00      0.000E+00   0.000E+00   0.000E+00   00000   0.000E+00   0.000E+00        72.0   72.0   28.0
  355   1.093360E+04   2.400000E+00   1.360E+10   1.143E+28   8.176E-06      4.549E-02   0.000E+00   0.000E+00   0.000E+00   0.000E+00   0.000E+00   0.000E+00   0.000E+00      0.000E+00   0.000E+00   0.000E+00   00000   0.000E+00   0.000E+00        72.0   72.0   28.0
  356   1.093412E+04   2.400000E+00   1.309E+10   1.084E+28   7.867E-06      4.491E-02   0.000E+00   0.000E+00   0.000E+00   0.000E+00   0.000E+00   0.000E+00   0.000E+00      0.000E+00   0.000E+00   0.000E+00   00000   0.000E+00   0.000E+00        72.0   72.0   28.0
  357   1.093463E+04   2.400000E+00   1.259E+10   1.041E+28   7.571E-06      4.493E-02   0.000E+00   0.000E+00   0.000E+00   0.000E+00   0.000E+00   0.000E+00   0.000E+00      0.000E+00   0.000E+00   0.000E+00   00000   0.000E+00   0.000E+00        84.0   84.0   34.0
  358   1.093514E+04   2.400000E+00   1.212E+10   9.975E+27   7.285E-06      4.436E-02   0.000E+00   0.000E+00   0.000E+00   0.000E+00   0.000E+00   0.000E+00   0.000E+00      0.000E+00   0.000E+00   0.000E+00   00000   0.000E+00   0.000E+00        84.0   84.0   34.0
  359   1.093566E+04   2.400000E+00   1.166E+10   9.544E+27   7.010E-06      4.380E-02   0.000E+00   0.000E+00   0.000E+00   0.000E+00   0.000E+00   0.000E+00   0.000E+00      0.000E+00   0.000E+00   0.000E+00   00000   0.000E+00   0.000E+00        84.0   84.0   34.0
  360   1.093617E+04   2.400000E+00   1.122E+10   9.113E+27   6.746E-06      4.324E-02   0.000E+00   0.000E+00   0.000E+00   0.000E+00   0.000E+00   0.000E+00   0.000E+00      0.000E+00   0.000E+00   0.000E+00   00000   0.000E+00   0.000E+00        84.0   84.0   34.0
  361   1.093668E+04   2.400000E+00   1.080E+10   8.682E+27   6.491E-06      4.269E-02   0.000E+00   0.000E+00   0.000E+00   0.000E+00   0.000E+00   0.000E+00   0.000E+00      0.000E+00   0.000E+00   0.000E+00   00000   0.000E+00   0.000E+00        84.0   84.0   34.0
  362   1.093720E+04   2.400000E+00   1.039E+10   8.251E+27   6.246E-06      4.215E-02   0.000E+00   0.000E+00   0.000E+00   0.000E+00   0.000E+00   0.000E+00   0.000E+00      0.000E+00   0.000E+00   0.000E+00   00000   0.000E+00   0.000E+00        84.0   84.0   34.0
  363   1.093771E+04   2.400000E+00   1.000E+10   7.820E+27   6.011E-06      4.161E-02   0.000E+00   0.000E+00   0.000E+00   0.000E+00   0.000E+00   0.000E+00   0.000E+00      0.000E+00   0.000E+00   0.000E+00   00000   0.000E+00   0.000E+00        84.0   84.0   34.0
