PRINT OUT CONTROL:----------------------------------------
1	PSCREEN
0.      DEBUG
0       ISTEP DEBUG
1	PTEFF
1	PTEMP
1	PSTAR
1	IDUMP1
111	IDUMP2
421	IDUMP3
1.e3	TEMPMIN  
1.e10	TEMPINI
ELECTRON SPECIFIC HEAT in OUTER CRUST CONTROL:------------
0       ICVEL_NODEG
EFFECTIVE MASS CONTROL:-----------------------------------
5	EMNCO
5	EMNCR
3	EMP
INITIAL ROTATIONAL PERIOD:--------------------------------
0.1	p0: initial spin period
TPRINT: times at which you select the profiles---------
1.00000000e-10
1.25892541e-10
1.58489319e-10
1.99526231e-10
2.51188643e-10
3.16227766e-10
3.98107171e-10
5.01187234e-10
6.30957344e-10
7.94328235e-10
1.00000000e-09
1.25892541e-09
1.58489319e-09
1.99526231e-09
2.51188643e-09
3.16227766e-09
3.98107171e-09
5.01187234e-09
6.30957344e-09
7.94328235e-09
1.00000000e-08
1.25892541e-08
1.58489319e-08
1.99526231e-08
2.51188643e-08
3.16227766e-08
3.98107171e-08
5.01187234e-08
6.30957344e-08
7.94328235e-08
1.00000000e-07
1.25892541e-07
1.58489319e-07
1.99526231e-07
2.51188643e-07
3.16227766e-07
3.98107171e-07
5.01187234e-07
6.30957344e-07
7.94328235e-07
1.00000000e-06
1.25892541e-06
1.58489319e-06
1.99526231e-06
2.51188643e-06
3.16227766e-06
3.98107171e-06
5.01187234e-06
6.30957344e-06
7.94328235e-06
1.00000000e-05
1.25892541e-05
1.58489319e-05
1.99526231e-05
2.51188643e-05
3.16227766e-05
3.98107171e-05
5.01187234e-05
6.30957344e-05
7.94328235e-05
1.00000000e-04
1.25892541e-04
1.58489319e-04
1.99526231e-04
2.51188643e-04
3.16227766e-04
3.98107171e-04
5.01187234e-04
6.30957344e-04
7.94328235e-04
1.00000000e-03
1.25892541e-03
1.58489319e-03
1.99526231e-03
2.51188643e-03
3.16227766e-03
3.98107171e-03
5.01187234e-03
6.30957344e-03
7.94328235e-03
1.00000000e-02
1.25892541e-02
1.58489319e-02
1.99526231e-02
2.51188643e-02
3.16227766e-02
3.98107171e-02
5.01187234e-02
6.30957344e-02
7.94328235e-02
1.00000000e-01
1.25892541e-01
1.58489319e-01
1.99526231e-01
2.51188643e-01
3.16227766e-01
3.98107171e-01
5.01187234e-01
6.30957344e-01
7.94328235e-01
1.00000000e+00
1.25892541e+00
1.58489319e+00
1.99526231e+00
2.51188643e+00
3.16227766e+00
3.98107171e+00
5.01187234e+00
6.30957344e+00
7.94328235e+00
1.00000000e+01
1.25892541e+01
1.58489319e+01
1.99526231e+01
2.51188643e+01
3.16227766e+01
3.98107171e+01
5.01187234e+01
6.30957344e+01
7.94328235e+01
1.00000000e+02
1.25892541e+02
1.58489319e+02
1.99526231e+02
2.51188643e+02
3.16227766e+02
3.98107171e+02
5.01187234e+02
6.30957344e+02
7.94328235e+02
1.00000000e+03
1.25892541e+03
1.58489319e+03
1.99526231e+03
2.51188643e+03
3.16227766e+03
3.98107171e+03
5.01187234e+03
6.30957344e+03
7.94328235e+03
1.00000000e+04
1.25892541e+04
1.58489319e+04
1.99526231e+04
2.51188643e+04
3.16227766e+04
3.98107171e+04
5.01187234e+04
6.30957344e+04
7.94328235e+04
1.00000000e+05
1.25892541e+05
1.58489319e+05
1.99526231e+05
2.51188643e+05
3.16227766e+05
3.98107171e+05
5.01187234e+05
6.30957344e+05
7.94328235e+05
1.00000000e+06
1.25892541e+06
1.58489319e+06
1.99526231e+06
2.51188643e+06
3.16227766e+06
3.98107171e+06
5.01187234e+06
6.30957344e+06
7.94328235e+06
1.00000000e+07

