         5       363       111       267

EOS                                                                            

  i            rad           emas         rho         pres          nb           kf(e)      kf(mu)       kf(p)       kf(n)      kf(la)      kf(S-)      kf(S0)      kf(S+)         Tc(n)       Tc(p)      Tc(la)    Durca        mstn        mstp  nSF   Acel   Aion   Zion

    0   0.000000E+00   0.000000E+00   9.413E+14   1.685E+35   5.021E-01      1.227E+00   1.104E+00   1.472E+00   2.269E+00   0.000E+00   0.000E+00   0.000E+00   0.000E+00      4.156E+08   1.000E+00   1.000E+00   20000   4.011E-01   4.253E-01  3p2   N/A    N/A    N/A 
    1   2.484234E+03   2.988041E-02   9.063E+14   1.542E+35   4.864E-01      1.203E+00   1.077E+00   1.440E+00   2.252E+00   0.000E+00   0.000E+00   0.000E+00   0.000E+00      4.424E+08   1.000E+00   1.000E+00   20000   4.132E-01   4.343E-01  3p2   N/A    N/A    N/A 
    2   3.129938E+03   5.949484E-02   8.859E+14   1.461E+35   4.772E-01      1.188E+00   1.061E+00   1.421E+00   2.241E+00   0.000E+00   0.000E+00   0.000E+00   0.000E+00      4.591E+08   1.000E+00   1.000E+00   20000   4.206E-01   4.398E-01  3p2   N/A    N/A    N/A 
    3   3.582885E+03   8.812734E-02   8.690E+14   1.396E+35   4.694E-01      1.176E+00   1.047E+00   1.405E+00   2.232E+00   0.000E+00   0.000E+00   0.000E+00   0.000E+00      4.734E+08   1.000E+00   1.000E+00   20000   4.270E-01   4.444E-01  3p2   N/A    N/A    N/A 
    4   3.943475E+03   1.152041E-01   8.543E+14   1.340E+35   4.627E-01      1.165E+00   1.035E+00   1.391E+00   2.225E+00   0.000E+00   0.000E+00   0.000E+00   0.000E+00      4.862E+08   1.000E+00   1.000E+00   20000   4.328E-01   4.484E-01  3p2   N/A    N/A    N/A 
    5   4.247980E+03   1.437864E-01   8.404E+14   1.288E+35   4.562E-01      1.155E+00   1.023E+00   1.377E+00   2.217E+00   0.000E+00   0.000E+00   0.000E+00   0.000E+00      4.988E+08   1.000E+00   1.000E+00   20000   4.384E-01   4.524E-01  3p2   N/A    N/A    N/A 
    6   4.514152E+03   1.694493E-01   8.281E+14   1.242E+35   4.505E-01      1.146E+00   1.013E+00   1.365E+00   2.210E+00   0.000E+00   0.000E+00   0.000E+00   0.000E+00      5.102E+08   1.000E+00   1.000E+00   20000   4.435E-01   4.559E-01  3p2   N/A    N/A    N/A 
    7   4.752168E+03   1.977473E-01   8.159E+14   1.199E+35   4.448E-01      1.136E+00   1.002E+00   1.353E+00   2.203E+00   0.000E+00   0.000E+00   0.000E+00   0.000E+00      5.219E+08   1.000E+00   1.000E+00   20000   4.487E-01   4.595E-01  3p2   N/A    N/A    N/A 
    8   4.968467E+03   2.234633E-01   8.047E+14   1.159E+35   4.395E-01      1.128E+00   9.927E-01   1.341E+00   2.197E+00   0.000E+00   0.000E+00   0.000E+00   0.000E+00      5.328E+08   1.000E+00   1.000E+00   20000   4.536E-01   4.628E-01  3p2   N/A    N/A    N/A 
    9   5.167414E+03   2.481610E-01   7.942E+14   1.122E+35   4.346E-01      1.120E+00   9.835E-01   1.331E+00   2.191E+00   0.000E+00   0.000E+00   0.000E+00   0.000E+00      5.432E+08   1.000E+00   1.000E+00   20000   4.583E-01   4.660E-01  3p2   N/A    N/A    N/A 
   10   5.352119E+03   2.753865E-01   7.836E+14   1.086E+35   4.295E-01      1.111E+00   9.740E-01   1.319E+00   2.184E+00   0.000E+00   0.000E+00   0.000E+00   0.000E+00      5.540E+08   1.000E+00   1.000E+00   20000   4.632E-01   4.693E-01  3p2   N/A    N/A    N/A 
   11   5.524886E+03   3.008524E-01   7.736E+14   1.052E+35   4.248E-01      1.104E+00   9.650E-01   1.309E+00   2.178E+00   0.000E+00   0.000E+00   0.000E+00   0.000E+00      5.644E+08   1.000E+00   1.000E+00   20000   4.678E-01   4.724E-01  3p2   N/A    N/A    N/A 
   12   5.687476E+03   3.248181E-01   7.642E+14   1.020E+35   4.203E-01      1.096E+00   9.565E-01   1.299E+00   2.172E+00   0.000E+00   0.000E+00   0.000E+00   0.000E+00      5.743E+08   1.000E+00   1.000E+00   20000   4.724E-01   4.753E-01  3p2   N/A    N/A    N/A 
   13   5.841265E+03   3.478048E-01   7.552E+14   9.899E+34   4.160E-01      1.089E+00   9.483E-01   1.290E+00   2.167E+00   0.000E+00   0.000E+00   0.000E+00   0.000E+00      5.840E+08   1.000E+00   1.000E+00   20000   4.767E-01   4.782E-01  3p2   N/A    N/A    N/A 
   14   5.987357E+03   3.738153E-01   7.458E+14   9.603E+34   4.114E-01      1.081E+00   9.396E-01   1.279E+00   2.161E+00   0.000E+00   0.000E+00   0.000E+00   0.000E+00      5.942E+08   1.000E+00   1.000E+00   20000   4.814E-01   4.812E-01  3p2   N/A    N/A    N/A 
   15   6.126647E+03   3.986147E-01   7.369E+14   9.321E+34   4.071E-01      1.074E+00   9.313E-01   1.270E+00   2.155E+00   0.000E+00   0.000E+00   0.000E+00   0.000E+00      6.042E+08   1.000E+00   1.000E+00   20000   4.859E-01   4.841E-01  3p2   N/A    N/A    N/A 
   16   6.259877E+03   4.223352E-01   7.283E+14   9.051E+34   4.030E-01      1.067E+00   9.232E-01   1.260E+00   2.149E+00   0.000E+00   0.000E+00   0.000E+00   0.000E+00      6.138E+08   1.000E+00   1.000E+00   20000   4.904E-01   4.869E-01  3p2   N/A    N/A    N/A 
   17   6.387664E+03   4.450866E-01   7.201E+14   8.792E+34   3.990E-01      1.061E+00   9.154E-01   1.251E+00   2.144E+00   0.000E+00   0.000E+00   0.000E+00   0.000E+00      6.232E+08   1.000E+00   1.000E+00   20000   4.947E-01   4.896E-01  3p2   N/A    N/A    N/A 
   18   6.510534E+03   4.669626E-01   7.122E+14   8.544E+34   3.951E-01      1.054E+00   9.078E-01   1.243E+00   2.138E+00   0.000E+00   0.000E+00   0.000E+00   0.000E+00      6.324E+08   1.000E+00   1.000E+00   20000   4.989E-01   4.923E-01  3p2   N/A    N/A    N/A 
   19   6.628933E+03   4.896483E-01   7.043E+14   8.303E+34   3.912E-01      1.047E+00   9.002E-01   1.234E+00   2.133E+00   0.000E+00   0.000E+00   0.000E+00   0.000E+00      6.417E+08   1.000E+00   1.000E+00   20000   5.033E-01   4.950E-01  3p2   N/A    N/A    N/A 
   20   6.743248E+03   5.134854E-01   6.962E+14   8.070E+34   3.872E-01      1.041E+00   8.923E-01   1.225E+00   2.127E+00   0.000E+00   0.000E+00   0.000E+00   0.000E+00      6.513E+08   1.000E+00   1.000E+00   10000   5.078E-01   4.978E-01  3p2   N/A    N/A    N/A 
   21   6.853812E+03   5.365406E-01   6.884E+14   7.845E+34   3.834E-01      1.034E+00   8.846E-01   1.216E+00   2.122E+00   0.000E+00   0.000E+00   0.000E+00   0.000E+00      6.607E+08   1.000E+00   1.000E+00   10000   5.122E-01   5.005E-01  3p2   N/A    N/A    N/A 
   22   6.960921E+03   5.588750E-01   6.808E+14   7.627E+34   3.796E-01      1.028E+00   8.771E-01   1.207E+00   2.116E+00   0.000E+00   0.000E+00   0.000E+00   0.000E+00      6.699E+08   1.000E+00   1.000E+00   10000   5.166E-01   5.032E-01  3p2   N/A    N/A    N/A 
   23   7.064831E+03   5.805425E-01   6.735E+14   7.416E+34   3.760E-01      1.021E+00   8.697E-01   1.199E+00   2.111E+00   0.000E+00   0.000E+00   0.000E+00   0.000E+00      6.790E+08   1.000E+00   1.000E+00   10000   5.209E-01   5.058E-01  3p2   N/A    N/A    N/A 
   24   7.165770E+03   6.015906E-01   6.664E+14   7.210E+34   3.724E-01      1.015E+00   8.625E-01   1.191E+00   2.106E+00   0.000E+00   0.000E+00   0.000E+00   0.000E+00      6.878E+08   1.000E+00   1.000E+00   10000   5.252E-01   5.084E-01  3p2   N/A    N/A    N/A 
   25   7.263943E+03   6.220619E-01   6.594E+14   7.010E+34   3.689E-01      1.009E+00   8.555E-01   1.183E+00   2.101E+00   0.000E+00   0.000E+00   0.000E+00   0.000E+00      6.965E+08   1.000E+00   1.000E+00   10000   5.294E-01   5.109E-01  3p2   N/A    N/A    N/A 
   26   7.359533E+03   6.422763E-01   6.526E+14   6.816E+34   3.655E-01      1.003E+00   8.485E-01   1.175E+00   2.096E+00   0.000E+00   0.000E+00   0.000E+00   0.000E+00      7.051E+08   1.000E+00   1.000E+00   10000   5.336E-01   5.134E-01  3p2   N/A    N/A    N/A 
   27   7.452701E+03   6.642445E-01   6.454E+14   6.632E+34   3.619E-01      9.970E-01   8.411E-01   1.166E+00   2.090E+00   0.000E+00   0.000E+00   0.000E+00   0.000E+00      7.143E+08   1.000E+00   1.000E+00   10000   5.381E-01   5.161E-01  3p2   N/A    N/A    N/A 
   28   7.543596E+03   6.856767E-01   6.384E+14   6.452E+34   3.584E-01      9.909E-01   8.338E-01   1.158E+00   2.085E+00   0.000E+00   0.000E+00   0.000E+00   0.000E+00      7.233E+08   1.000E+00   1.000E+00   10000   5.426E-01   5.187E-01  3p2   N/A    N/A    N/A 
   29   7.632353E+03   7.066046E-01   6.316E+14   6.276E+34   3.549E-01      9.849E-01   8.266E-01   1.150E+00   2.079E+00   0.000E+00   0.000E+00   0.000E+00   0.000E+00      7.322E+08   1.000E+00   1.000E+00   10000   5.470E-01   5.213E-01  3p2   N/A    N/A    N/A 
   30   7.719091E+03   7.270567E-01   6.249E+14   6.104E+34   3.515E-01      9.790E-01   8.196E-01   1.142E+00   2.074E+00   0.000E+00   0.000E+00   0.000E+00   0.000E+00      7.408E+08   1.000E+00   1.000E+00   10000   5.514E-01   5.238E-01  3p2   N/A    N/A    N/A 
   31   7.803924E+03   7.470595E-01   6.183E+14   5.936E+34   3.482E-01      9.731E-01   8.126E-01   1.134E+00   2.069E+00   0.000E+00   0.000E+00   0.000E+00   0.000E+00      7.494E+08   1.000E+00   1.000E+00   10000   5.558E-01   5.264E-01  3p2   N/A    N/A    N/A 
   32   7.886951E+03   7.666363E-01   6.119E+14   5.772E+34   3.449E-01      9.674E-01   8.057E-01   1.126E+00   2.063E+00   0.000E+00   0.000E+00   0.000E+00   0.000E+00      7.578E+08   1.000E+00   1.000E+00   10000   5.601E-01   5.289E-01  3p2   N/A    N/A    N/A 
   33   7.968265E+03   7.858095E-01   6.056E+14   5.611E+34   3.417E-01      9.618E-01   7.990E-01   1.119E+00   2.058E+00   0.000E+00   0.000E+00   0.000E+00   0.000E+00      7.660E+08   1.000E+00   1.000E+00   10000   5.645E-01   5.314E-01  3p2   N/A    N/A    N/A 
   34   8.047953E+03   8.045991E-01   5.995E+14   5.453E+34   3.386E-01      9.563E-01   7.923E-01   1.111E+00   2.053E+00   0.000E+00   0.000E+00   0.000E+00   0.000E+00      7.741E+08   1.000E+00   1.000E+00   10000   5.688E-01   5.338E-01  3p2   N/A    N/A    N/A 
   35   8.126093E+03   8.230304E-01   5.935E+14   5.298E+34   3.355E-01      9.508E-01   7.857E-01   1.104E+00   2.048E+00   0.000E+00   0.000E+00   0.000E+00   0.000E+00      7.821E+08   1.000E+00   1.000E+00   10000   5.730E-01   5.362E-01  3p2   N/A    N/A    N/A 
   36   8.202759E+03   8.427016E-01   5.871E+14   5.156E+34   3.322E-01      9.450E-01   7.786E-01   1.096E+00   2.042E+00   0.000E+00   0.000E+00   0.000E+00   0.000E+00      7.906E+08   1.000E+00   1.000E+00   00000   5.777E-01   5.388E-01  3p2   N/A    N/A    N/A 
   37   8.278018E+03   8.620119E-01   5.808E+14   5.016E+34   3.289E-01      9.392E-01   7.716E-01   1.088E+00   2.037E+00   0.000E+00   0.000E+00   0.000E+00   0.000E+00      7.989E+08   1.000E+00   1.000E+00   00000   5.822E-01   5.414E-01  3p2   N/A    N/A    N/A 
   38   8.351933E+03   8.809772E-01   5.746E+14   4.879E+34   3.257E-01      9.335E-01   7.647E-01   1.080E+00   2.031E+00   0.000E+00   0.000E+00   0.000E+00   0.000E+00      8.071E+08   1.000E+00   1.000E+00   00000   5.868E-01   5.440E-01  3p2   N/A    N/A    N/A 
   39   8.424562E+03   8.996126E-01   5.685E+14   4.744E+34   3.226E-01      9.279E-01   7.579E-01   1.073E+00   2.026E+00   0.000E+00   0.000E+00   0.000E+00   0.000E+00      8.152E+08   1.000E+00   1.000E+00   00000   5.914E-01   5.465E-01  3p2   N/A    N/A    N/A 
   40   8.495960E+03   9.179322E-01   5.625E+14   4.611E+34   3.194E-01      9.224E-01   7.511E-01   1.065E+00   2.021E+00   0.000E+00   0.000E+00   0.000E+00   0.000E+00      8.231E+08   1.000E+00   1.000E+00   00000   5.960E-01   5.491E-01  3p2   N/A    N/A    N/A 
   41   8.566178E+03   9.359491E-01   5.566E+14   4.480E+34   3.164E-01      9.169E-01   7.444E-01   1.058E+00   2.015E+00   0.000E+00   0.000E+00   0.000E+00   0.000E+00      8.308E+08   1.000E+00   1.000E+00   00000   6.005E-01   5.516E-01  3p2   N/A    N/A    N/A 
   42   8.635262E+03   9.536751E-01   5.508E+14   4.352E+34   3.134E-01      9.115E-01   7.377E-01   1.050E+00   2.010E+00   0.000E+00   0.000E+00   0.000E+00   0.000E+00      8.384E+08   1.000E+00   1.000E+00   00000   6.050E-01   5.541E-01  3p2   N/A    N/A    N/A 
   43   8.703260E+03   9.711221E-01   5.452E+14   4.226E+34   3.104E-01      9.062E-01   7.311E-01   1.043E+00   2.005E+00   0.000E+00   0.000E+00   0.000E+00   0.000E+00      8.459E+08   1.000E+00   1.000E+00   00000   6.095E-01   5.566E-01  3p2   N/A    N/A    N/A 
   44   8.770211E+03   9.883007E-01   5.396E+14   4.101E+34   3.074E-01      9.009E-01   7.245E-01   1.036E+00   1.999E+00   0.000E+00   0.000E+00   0.000E+00   0.000E+00      8.532E+08   1.000E+00   1.000E+00   00000   6.140E-01   5.590E-01  3p2   N/A    N/A    N/A 
   45   8.836154E+03   1.005221E+00   5.340E+14   3.979E+34   3.045E-01      8.957E-01   7.181E-01   1.029E+00   1.994E+00   0.000E+00   0.000E+00   0.000E+00   0.000E+00      8.603E+08   1.000E+00   1.000E+00   00000   6.185E-01   5.615E-01  3p2   N/A    N/A    N/A 
   46   8.901129E+03   1.022165E+00   5.284E+14   3.862E+34   3.016E-01      8.904E-01   7.114E-01   1.022E+00   1.989E+00   0.000E+00   0.000E+00   0.000E+00   0.000E+00      8.675E+08   1.000E+00   1.000E+00   00000   6.232E-01   5.640E-01  3p2   N/A    N/A    N/A 
   47   8.965167E+03   1.039344E+00   5.226E+14   3.754E+34   2.985E-01      8.849E-01   7.045E-01   1.014E+00   1.983E+00   0.000E+00   0.000E+00   0.000E+00   0.000E+00      8.748E+08   1.000E+00   1.000E+00   00000   6.280E-01   5.666E-01  3p2   N/A    N/A    N/A 
   48   9.028305E+03   1.056281E+00   5.169E+14   3.647E+34   2.955E-01      8.794E-01   6.976E-01   1.006E+00   1.977E+00   0.000E+00   0.000E+00   0.000E+00   0.000E+00      8.820E+08   1.000E+00   1.000E+00   00000   6.329E-01   5.692E-01  3p2   N/A    N/A    N/A 
   49   9.090571E+03   1.072984E+00   5.112E+14   3.543E+34   2.925E-01      8.740E-01   6.908E-01   9.991E-01   1.971E+00   0.000E+00   0.000E+00   0.000E+00   0.000E+00      8.890E+08   1.000E+00   1.000E+00   00000   6.377E-01   5.718E-01  3p2   N/A    N/A    N/A 
   50   9.151995E+03   1.089461E+00   5.057E+14   3.439E+34   2.895E-01      8.686E-01   6.840E-01   9.917E-01   1.966E+00   0.000E+00   0.000E+00   0.000E+00   0.000E+00      8.959E+08   1.000E+00   1.000E+00   00000   6.426E-01   5.744E-01  3p2   N/A    N/A    N/A 
   51   9.212607E+03   1.105720E+00   5.002E+14   3.337E+34   2.866E-01      8.633E-01   6.772E-01   9.844E-01   1.960E+00   0.000E+00   0.000E+00   0.000E+00   0.000E+00      9.025E+08   1.000E+00   1.000E+00   00000   6.474E-01   5.770E-01  3p2   N/A    N/A    N/A 
   52   9.272430E+03   1.121768E+00   4.947E+14   3.236E+34   2.837E-01      8.581E-01   6.705E-01   9.772E-01   1.954E+00   0.000E+00   0.000E+00   0.000E+00   0.000E+00      9.090E+08   1.000E+00   1.000E+00   00000   6.523E-01   5.796E-01  3p2   N/A    N/A    N/A 
   53   9.331492E+03   1.137612E+00   4.894E+14   3.136E+34   2.808E-01      8.528E-01   6.638E-01   9.700E-01   1.949E+00   0.000E+00   0.000E+00   0.000E+00   0.000E+00      9.152E+08   1.000E+00   1.000E+00   00000   6.571E-01   5.822E-01  3p2   N/A    N/A    N/A 
   54   9.389815E+03   1.153257E+00   4.841E+14   3.038E+34   2.780E-01      8.477E-01   6.572E-01   9.629E-01   1.943E+00   0.000E+00   0.000E+00   0.000E+00   0.000E+00      9.213E+08   1.000E+00   1.000E+00   00000   6.619E-01   5.847E-01  3p2   N/A    N/A    N/A 
   55   9.447423E+03   1.168711E+00   4.789E+14   2.941E+34   2.752E-01      8.425E-01   6.505E-01   9.559E-01   1.938E+00   0.000E+00   0.000E+00   0.000E+00   0.000E+00      9.271E+08   1.000E+00   1.000E+00   00000   6.668E-01   5.873E-01  3p2   N/A    N/A    N/A 
   56   9.504337E+03   1.183978E+00   4.737E+14   2.845E+34   2.724E-01      8.375E-01   6.439E-01   9.489E-01   1.932E+00   0.000E+00   0.000E+00   0.000E+00   0.000E+00      9.328E+08   1.000E+00   1.000E+00   00000   6.716E-01   5.898E-01  3p2   N/A    N/A    N/A 
   57   9.560576E+03   1.199065E+00   4.686E+14   2.750E+34   2.696E-01      8.324E-01   6.374E-01   9.419E-01   1.926E+00   0.000E+00   0.000E+00   0.000E+00   0.000E+00      9.382E+08   1.000E+00   1.000E+00   00000   6.764E-01   5.924E-01  3p2   N/A    N/A    N/A 
   58   9.616162E+03   1.214026E+00   4.632E+14   2.665E+34   2.667E-01      8.271E-01   6.304E-01   9.346E-01   1.920E+00   0.000E+00   0.000E+00   0.000E+00   0.000E+00      9.438E+08   1.000E+00   1.000E+00   00000   6.816E-01   5.951E-01  3p2   N/A    N/A    N/A 
   59   9.671113E+03   1.228836E+00   4.578E+14   2.584E+34   2.638E-01      8.217E-01   6.233E-01   9.271E-01   1.914E+00   0.000E+00   0.000E+00   0.000E+00   0.000E+00      9.492E+08   1.000E+00   1.000E+00   00000   6.868E-01   5.979E-01  3p2   N/A    N/A    N/A 
   60   9.725446E+03   1.243480E+00   4.524E+14   2.503E+34   2.609E-01      8.163E-01   6.162E-01   9.197E-01   1.908E+00   0.000E+00   0.000E+00   0.000E+00   0.000E+00      9.544E+08   1.000E+00   1.000E+00   00000   6.921E-01   6.006E-01  3p2   N/A    N/A    N/A 
   61   9.779179E+03   1.257962E+00   4.471E+14   2.424E+34   2.580E-01      8.110E-01   6.091E-01   9.123E-01   1.902E+00   0.000E+00   0.000E+00   0.000E+00   0.000E+00      9.594E+08   1.000E+00   1.000E+00   00000   6.974E-01   6.034E-01  3p2   N/A    N/A    N/A 
   62   9.832328E+03   1.272287E+00   4.418E+14   2.345E+34   2.551E-01      8.057E-01   6.021E-01   9.050E-01   1.896E+00   0.000E+00   0.000E+00   0.000E+00   0.000E+00      9.641E+08   1.000E+00   1.000E+00   00000   7.026E-01   6.061E-01  3p2   N/A    N/A    N/A 
   63   9.884908E+03   1.286458E+00   4.366E+14   2.267E+34   2.523E-01      8.004E-01   5.950E-01   8.977E-01   1.889E+00   0.000E+00   0.000E+00   0.000E+00   0.000E+00      9.685E+08   1.000E+00   1.000E+00   00000   7.079E-01   6.089E-01  3p2   N/A    N/A    N/A 
   64   9.936935E+03   1.300480E+00   4.315E+14   2.190E+34   2.495E-01      7.952E-01   5.880E-01   8.905E-01   1.883E+00   0.000E+00   0.000E+00   0.000E+00   0.000E+00      9.726E+08   1.000E+00   1.000E+00   00000   7.132E-01   6.116E-01  3p2   N/A    N/A    N/A 
   65   9.988423E+03   1.314357E+00   4.264E+14   2.114E+34   2.467E-01      7.900E-01   5.809E-01   8.833E-01   1.877E+00   0.000E+00   0.000E+00   0.000E+00   0.000E+00      9.765E+08   1.000E+00   1.000E+00   00000   7.184E-01   6.144E-01  3p2   N/A    N/A    N/A 
   66   1.003939E+04   1.328092E+00   4.214E+14   2.038E+34   2.439E-01      7.849E-01   5.739E-01   8.761E-01   1.871E+00   0.000E+00   0.000E+00   0.000E+00   0.000E+00      9.801E+08   1.000E+00   1.000E+00   00000   7.237E-01   6.171E-01  3p2   N/A    N/A    N/A 
   67   1.008984E+04   1.341689E+00   4.164E+14   1.964E+34   2.412E-01      7.798E-01   5.669E-01   8.690E-01   1.865E+00   0.000E+00   0.000E+00   0.000E+00   0.000E+00      9.834E+08   1.000E+00   1.000E+00   00000   7.290E-01   6.199E-01  3p2   N/A    N/A    N/A 
   68   1.013979E+04   1.355151E+00   4.114E+14   1.890E+34   2.384E-01      7.747E-01   5.598E-01   8.619E-01   1.858E+00   0.000E+00   0.000E+00   0.000E+00   0.000E+00      9.864E+08   1.000E+00   1.000E+00   00000   7.343E-01   6.226E-01  3p2   N/A    N/A    N/A 
   69   1.018925E+04   1.368483E+00   4.065E+14   1.817E+34   2.357E-01      7.696E-01   5.528E-01   8.549E-01   1.852E+00   0.000E+00   0.000E+00   0.000E+00   0.000E+00      9.891E+08   1.000E+00   1.000E+00   00000   7.395E-01   6.254E-01  3p2   N/A    N/A    N/A 
   70   1.023824E+04   1.381317E+00   4.013E+14   1.753E+34   2.328E-01      7.641E-01   5.452E-01   8.473E-01   1.845E+00   0.000E+00   0.000E+00   0.000E+00   0.000E+00      9.918E+08   1.000E+00   1.000E+00   00000   7.453E-01   6.284E-01  3p2   N/A    N/A    N/A 
   71   1.028676E+04   1.393969E+00   3.960E+14   1.692E+34   2.299E-01      7.586E-01   5.374E-01   8.395E-01   1.839E+00   0.000E+00   0.000E+00   0.000E+00   0.000E+00      9.941E+08   1.000E+00   1.000E+00   00000   7.511E-01   6.314E-01  3p2   N/A    N/A    N/A 
   72   1.033483E+04   1.406503E+00   3.907E+14   1.631E+34   2.270E-01      7.531E-01   5.296E-01   8.319E-01   1.832E+00   0.000E+00   0.000E+00   0.000E+00   0.000E+00      9.960E+08   1.000E+00   1.000E+00   00000   7.569E-01   6.345E-01  3p2   N/A    N/A    N/A 
   73   1.038246E+04   1.418922E+00   3.855E+14   1.571E+34   2.241E-01      7.476E-01   5.218E-01   8.242E-01   1.825E+00   0.000E+00   0.000E+00   0.000E+00   0.000E+00      9.976E+08   1.000E+00   1.000E+00   00000   7.628E-01   6.375E-01  3p2   N/A    N/A    N/A 
   74   1.042965E+04   1.431228E+00   3.804E+14   1.511E+34   2.212E-01      7.422E-01   5.139E-01   8.166E-01   1.818E+00   0.000E+00   0.000E+00   0.000E+00   0.000E+00      9.988E+08   1.000E+00   1.000E+00   00000   7.686E-01   6.406E-01  3p2   N/A    N/A    N/A 
   75   1.047642E+04   1.443423E+00   3.753E+14   1.452E+34   2.184E-01      7.367E-01   5.060E-01   8.090E-01   1.811E+00   0.000E+00   0.000E+00   0.000E+00   0.000E+00      9.995E+08   1.000E+00   1.000E+00   00000   7.745E-01   6.436E-01  3p2   N/A    N/A    N/A 
   76   1.052278E+04   1.455511E+00   3.702E+14   1.393E+34   2.155E-01      7.313E-01   4.981E-01   8.014E-01   1.804E+00   0.000E+00   0.000E+00   0.000E+00   0.000E+00      9.999E+08   1.891E+07   1.000E+00   00000   7.803E-01   6.467E-01  3p2   N/A    N/A    N/A 
   77   1.056873E+04   1.467493E+00   3.652E+14   1.335E+34   2.127E-01      7.259E-01   4.902E-01   7.939E-01   1.797E+00   0.000E+00   0.000E+00   0.000E+00   0.000E+00      1.000E+09   1.128E+08   1.000E+00   00000   7.861E-01   6.498E-01  3p2   N/A    N/A    N/A 
   78   1.061428E+04   1.479371E+00   3.602E+14   1.277E+34   2.099E-01      7.206E-01   4.822E-01   7.863E-01   1.789E+00   0.000E+00   0.000E+00   0.000E+00   0.000E+00      9.996E+08   2.478E+08   1.000E+00   00000   7.920E-01   6.528E-01  3p2   N/A    N/A    N/A 
   79   1.065945E+04   1.491149E+00   3.553E+14   1.220E+34   2.072E-01      7.152E-01   4.742E-01   7.788E-01   1.782E+00   0.000E+00   0.000E+00   0.000E+00   0.000E+00      9.988E+08   4.094E+08   1.000E+00   00000   7.978E-01   6.559E-01  3p2   N/A    N/A    N/A 
   80   1.070424E+04   1.502827E+00   3.504E+14   1.163E+34   2.044E-01      7.099E-01   4.661E-01   7.714E-01   1.775E+00   0.000E+00   0.000E+00   0.000E+00   0.000E+00      9.975E+08   5.839E+08   1.000E+00   00000   8.036E-01   6.590E-01  3p2   N/A    N/A    N/A 
   81   1.074866E+04   1.513936E+00   3.452E+14   1.113E+34   2.015E-01      7.041E-01   4.573E-01   7.633E-01   1.767E+00   0.000E+00   0.000E+00   0.000E+00   0.000E+00      9.958E+08   7.717E+08   1.000E+00   00000   8.099E-01   6.623E-01  3p2   N/A    N/A    N/A 
   82   1.079271E+04   1.524674E+00   3.397E+14   1.066E+34   1.984E-01      6.982E-01   4.480E-01   7.549E-01   1.759E+00   0.000E+00   0.000E+00   0.000E+00   0.000E+00      9.934E+08   9.504E+08   1.000E+00   00000   8.165E-01   6.658E-01  3p2   N/A    N/A    N/A 
   83   1.083640E+04   1.535325E+00   3.344E+14   1.020E+34   1.954E-01      6.922E-01   4.386E-01   7.465E-01   1.751E+00   0.000E+00   0.000E+00   0.000E+00   0.000E+00      9.905E+08   1.106E+09   1.000E+00   00000   8.231E-01   6.693E-01  3p2   N/A    N/A    N/A 
   84   1.087975E+04   1.545891E+00   3.290E+14   9.736E+33   1.924E-01      6.862E-01   4.292E-01   7.381E-01   1.743E+00   0.000E+00   0.000E+00   0.000E+00   0.000E+00      9.870E+08   1.244E+09   1.000E+00   00000   8.296E-01   6.729E-01  3p2   N/A    N/A    N/A 
   85   1.092275E+04   1.556373E+00   3.237E+14   9.280E+33   1.894E-01      6.803E-01   4.196E-01   7.298E-01   1.735E+00   0.000E+00   0.000E+00   0.000E+00   0.000E+00      9.830E+08   1.367E+09   1.000E+00   00000   8.362E-01   6.764E-01  3p2   N/A    N/A    N/A 
   86   1.096542E+04   1.566773E+00   3.185E+14   8.827E+33   1.864E-01      6.743E-01   4.099E-01   7.214E-01   1.726E+00   0.000E+00   0.000E+00   0.000E+00   0.000E+00      9.785E+08   1.481E+09   1.000E+00   00000   8.427E-01   6.799E-01  3p2   N/A    N/A    N/A 
   87   1.100776E+04   1.577093E+00   3.133E+14   8.378E+33   1.834E-01      6.684E-01   4.000E-01   7.131E-01   1.718E+00   0.000E+00   0.000E+00   0.000E+00   0.000E+00      9.733E+08   1.590E+09   1.000E+00   00000   8.493E-01   6.835E-01  3p2   N/A    N/A    N/A 
   88   1.104977E+04   1.587334E+00   3.081E+14   7.932E+33   1.805E-01      6.624E-01   3.900E-01   7.047E-01   1.709E+00   0.000E+00   0.000E+00   0.000E+00   0.000E+00      9.677E+08   1.696E+09   1.000E+00   00000   8.558E-01   6.871E-01  3p2   N/A    N/A    N/A 
   89   1.109147E+04   1.597498E+00   3.030E+14   7.490E+33   1.776E-01      6.565E-01   3.798E-01   6.964E-01   1.701E+00   0.000E+00   0.000E+00   0.000E+00   0.000E+00      9.614E+08   1.798E+09   1.000E+00   00000   8.623E-01   6.907E-01  3p2   N/A    N/A    N/A 
   90   1.113286E+04   1.607585E+00   2.979E+14   7.051E+33   1.747E-01      6.505E-01   3.695E-01   6.881E-01   1.692E+00   0.000E+00   0.000E+00   0.000E+00   0.000E+00      9.546E+08   1.899E+09   1.000E+00   00000   8.688E-01   6.943E-01  3p2   N/A    N/A    N/A 
   91   1.117394E+04   1.616926E+00   2.923E+14   6.669E+33   1.715E-01      6.439E-01   3.577E-01   6.788E-01   1.683E+00   0.000E+00   0.000E+00   0.000E+00   0.000E+00      9.464E+08   2.008E+09   1.000E+00   00000   8.760E-01   6.983E-01  3p2   N/A    N/A    N/A 
   92   1.121472E+04   1.625941E+00   2.865E+14   6.312E+33   1.681E-01      6.370E-01   3.451E-01   6.691E-01   1.673E+00   0.000E+00   0.000E+00   0.000E+00   0.000E+00      9.371E+08   2.120E+09   1.000E+00   00000   8.834E-01   7.025E-01  3p2   N/A    N/A    N/A 
   93   1.125521E+04   1.634891E+00   2.807E+14   5.956E+33   1.648E-01      6.301E-01   3.322E-01   6.595E-01   1.662E+00   0.000E+00   0.000E+00   0.000E+00   0.000E+00      9.270E+08   2.231E+09   1.000E+00   00000   8.909E-01   7.068E-01  3p2   N/A    N/A    N/A 
   94   1.129540E+04   1.643777E+00   2.750E+14   5.604E+33   1.615E-01      6.232E-01   3.188E-01   6.498E-01   1.652E+00   0.000E+00   0.000E+00   0.000E+00   0.000E+00      9.161E+08   2.339E+09   1.000E+00   00000   8.983E-01   7.110E-01  3p2   N/A    N/A    N/A 
   95   1.133532E+04   1.652600E+00   2.693E+14   5.254E+33   1.583E-01      6.162E-01   3.050E-01   6.402E-01   1.642E+00   0.000E+00   0.000E+00   0.000E+00   0.000E+00      9.045E+08   2.444E+09   1.000E+00   00000   9.057E-01   7.153E-01  3p2   N/A    N/A    N/A 
   96   1.137495E+04   1.661362E+00   2.637E+14   4.906E+33   1.550E-01      6.092E-01   2.906E-01   6.305E-01   1.631E+00   0.000E+00   0.000E+00   0.000E+00   0.000E+00      8.921E+08   2.545E+09   1.000E+00   00000   9.130E-01   7.197E-01  3p2   N/A    N/A    N/A 
   97   1.141431E+04   1.670063E+00   2.581E+14   4.561E+33   1.518E-01      6.022E-01   2.756E-01   6.209E-01   1.620E+00   0.000E+00   0.000E+00   0.000E+00   0.000E+00      8.790E+08   2.639E+09   1.000E+00   00000   9.203E-01   7.240E-01  3p2   N/A    N/A    N/A 
   98   1.145340E+04   1.678704E+00   2.525E+14   4.218E+33   1.486E-01      5.952E-01   2.599E-01   6.113E-01   1.610E+00   0.000E+00   0.000E+00   0.000E+00   0.000E+00      8.652E+08   2.729E+09   1.000E+00   00000   9.275E-01   7.284E-01  3p2   N/A    N/A    N/A 
   99   1.149223E+04   1.686734E+00   2.464E+14   3.912E+33   1.451E-01      5.874E-01   2.415E-01   6.007E-01   1.598E+00   0.000E+00   0.000E+00   0.000E+00   0.000E+00      8.490E+08   2.823E+09   1.000E+00   00000   9.354E-01   7.333E-01  3p2   N/A    N/A    N/A 
  100   1.153079E+04   1.694264E+00   2.399E+14   3.634E+33   1.413E-01      5.789E-01   2.200E-01   5.893E-01   1.585E+00   0.000E+00   0.000E+00   0.000E+00   0.000E+00      8.305E+08   2.921E+09   1.000E+00   00000   9.438E-01   7.386E-01  3p2   N/A    N/A    N/A 
  101   1.156910E+04   1.701744E+00   2.334E+14   3.359E+33   1.375E-01      5.703E-01   1.965E-01   5.780E-01   1.571E+00   0.000E+00   0.000E+00   0.000E+00   0.000E+00      8.110E+08   3.017E+09   1.000E+00   00000   9.521E-01   7.439E-01  3p2   N/A    N/A    N/A 
  102   1.160716E+04   1.709175E+00   2.269E+14   3.086E+33   1.338E-01      5.617E-01   1.697E-01   5.668E-01   1.558E+00   0.000E+00   0.000E+00   0.000E+00   0.000E+00      7.905E+08   3.109E+09   1.000E+00   00000   9.604E-01   7.494E-01  3p2   N/A    N/A    N/A 
  103   1.164497E+04   1.716558E+00   2.205E+14   2.814E+33   1.300E-01      5.529E-01   1.383E-01   5.558E-01   1.544E+00   0.000E+00   0.000E+00   0.000E+00   0.000E+00      7.689E+08   3.189E+09   1.000E+00   00000   9.684E-01   7.548E-01  3p2   N/A    N/A    N/A 
  104   1.168253E+04   1.723893E+00   2.141E+14   2.544E+33   1.263E-01      5.441E-01   9.783E-02   5.452E-01   1.530E+00   0.000E+00   0.000E+00   0.000E+00   0.000E+00      7.464E+08   3.249E+09   1.000E+00   00000   9.764E-01   7.604E-01  3p2   N/A    N/A    N/A 
  105   1.171985E+04   1.730993E+00   2.076E+14   2.285E+33   1.225E-01      5.348E-01  -0.000E+00   5.348E-01   1.515E+00   0.000E+00   0.000E+00   0.000E+00   0.000E+00      7.218E+08   3.284E+09   1.000E+00   00000   9.844E-01   7.662E-01  3p2   N/A    N/A    N/A 
  106   1.175694E+04   1.737243E+00   1.999E+14   2.069E+33   1.180E-01      5.238E-01  -0.000E+00   5.238E-01   1.496E+00   0.000E+00   0.000E+00   0.000E+00   0.000E+00      6.917E+08   3.287E+09   1.000E+00   00000   9.935E-01   7.732E-01  3p2   N/A    N/A    N/A 
  107   1.179380E+04   1.743454E+00   1.923E+14   1.853E+33   1.136E-01      5.126E-01  -0.000E+00   5.126E-01   1.478E+00   0.000E+00   0.000E+00   0.000E+00   0.000E+00      6.605E+08   3.256E+09   1.000E+00   00000   1.002E+00   7.803E-01  3p2   N/A    N/A    N/A 
  108   1.183043E+04   1.749626E+00   1.848E+14   1.639E+33   1.092E-01      5.012E-01  -0.000E+00   5.012E-01   1.459E+00   0.000E+00   0.000E+00   0.000E+00   0.000E+00      6.283E+08   3.195E+09   1.000E+00   00000   1.011E+00   7.874E-01  3p2   N/A    N/A    N/A 
  109   1.186683E+04   1.755761E+00   1.772E+14   1.426E+33   1.048E-01      4.896E-01  -0.000E+00   4.896E-01   1.440E+00   0.000E+00   0.000E+00   0.000E+00   0.000E+00      5.951E+08   3.111E+09   1.000E+00   00000   1.019E+00   7.947E-01  3p2   N/A    N/A    N/A 
  110   1.190301E+04   1.761439E+00   1.690E+14   1.233E+33   9.997E-02      4.766E-01  -0.000E+00   4.766E-01   1.418E+00   0.000E+00   0.000E+00   0.000E+00   0.000E+00      5.579E+08   3.000E+09   1.000E+00   00000   1.028E+00   8.027E-01  3p2   N/A    N/A    N/A 
  111   1.193897E+04   1.766567E+00   1.600E+14   1.062E+33   9.465E-02      4.618E-01  -0.000E+00   4.618E-01   1.393E+00   0.000E+00   0.000E+00   0.000E+00   0.000E+00      5.158E+08   2.861E+09   1.000E+00   00000   1.038E+00   8.118E-01  3p2   N/A    N/A    N/A 
  112   1.196006E+04   1.769575E+00   1.540E+14   9.626E+32   9.108E-02      4.532E-01   0.000E+00   0.000E+00   1.264E+00   0.000E+00   0.000E+00   0.000E+00   0.000E+00      1.666E+09   0.000E+00   0.000E+00   00000   9.509E-01   0.000E+00  1s0  926.9  232.0   32.0
  113   1.198406E+04   1.772997E+00   1.482E+14   8.491E+32   8.765E-02      4.450E-01   0.000E+00   0.000E+00   1.251E+00   0.000E+00   0.000E+00   0.000E+00   0.000E+00      1.837E+09   0.000E+00   0.000E+00   00000   9.524E-01   0.000E+00  1s0  942.4  232.0   32.0
  114   1.200806E+04   1.776419E+00   1.426E+14   7.355E+32   8.434E-02      4.370E-01   0.000E+00   0.000E+00   1.237E+00   0.000E+00   0.000E+00   0.000E+00   0.000E+00      2.022E+09   0.000E+00   0.000E+00   00000   9.539E-01   0.000E+00  1s0  957.4  232.0   32.0
  115   1.201920E+04   1.777723E+00   1.372E+14   6.934E+32   8.116E-02      4.293E-01   0.000E+00   0.000E+00   1.223E+00   0.000E+00   0.000E+00   0.000E+00   0.000E+00      2.217E+09   0.000E+00   0.000E+00   00000   9.555E-01   0.000E+00  1s0  971.8  232.0   32.0
  116   1.202951E+04   1.778890E+00   1.320E+14   6.559E+32   7.810E-02      4.205E-01   0.000E+00   0.000E+00   1.210E+00   0.000E+00   0.000E+00   0.000E+00   0.000E+00      2.399E+09   0.000E+00   0.000E+00   00000   9.569E-01   0.000E+00  1s0  995.2  232.0   32.0
  117   1.203982E+04   1.780058E+00   1.271E+14   6.185E+32   7.517E-02      4.087E-01   0.000E+00   0.000E+00   1.201E+00   0.000E+00   0.000E+00   0.000E+00   0.000E+00      2.541E+09   0.000E+00   0.000E+00   00000   9.579E-01   0.000E+00  1s0 1043.5  232.0   32.0
  118   1.205014E+04   1.781225E+00   1.223E+14   5.810E+32   7.235E-02      3.977E-01   0.000E+00   0.000E+00   1.190E+00   0.000E+00   0.000E+00   0.000E+00   0.000E+00      2.690E+09   0.000E+00   0.000E+00   00000   9.591E-01   0.000E+00  1s0 1090.1  232.0   32.0
  119   1.206045E+04   1.782392E+00   1.177E+14   5.435E+32   6.963E-02      3.874E-01   0.000E+00   0.000E+00   1.179E+00   0.000E+00   0.000E+00   0.000E+00   0.000E+00      2.842E+09   0.000E+00   0.000E+00   00000   9.603E-01   0.000E+00  1s0 1134.9  232.0   32.0
  120   1.207076E+04   1.783559E+00   1.132E+14   5.060E+32   6.702E-02      3.778E-01   0.000E+00   0.000E+00   1.168E+00   0.000E+00   0.000E+00   0.000E+00   0.000E+00      2.993E+09   0.000E+00   0.000E+00   00000   9.615E-01   0.000E+00  1s0 1178.0  232.0   32.0
  121   1.208107E+04   1.784726E+00   1.090E+14   4.685E+32   6.451E-02      3.687E-01   0.000E+00   0.000E+00   1.156E+00   0.000E+00   0.000E+00   0.000E+00   0.000E+00      3.139E+09   0.000E+00   0.000E+00   00000   9.628E-01   0.000E+00  1s0 1219.4  232.0   32.0
  122   1.209138E+04   1.785894E+00   1.049E+14   4.310E+32   6.209E-02      3.601E-01   0.000E+00   0.000E+00   1.145E+00   0.000E+00   0.000E+00   0.000E+00   0.000E+00      3.280E+09   0.000E+00   0.000E+00   00000   9.641E-01   0.000E+00  1s0 1259.3  232.0   32.0
  123   1.210002E+04   1.786711E+00   1.009E+14   4.051E+32   5.976E-02      3.520E-01   0.000E+00   0.000E+00   1.133E+00   0.000E+00   0.000E+00   0.000E+00   0.000E+00      3.416E+09   0.000E+00   0.000E+00   00000   9.654E-01   0.000E+00  1s0 1297.8  232.0   32.0
  124   1.210781E+04   1.787351E+00   9.711E+13   3.851E+32   5.752E-02      3.443E-01   0.000E+00   0.000E+00   1.121E+00   0.000E+00   0.000E+00   0.000E+00   0.000E+00      3.547E+09   0.000E+00   0.000E+00   00000   9.667E-01   0.000E+00  1s0 1334.7  232.0   32.0
  125   1.211560E+04   1.787991E+00   9.345E+13   3.650E+32   5.536E-02      3.370E-01   0.000E+00   0.000E+00   1.108E+00   0.000E+00   0.000E+00   0.000E+00   0.000E+00      3.674E+09   0.000E+00   0.000E+00   00000   9.681E-01   0.000E+00  1s0 1370.3  232.0   32.0
  126   1.212339E+04   1.788631E+00   8.993E+13   3.450E+32   5.329E-02      3.300E-01   0.000E+00   0.000E+00   1.096E+00   0.000E+00   0.000E+00   0.000E+00   0.000E+00      3.796E+09   0.000E+00   0.000E+00   00000   9.694E-01   0.000E+00  1s0 1404.5  232.0   32.0
  127   1.213118E+04   1.789272E+00   8.655E+13   3.250E+32   5.129E-02      3.234E-01   0.000E+00   0.000E+00   1.084E+00   0.000E+00   0.000E+00   0.000E+00   0.000E+00      3.915E+09   0.000E+00   0.000E+00   00000   9.708E-01   0.000E+00  1s0 1437.4  232.0   32.0
  128   1.213898E+04   1.789912E+00   8.328E+13   3.049E+32   4.937E-02      3.169E-01   0.000E+00   0.000E+00   1.072E+00   0.000E+00   0.000E+00   0.000E+00   0.000E+00      4.029E+09   0.000E+00   0.000E+00   00000   9.721E-01   0.000E+00  1s0 1469.1  232.0   32.0
  129   1.214677E+04   1.790552E+00   8.015E+13   2.849E+32   4.752E-02      3.108E-01   0.000E+00   0.000E+00   1.060E+00   0.000E+00   0.000E+00   0.000E+00   0.000E+00      4.139E+09   0.000E+00   0.000E+00   00000   9.735E-01   0.000E+00  1s0 1499.6  232.0   32.0
  130   1.215456E+04   1.791193E+00   7.713E+13   2.648E+32   4.573E-02      3.291E-01   0.000E+00   0.000E+00   1.060E+00   0.000E+00   0.000E+00   0.000E+00   0.000E+00      4.135E+09   0.000E+00   0.000E+00   00000   9.734E-01   0.000E+00  1s0 1519.5  183.0   40.0
  131   1.216235E+04   1.791833E+00   7.422E+13   2.448E+32   4.401E-02      3.236E-01   0.000E+00   0.000E+00   1.047E+00   0.000E+00   0.000E+00   0.000E+00   0.000E+00      4.247E+09   0.000E+00   0.000E+00   00000   9.748E-01   0.000E+00  1s0 1538.6  183.0   40.0
  132   1.216873E+04   1.792232E+00   7.142E+13   2.325E+32   4.236E-02      3.182E-01   0.000E+00   0.000E+00   1.034E+00   0.000E+00   0.000E+00   0.000E+00   0.000E+00      4.353E+09   0.000E+00   0.000E+00   00000   9.762E-01   0.000E+00  1s0 1556.9  183.0   40.0
  133   1.217488E+04   1.792593E+00   6.873E+13   2.214E+32   4.077E-02      3.130E-01   0.000E+00   0.000E+00   1.022E+00   0.000E+00   0.000E+00   0.000E+00   0.000E+00      4.453E+09   0.000E+00   0.000E+00   00000   9.776E-01   0.000E+00  1s0 1574.5  183.0   40.0
  134   1.218103E+04   1.792954E+00   6.614E+13   2.104E+32   3.923E-02      3.079E-01   0.000E+00   0.000E+00   1.009E+00   0.000E+00   0.000E+00   0.000E+00   0.000E+00      4.548E+09   0.000E+00   0.000E+00   00000   9.790E-01   0.000E+00  1s0 1591.5  183.0   40.0
  135   1.218718E+04   1.793315E+00   6.365E+13   1.993E+32   3.776E-02      3.030E-01   0.000E+00   0.000E+00   9.969E-01   0.000E+00   0.000E+00   0.000E+00   0.000E+00      4.637E+09   0.000E+00   0.000E+00   00000   9.803E-01   0.000E+00  1s0 1607.8  183.0   40.0
  136   1.219333E+04   1.793677E+00   6.125E+13   1.883E+32   3.634E-02      2.982E-01   0.000E+00   0.000E+00   9.847E-01   0.000E+00   0.000E+00   0.000E+00   0.000E+00      4.720E+09   0.000E+00   0.000E+00   00000   9.817E-01   0.000E+00  1s0 1623.5  183.0   40.0
  137   1.219948E+04   1.794038E+00   5.894E+13   1.772E+32   3.497E-02      2.935E-01   0.000E+00   0.000E+00   9.725E-01   0.000E+00   0.000E+00   0.000E+00   0.000E+00      4.798E+09   0.000E+00   0.000E+00   00000   9.830E-01   0.000E+00  1s0 1638.7  183.0   40.0
  138   1.220563E+04   1.794399E+00   5.672E+13   1.661E+32   3.366E-02      2.889E-01   0.000E+00   0.000E+00   9.606E-01   0.000E+00   0.000E+00   0.000E+00   0.000E+00      4.869E+09   0.000E+00   0.000E+00   00000   9.843E-01   0.000E+00  1s0 1653.2  183.0   40.0
  139   1.221178E+04   1.794760E+00   5.459E+13   1.551E+32   3.239E-02      2.844E-01   0.000E+00   0.000E+00   9.487E-01   0.000E+00   0.000E+00   0.000E+00   0.000E+00      4.934E+09   0.000E+00   0.000E+00   00000   9.856E-01   0.000E+00  1s0 1667.2  183.0   40.0
  140   1.221794E+04   1.795121E+00   5.253E+13   1.440E+32   3.118E-02      2.801E-01   0.000E+00   0.000E+00   9.370E-01   0.000E+00   0.000E+00   0.000E+00   0.000E+00      4.994E+09   0.000E+00   0.000E+00   00000   9.869E-01   0.000E+00  1s0 1680.7  183.0   40.0
  141   1.222339E+04   1.795381E+00   5.055E+13   1.361E+32   3.001E-02      2.758E-01   0.000E+00   0.000E+00   9.254E-01   0.000E+00   0.000E+00   0.000E+00   0.000E+00      5.047E+09   0.000E+00   0.000E+00   00000   9.882E-01   0.000E+00  1s0 1693.7  183.0   40.0
  142   1.222852E+04   1.795595E+00   4.865E+13   1.297E+32   2.888E-02      2.717E-01   0.000E+00   0.000E+00   9.139E-01   0.000E+00   0.000E+00   0.000E+00   0.000E+00      5.094E+09   0.000E+00   0.000E+00   00000   9.895E-01   0.000E+00  1s0 1706.1  183.0   40.0
  143   1.223366E+04   1.795808E+00   4.681E+13   1.233E+32   2.779E-02      2.676E-01   0.000E+00   0.000E+00   9.026E-01   0.000E+00   0.000E+00   0.000E+00   0.000E+00      5.134E+09   0.000E+00   0.000E+00   00000   9.907E-01   0.000E+00  1s0 1718.2  183.0   40.0
  144   1.223879E+04   1.796022E+00   4.505E+13   1.169E+32   2.675E-02      2.636E-01   0.000E+00   0.000E+00   8.914E-01   0.000E+00   0.000E+00   0.000E+00   0.000E+00      5.169E+09   0.000E+00   0.000E+00   00000   9.919E-01   0.000E+00  1s0 1729.7  183.0   40.0
  145   1.224392E+04   1.796235E+00   4.335E+13   1.105E+32   2.575E-02      2.597E-01   0.000E+00   0.000E+00   8.803E-01   0.000E+00   0.000E+00   0.000E+00   0.000E+00      5.197E+09   0.000E+00   0.000E+00   00000   9.932E-01   0.000E+00  1s0 1740.8  183.0   40.0
  146   1.224905E+04   1.796449E+00   4.172E+13   1.040E+32   2.478E-02      2.559E-01   0.000E+00   0.000E+00   8.693E-01   0.000E+00   0.000E+00   0.000E+00   0.000E+00      5.219E+09   0.000E+00   0.000E+00   00000   9.944E-01   0.000E+00  1s0 1751.5  183.0   40.0
  147   1.225418E+04   1.796662E+00   4.015E+13   9.763E+31   2.385E-02      2.521E-01   0.000E+00   0.000E+00   8.585E-01   0.000E+00   0.000E+00   0.000E+00   0.000E+00      5.235E+09   0.000E+00   0.000E+00   00000   9.956E-01   0.000E+00  1s0 1761.8  183.0   40.0
  148   1.225932E+04   1.796876E+00   3.863E+13   9.122E+31   2.295E-02      2.485E-01   0.000E+00   0.000E+00   8.478E-01   0.000E+00   0.000E+00   0.000E+00   0.000E+00      5.244E+09   0.000E+00   0.000E+00   00000   9.967E-01   0.000E+00  1s0 1771.7  183.0   40.0
  149   1.226445E+04   1.797089E+00   3.718E+13   8.480E+31   2.209E-02      2.449E-01   0.000E+00   0.000E+00   8.372E-01   0.000E+00   0.000E+00   0.000E+00   0.000E+00      5.248E+09   0.000E+00   0.000E+00   00000   9.979E-01   0.000E+00  1s0 1781.3  183.0   40.0
  150   1.226915E+04   1.797260E+00   3.578E+13   7.969E+31   2.126E-02      2.414E-01   0.000E+00   0.000E+00   8.268E-01   0.000E+00   0.000E+00   0.000E+00   0.000E+00      5.245E+09   0.000E+00   0.000E+00   00000   9.991E-01   0.000E+00  1s0 1790.5  183.0   40.0
  151   1.227339E+04   1.797384E+00   3.443E+13   7.601E+31   2.046E-02      2.379E-01   0.000E+00   0.000E+00   8.165E-01   0.000E+00   0.000E+00   0.000E+00   0.000E+00      5.236E+09   0.000E+00   0.000E+00   00000   1.000E+00   0.000E+00  1s0 1799.3  183.0   40.0
  152   1.227763E+04   1.797509E+00   3.313E+13   7.233E+31   1.969E-02      2.543E-01   0.000E+00   0.000E+00   8.040E-01   0.000E+00   0.000E+00   0.000E+00   0.000E+00      5.217E+09   0.000E+00   0.000E+00   00000   1.000E+00   0.000E+00  1s0 1772.4  193.0   50.0
  153   1.228187E+04   1.797633E+00   3.188E+13   6.865E+31   1.895E-02      2.525E-01   0.000E+00   0.000E+00   7.932E-01   0.000E+00   0.000E+00   0.000E+00   0.000E+00      5.193E+09   0.000E+00   0.000E+00   00000   1.000E+00   0.000E+00  1s0 1743.4  193.0   50.0
  154   1.228611E+04   1.797758E+00   3.068E+13   6.497E+31   1.824E-02      2.506E-01   0.000E+00   0.000E+00   7.826E-01   0.000E+00   0.000E+00   0.000E+00   0.000E+00      5.162E+09   0.000E+00   0.000E+00   00000   1.000E+00   0.000E+00  1s0 1715.4  193.0   50.0
  155   1.229034E+04   1.797882E+00   2.953E+13   6.129E+31   1.755E-02      2.487E-01   0.000E+00   0.000E+00   7.722E-01   0.000E+00   0.000E+00   0.000E+00   0.000E+00      5.126E+09   0.000E+00   0.000E+00   00000   1.000E+00   0.000E+00  1s0 1688.6  193.0   50.0
  156   1.229458E+04   1.798007E+00   2.841E+13   5.761E+31   1.689E-02      2.469E-01   0.000E+00   0.000E+00   7.618E-01   0.000E+00   0.000E+00   0.000E+00   0.000E+00      5.085E+09   0.000E+00   0.000E+00   00000   1.000E+00   0.000E+00  1s0 1662.7  193.0   50.0
  157   1.229882E+04   1.798131E+00   2.734E+13   5.392E+31   1.626E-02      2.449E-01   0.000E+00   0.000E+00   7.517E-01   0.000E+00   0.000E+00   0.000E+00   0.000E+00      5.039E+09   0.000E+00   0.000E+00   00000   1.000E+00   0.000E+00  1s0 1637.8  193.0   50.0
  158   1.230306E+04   1.798256E+00   2.631E+13   5.024E+31   1.565E-02      2.430E-01   0.000E+00   0.000E+00   7.416E-01   0.000E+00   0.000E+00   0.000E+00   0.000E+00      4.990E+09   0.000E+00   0.000E+00   00000   1.000E+00   0.000E+00  1s0 1613.9  193.0   50.0
  159   1.230717E+04   1.798371E+00   2.532E+13   4.684E+31   1.506E-02      2.411E-01   0.000E+00   0.000E+00   7.317E-01   0.000E+00   0.000E+00   0.000E+00   0.000E+00      4.938E+09   0.000E+00   0.000E+00   00000   1.000E+00   0.000E+00  1s0 1590.8  193.0   50.0
  160   1.231070E+04   1.798444E+00   2.437E+13   4.471E+31   1.449E-02      2.392E-01   0.000E+00   0.000E+00   7.220E-01   0.000E+00   0.000E+00   0.000E+00   0.000E+00      4.882E+09   0.000E+00   0.000E+00   00000   1.000E+00   0.000E+00  1s0 1568.7  193.0   50.0
  161   1.231424E+04   1.798517E+00   2.345E+13   4.258E+31   1.395E-02      2.372E-01   0.000E+00   0.000E+00   7.124E-01   0.000E+00   0.000E+00   0.000E+00   0.000E+00      4.825E+09   0.000E+00   0.000E+00   00000   1.000E+00   0.000E+00  1s0 1547.3  193.0   50.0
  162   1.231777E+04   1.798590E+00   2.257E+13   4.045E+31   1.342E-02      2.352E-01   0.000E+00   0.000E+00   7.029E-01   0.000E+00   0.000E+00   0.000E+00   0.000E+00      4.765E+09   0.000E+00   0.000E+00   00000   1.000E+00   0.000E+00  1s0 1526.8  193.0   50.0
  163   1.232131E+04   1.798663E+00   2.172E+13   3.832E+31   1.292E-02      2.333E-01   0.000E+00   0.000E+00   6.935E-01   0.000E+00   0.000E+00   0.000E+00   0.000E+00      4.705E+09   0.000E+00   0.000E+00   00000   1.000E+00   0.000E+00  1s0 1507.0  193.0   50.0
  164   1.232484E+04   1.798736E+00   2.090E+13   3.619E+31   1.243E-02      2.313E-01   0.000E+00   0.000E+00   6.843E-01   0.000E+00   0.000E+00   0.000E+00   0.000E+00      4.643E+09   0.000E+00   0.000E+00   00000   1.000E+00   0.000E+00  1s0 1488.0  193.0   50.0
  165   1.232837E+04   1.798809E+00   2.011E+13   3.406E+31   1.197E-02      2.293E-01   0.000E+00   0.000E+00   6.752E-01   0.000E+00   0.000E+00   0.000E+00   0.000E+00      4.580E+09   0.000E+00   0.000E+00   00000   1.000E+00   0.000E+00  1s0 1469.7  193.0   50.0
  166   1.233191E+04   1.798882E+00   1.935E+13   3.193E+31   1.152E-02      2.273E-01   0.000E+00   0.000E+00   6.662E-01   0.000E+00   0.000E+00   0.000E+00   0.000E+00      4.516E+09   0.000E+00   0.000E+00   00000   1.000E+00   0.000E+00  1s0 1452.1  193.0   50.0
  167   1.233544E+04   1.798955E+00   1.862E+13   2.980E+31   1.108E-02      2.253E-01   0.000E+00   0.000E+00   6.573E-01   0.000E+00   0.000E+00   0.000E+00   0.000E+00      4.453E+09   0.000E+00   0.000E+00   00000   1.000E+00   0.000E+00  1s0 1435.1  193.0   50.0
  168   1.233897E+04   1.799028E+00   1.792E+13   2.768E+31   1.067E-02      2.233E-01   0.000E+00   0.000E+00   6.486E-01   0.000E+00   0.000E+00   0.000E+00   0.000E+00      4.389E+09   0.000E+00   0.000E+00   00000   1.000E+00   0.000E+00  1s0 1418.8  193.0   50.0
  169   1.234197E+04   1.799075E+00   1.725E+13   2.633E+31   1.027E-02      2.213E-01   0.000E+00   0.000E+00   6.400E-01   0.000E+00   0.000E+00   0.000E+00   0.000E+00      4.325E+09   0.000E+00   0.000E+00   00000   1.000E+00   0.000E+00  1s0 1403.1  193.0   50.0
  170   1.234486E+04   1.799117E+00   1.660E+13   2.512E+31   9.881E-03      2.192E-01   0.000E+00   0.000E+00   6.315E-01   0.000E+00   0.000E+00   0.000E+00   0.000E+00      4.261E+09   0.000E+00   0.000E+00   00000   1.000E+00   0.000E+00  1s0 1388.0  193.0   50.0
  171   1.234776E+04   1.799159E+00   1.597E+13   2.391E+31   9.510E-03      2.172E-01   0.000E+00   0.000E+00   6.232E-01   0.000E+00   0.000E+00   0.000E+00   0.000E+00      4.198E+09   0.000E+00   0.000E+00   00000   1.000E+00   0.000E+00  1s0 1373.5  193.0   50.0
  172   1.235066E+04   1.799201E+00   1.537E+13   2.270E+31   9.153E-03      2.152E-01   0.000E+00   0.000E+00   6.149E-01   0.000E+00   0.000E+00   0.000E+00   0.000E+00      4.136E+09   0.000E+00   0.000E+00   00000   1.000E+00   0.000E+00  1s0 1359.5  193.0   50.0
  173   1.235355E+04   1.799243E+00   1.479E+13   2.149E+31   8.809E-03      2.134E-01   0.000E+00   0.000E+00   6.118E-01   0.000E+00   0.000E+00   0.000E+00   0.000E+00      4.111E+09   0.000E+00   0.000E+00   00000   1.000E+00   0.000E+00  1s0 1341.9  164.0   50.0
  174   1.235645E+04   1.799285E+00   1.423E+13   2.028E+31   8.477E-03      2.121E-01   0.000E+00   0.000E+00   6.034E-01   0.000E+00   0.000E+00   0.000E+00   0.000E+00      4.048E+09   0.000E+00   0.000E+00   00000   1.000E+00   0.000E+00  1s0 1315.5  164.0   50.0
  175   1.235935E+04   1.799327E+00   1.370E+13   1.907E+31   8.158E-03      2.108E-01   0.000E+00   0.000E+00   5.952E-01   0.000E+00   0.000E+00   0.000E+00   0.000E+00      3.985E+09   0.000E+00   0.000E+00   00000   1.000E+00   0.000E+00  1s0 1290.1  164.0   50.0
  176   1.236224E+04   1.799369E+00   1.318E+13   1.786E+31   7.851E-03      2.094E-01   0.000E+00   0.000E+00   5.871E-01   0.000E+00   0.000E+00   0.000E+00   0.000E+00      3.923E+09   0.000E+00   0.000E+00   00000   1.000E+00   0.000E+00  1s0 1265.7  164.0   50.0
  177   1.236514E+04   1.799411E+00   1.268E+13   1.664E+31   7.555E-03      2.080E-01   0.000E+00   0.000E+00   5.791E-01   0.000E+00   0.000E+00   0.000E+00   0.000E+00      3.862E+09   0.000E+00   0.000E+00   00000   1.000E+00   0.000E+00  1s0 1242.1  164.0   50.0
  178   1.236784E+04   1.799446E+00   1.221E+13   1.562E+31   7.271E-03      2.067E-01   0.000E+00   0.000E+00   5.712E-01   0.000E+00   0.000E+00   0.000E+00   0.000E+00      3.802E+09   0.000E+00   0.000E+00   00000   1.000E+00   0.000E+00  1s0 1219.5  164.0   50.0
  179   1.237016E+04   1.799470E+00   1.175E+13   1.496E+31   6.997E-03      2.053E-01   0.000E+00   0.000E+00   5.634E-01   0.000E+00   0.000E+00   0.000E+00   0.000E+00      3.742E+09   0.000E+00   0.000E+00   00000   1.000E+00   0.000E+00  1s0 1197.7  164.0   50.0
  180   1.237249E+04   1.799493E+00   1.130E+13   1.429E+31   6.733E-03      2.039E-01   0.000E+00   0.000E+00   5.557E-01   0.000E+00   0.000E+00   0.000E+00   0.000E+00      3.682E+09   0.000E+00   0.000E+00   00000   1.000E+00   0.000E+00  1s0 1176.7  164.0   50.0
  181   1.237482E+04   1.799516E+00   1.088E+13   1.362E+31   6.480E-03      2.024E-01   0.000E+00   0.000E+00   5.481E-01   0.000E+00   0.000E+00   0.000E+00   0.000E+00      3.623E+09   0.000E+00   0.000E+00   00000   1.000E+00   0.000E+00  1s0 1156.5  164.0   50.0
  182   1.237715E+04   1.799540E+00   1.047E+13   1.296E+31   6.236E-03      2.010E-01   0.000E+00   0.000E+00   5.406E-01   0.000E+00   0.000E+00   0.000E+00   0.000E+00      3.564E+09   0.000E+00   0.000E+00   00000   1.000E+00   0.000E+00  1s0 1137.1  164.0   50.0
  183   1.237947E+04   1.799563E+00   1.007E+13   1.229E+31   6.001E-03      1.995E-01   0.000E+00   0.000E+00   5.332E-01   0.000E+00   0.000E+00   0.000E+00   0.000E+00      3.505E+09   0.000E+00   0.000E+00   00000   1.000E+00   0.000E+00  1s0 1118.4  164.0   50.0
  184   1.238180E+04   1.799586E+00   9.694E+12   1.162E+31   5.775E-03      1.981E-01   0.000E+00   0.000E+00   5.260E-01   0.000E+00   0.000E+00   0.000E+00   0.000E+00      3.447E+09   0.000E+00   0.000E+00   00000   1.000E+00   0.000E+00  1s0 1100.4  164.0   50.0
  185   1.238413E+04   1.799610E+00   9.328E+12   1.095E+31   5.558E-03      1.965E-01   0.000E+00   0.000E+00   5.194E-01   0.000E+00   0.000E+00   0.000E+00   0.000E+00      3.393E+09   0.000E+00   0.000E+00   00000   1.000E+00   0.000E+00  1s0 1084.4  161.0   50.0
  186   1.238646E+04   1.799633E+00   8.977E+12   1.029E+31   5.349E-03      1.949E-01   0.000E+00   0.000E+00   5.124E-01   0.000E+00   0.000E+00   0.000E+00   0.000E+00      3.335E+09   0.000E+00   0.000E+00   00000   1.000E+00   0.000E+00  1s0 1069.0  161.0   50.0
  187   1.238878E+04   1.799656E+00   8.639E+12   9.620E+30   5.147E-03      1.934E-01   0.000E+00   0.000E+00   5.054E-01   0.000E+00   0.000E+00   0.000E+00   0.000E+00      3.277E+09   0.000E+00   0.000E+00   00000   1.000E+00   0.000E+00  1s0 1054.2  161.0   50.0
  188   1.239088E+04   1.799675E+00   8.313E+12   9.088E+30   4.954E-03      1.918E-01   0.000E+00   0.000E+00   4.986E-01   0.000E+00   0.000E+00   0.000E+00   0.000E+00      3.219E+09   0.000E+00   0.000E+00   00000   1.000E+00   0.000E+00  1s0 1040.0  161.0   50.0
  189   1.239265E+04   1.799687E+00   8.000E+12   8.750E+30   4.767E-03      1.902E-01   0.000E+00   0.000E+00   4.919E-01   0.000E+00   0.000E+00   0.000E+00   0.000E+00      3.161E+09   0.000E+00   0.000E+00   00000   1.000E+00   0.000E+00  1s0 1026.3  161.0   50.0
  190   1.239442E+04   1.799699E+00   7.699E+12   8.411E+30   4.588E-03      1.886E-01   0.000E+00   0.000E+00   4.852E-01   0.000E+00   0.000E+00   0.000E+00   0.000E+00      3.102E+09   0.000E+00   0.000E+00   00000   1.000E+00   0.000E+00  1s0 1013.1  161.0   50.0
  191   1.239619E+04   1.799711E+00   7.408E+12   8.073E+30   4.415E-03      1.870E-01   0.000E+00   0.000E+00   4.787E-01   0.000E+00   0.000E+00   0.000E+00   0.000E+00      3.044E+09   0.000E+00   0.000E+00   00000   1.000E+00   0.000E+00  1s0 1000.4  161.0   50.0
  192   1.239796E+04   1.799723E+00   7.129E+12   7.734E+30   4.249E-03      1.853E-01   0.000E+00   0.000E+00   4.722E-01   0.000E+00   0.000E+00   0.000E+00   0.000E+00      2.986E+09   0.000E+00   0.000E+00   00000   1.000E+00   0.000E+00  1s0  988.2  161.0   50.0
  193   1.239974E+04   1.799735E+00   6.861E+12   7.396E+30   4.089E-03      1.837E-01   0.000E+00   0.000E+00   4.659E-01   0.000E+00   0.000E+00   0.000E+00   0.000E+00      2.928E+09   0.000E+00   0.000E+00   00000   1.000E+00   0.000E+00  1s0  976.4  161.0   50.0
  194   1.240151E+04   1.799747E+00   6.602E+12   7.057E+30   3.935E-03      1.821E-01   0.000E+00   0.000E+00   4.596E-01   0.000E+00   0.000E+00   0.000E+00   0.000E+00      2.871E+09   0.000E+00   0.000E+00   00000   1.000E+00   0.000E+00  1s0  965.1  161.0   50.0
  195   1.240328E+04   1.799759E+00   6.353E+12   6.719E+30   3.787E-03      1.805E-01   0.000E+00   0.000E+00   4.534E-01   0.000E+00   0.000E+00   0.000E+00   0.000E+00      2.813E+09   0.000E+00   0.000E+00   00000   1.000E+00   0.000E+00  1s0  954.2  161.0   50.0
  196   1.240505E+04   1.799771E+00   6.114E+12   6.380E+30   3.645E-03      1.796E-01   0.000E+00   0.000E+00   4.473E-01   0.000E+00   0.000E+00   0.000E+00   0.000E+00      2.757E+09   0.000E+00   0.000E+00   00000   1.000E+00   0.000E+00  1s0  932.1  159.0   50.0
  197   1.240682E+04   1.799783E+00   5.884E+12   6.042E+30   3.508E-03      1.791E-01   0.000E+00   0.000E+00   4.407E-01   0.000E+00   0.000E+00   0.000E+00   0.000E+00      2.694E+09   0.000E+00   0.000E+00   00000   1.000E+00   0.000E+00  1s0  903.2  159.0   50.0
  198   1.240859E+04   1.799795E+00   5.662E+12   5.703E+30   3.376E-03      1.787E-01   0.000E+00   0.000E+00   4.341E-01   0.000E+00   0.000E+00   0.000E+00   0.000E+00      2.632E+09   0.000E+00   0.000E+00   00000   1.000E+00   0.000E+00  1s0  875.5  159.0   50.0
  199   1.241028E+04   1.799805E+00   5.449E+12   5.402E+30   3.248E-03      1.783E-01   0.000E+00   0.000E+00   4.276E-01   0.000E+00   0.000E+00   0.000E+00   0.000E+00      2.571E+09   0.000E+00   0.000E+00   00000   1.000E+00   0.000E+00  1s0  848.7  159.0   50.0
  200   1.241167E+04   1.799811E+00   5.243E+12   5.238E+30   3.126E-03      1.778E-01   0.000E+00   0.000E+00   4.211E-01   0.000E+00   0.000E+00   0.000E+00   0.000E+00      2.509E+09   0.000E+00   0.000E+00   00000   1.000E+00   0.000E+00  1s0  823.0  159.0   50.0
  201   1.241306E+04   1.799817E+00   5.046E+12   5.073E+30   3.008E-03      1.774E-01   0.000E+00   0.000E+00   4.147E-01   0.000E+00   0.000E+00   0.000E+00   0.000E+00      2.448E+09   0.000E+00   0.000E+00   00000   1.000E+00   0.000E+00  1s0  798.3  159.0   50.0
  202   1.241445E+04   1.799823E+00   4.856E+12   4.909E+30   2.895E-03      1.769E-01   0.000E+00   0.000E+00   4.084E-01   0.000E+00   0.000E+00   0.000E+00   0.000E+00      2.388E+09   0.000E+00   0.000E+00   00000   1.000E+00   0.000E+00  1s0  774.4  159.0   50.0
  203   1.241584E+04   1.799829E+00   4.673E+12   4.744E+30   2.786E-03      1.764E-01   0.000E+00   0.000E+00   4.022E-01   0.000E+00   0.000E+00   0.000E+00   0.000E+00      2.328E+09   0.000E+00   0.000E+00   00000   1.000E+00   0.000E+00  1s0  751.5  159.0   50.0
  204   1.241722E+04   1.799835E+00   4.497E+12   4.580E+30   2.681E-03      1.759E-01   0.000E+00   0.000E+00   3.960E-01   0.000E+00   0.000E+00   0.000E+00   0.000E+00      2.269E+09   0.000E+00   0.000E+00   00000   1.000E+00   0.000E+00  1s0  729.5  159.0   50.0
  205   1.241861E+04   1.799840E+00   4.327E+12   4.415E+30   2.580E-03      1.754E-01   0.000E+00   0.000E+00   3.898E-01   0.000E+00   0.000E+00   0.000E+00   0.000E+00      2.211E+09   0.000E+00   0.000E+00   00000   1.000E+00   0.000E+00  1s0  708.2  159.0   50.0
  206   1.242000E+04   1.799846E+00   4.164E+12   4.251E+30   2.483E-03      1.748E-01   0.000E+00   0.000E+00   3.838E-01   0.000E+00   0.000E+00   0.000E+00   0.000E+00      2.153E+09   0.000E+00   0.000E+00   00000   1.000E+00   0.000E+00  1s0  687.8  159.0   50.0
  207   1.242139E+04   1.799852E+00   4.007E+12   4.086E+30   2.390E-03      1.743E-01   0.000E+00   0.000E+00   3.778E-01   0.000E+00   0.000E+00   0.000E+00   0.000E+00      2.096E+09   0.000E+00   0.000E+00   00000   1.000E+00   0.000E+00  1s0  668.2  159.0   50.0
  208   1.242278E+04   1.799858E+00   3.856E+12   3.922E+30   2.300E-03      1.737E-01   0.000E+00   0.000E+00   3.719E-01   0.000E+00   0.000E+00   0.000E+00   0.000E+00      2.039E+09   0.000E+00   0.000E+00   00000   1.000E+00   0.000E+00  1s0  649.2  159.0   50.0
  209   1.242417E+04   1.799864E+00   3.711E+12   3.757E+30   2.213E-03      1.732E-01   0.000E+00   0.000E+00   3.660E-01   0.000E+00   0.000E+00   0.000E+00   0.000E+00      1.984E+09   0.000E+00   0.000E+00   00000   1.000E+00   0.000E+00  1s0  631.0  159.0   50.0
  210   1.242556E+04   1.799870E+00   3.571E+12   3.593E+30   2.130E-03      1.726E-01   0.000E+00   0.000E+00   3.602E-01   0.000E+00   0.000E+00   0.000E+00   0.000E+00      1.929E+09   0.000E+00   0.000E+00   00000   1.000E+00   0.000E+00  1s0  613.5  159.0   50.0
  211   1.242695E+04   1.799876E+00   3.437E+12   3.428E+30   2.050E-03      1.720E-01   0.000E+00   0.000E+00   3.544E-01   0.000E+00   0.000E+00   0.000E+00   0.000E+00      1.875E+09   0.000E+00   0.000E+00   00000   1.000E+00   0.000E+00  1s0  596.7  159.0   50.0
  212   1.242830E+04   1.799881E+00   3.307E+12   3.283E+30   1.973E-03      1.714E-01   0.000E+00   0.000E+00   3.487E-01   0.000E+00   0.000E+00   0.000E+00   0.000E+00      1.822E+09   0.000E+00   0.000E+00   00000   1.000E+00   0.000E+00  1s0  580.4  159.0   50.0
  213   1.242950E+04   1.799884E+00   3.183E+12   3.198E+30   1.898E-03      1.707E-01   0.000E+00   0.000E+00   3.431E-01   0.000E+00   0.000E+00   0.000E+00   0.000E+00      1.769E+09   0.000E+00   0.000E+00   00000   1.000E+00   0.000E+00  1s0  564.8  159.0   50.0
  214   1.243070E+04   1.799887E+00   3.063E+12   3.113E+30   1.827E-03      1.701E-01   0.000E+00   0.000E+00   3.375E-01   0.000E+00   0.000E+00   0.000E+00   0.000E+00      1.718E+09   0.000E+00   0.000E+00   00000   1.000E+00   0.000E+00  1s0  549.8  159.0   50.0
  215   1.243190E+04   1.799890E+00   2.947E+12   3.028E+30   1.758E-03      1.694E-01   0.000E+00   0.000E+00   3.320E-01   0.000E+00   0.000E+00   0.000E+00   0.000E+00      1.668E+09   0.000E+00   0.000E+00   00000   1.000E+00   0.000E+00  1s0  535.4  159.0   50.0
  216   1.243310E+04   1.799893E+00   2.836E+12   2.944E+30   1.692E-03      1.687E-01   0.000E+00   0.000E+00   3.266E-01   0.000E+00   0.000E+00   0.000E+00   0.000E+00      1.618E+09   0.000E+00   0.000E+00   00000   1.000E+00   0.000E+00  1s0  521.4  159.0   50.0
  217   1.243430E+04   1.799896E+00   2.729E+12   2.859E+30   1.628E-03      1.680E-01   0.000E+00   0.000E+00   3.212E-01   0.000E+00   0.000E+00   0.000E+00   0.000E+00      1.570E+09   0.000E+00   0.000E+00   00000   1.000E+00   0.000E+00  1s0  508.1  159.0   50.0
  218   1.243551E+04   1.799899E+00   2.626E+12   2.774E+30   1.567E-03      1.554E-01   0.000E+00   0.000E+00   3.284E-01   0.000E+00   0.000E+00   0.000E+00   0.000E+00      1.635E+09   0.000E+00   0.000E+00   00000   1.000E+00   0.000E+00  1s0  494.2  117.0   40.0
  219   1.243671E+04   1.799902E+00   2.528E+12   2.690E+30   1.508E-03      1.550E-01   0.000E+00   0.000E+00   3.232E-01   0.000E+00   0.000E+00   0.000E+00   0.000E+00      1.588E+09   0.000E+00   0.000E+00   00000   1.000E+00   0.000E+00  1s0  479.3  117.0   40.0
  220   1.243791E+04   1.799905E+00   2.432E+12   2.605E+30   1.451E-03      1.546E-01   0.000E+00   0.000E+00   3.180E-01   0.000E+00   0.000E+00   0.000E+00   0.000E+00      1.542E+09   0.000E+00   0.000E+00   00000   1.000E+00   0.000E+00  1s0  464.9  117.0   40.0
  221   1.243911E+04   1.799908E+00   2.341E+12   2.520E+30   1.397E-03      1.542E-01   0.000E+00   0.000E+00   3.129E-01   0.000E+00   0.000E+00   0.000E+00   0.000E+00      1.496E+09   0.000E+00   0.000E+00   00000   1.000E+00   0.000E+00  1s0  451.1  117.0   40.0
  222   1.244031E+04   1.799911E+00   2.252E+12   2.436E+30   1.344E-03      1.538E-01   0.000E+00   0.000E+00   3.078E-01   0.000E+00   0.000E+00   0.000E+00   0.000E+00      1.452E+09   0.000E+00   0.000E+00   00000   1.000E+00   0.000E+00  1s0  437.8  117.0   40.0
  223   1.244151E+04   1.799914E+00   2.168E+12   2.351E+30   1.294E-03      1.533E-01   0.000E+00   0.000E+00   3.028E-01   0.000E+00   0.000E+00   0.000E+00   0.000E+00      1.408E+09   0.000E+00   0.000E+00   00000   1.000E+00   0.000E+00  1s0  424.9  117.0   40.0
  224   1.244271E+04   1.799917E+00   2.086E+12   2.266E+30   1.245E-03      1.529E-01   0.000E+00   0.000E+00   2.978E-01   0.000E+00   0.000E+00   0.000E+00   0.000E+00      1.366E+09   0.000E+00   0.000E+00   00000   1.000E+00   0.000E+00  1s0  412.6  117.0   40.0
  225   1.244392E+04   1.799920E+00   2.007E+12   2.182E+30   1.198E-03      1.524E-01   0.000E+00   0.000E+00   2.929E-01   0.000E+00   0.000E+00   0.000E+00   0.000E+00      1.324E+09   0.000E+00   0.000E+00   00000   1.000E+00   0.000E+00  1s0  400.8  117.0   40.0
  226   1.244512E+04   1.799923E+00   1.932E+12   2.097E+30   1.153E-03      1.519E-01   0.000E+00   0.000E+00   2.880E-01   0.000E+00   0.000E+00   0.000E+00   0.000E+00      1.283E+09   0.000E+00   0.000E+00   00000   1.000E+00   0.000E+00  1s0  389.4  117.0   40.0
  227   1.244633E+04   1.799926E+00   1.859E+12   2.018E+30   1.110E-03      1.514E-01   0.000E+00   0.000E+00   2.831E-01   0.000E+00   0.000E+00   0.000E+00   0.000E+00      1.243E+09   0.000E+00   0.000E+00   00000   1.000E+00   0.000E+00  1s0  378.4  117.0   40.0
  228   1.244758E+04   1.799928E+00   1.789E+12   1.971E+30   1.068E-03      1.509E-01   0.000E+00   0.000E+00   2.783E-01   0.000E+00   0.000E+00   0.000E+00   0.000E+00      1.203E+09   0.000E+00   0.000E+00   00000   1.000E+00   0.000E+00  1s0  367.8  117.0   40.0
  229   1.244884E+04   1.799929E+00   1.721E+12   1.924E+30   1.028E-03      1.504E-01   0.000E+00   0.000E+00   2.736E-01   0.000E+00   0.000E+00   0.000E+00   0.000E+00      1.165E+09   0.000E+00   0.000E+00   00000   1.000E+00   0.000E+00  1s0  357.6  117.0   40.0
  230   1.245009E+04   1.799931E+00   1.657E+12   1.877E+30   9.890E-04      1.499E-01   0.000E+00   0.000E+00   2.689E-01   0.000E+00   0.000E+00   0.000E+00   0.000E+00      1.126E+09   0.000E+00   0.000E+00   00000   1.000E+00   0.000E+00  1s0  347.9  117.0   40.0
  231   1.245135E+04   1.799933E+00   1.594E+12   1.829E+30   9.518E-04      1.493E-01   0.000E+00   0.000E+00   2.642E-01   0.000E+00   0.000E+00   0.000E+00   0.000E+00      1.089E+09   0.000E+00   0.000E+00   00000   1.000E+00   0.000E+00  1s0  338.4  117.0   40.0
  232   1.245260E+04   1.799935E+00   1.534E+12   1.782E+30   9.160E-04      1.488E-01   0.000E+00   0.000E+00   2.596E-01   0.000E+00   0.000E+00   0.000E+00   0.000E+00      1.052E+09   0.000E+00   0.000E+00   00000   1.000E+00   0.000E+00  1s0  329.4  117.0   40.0
  233   1.245385E+04   1.799936E+00   1.476E+12   1.735E+30   8.816E-04      1.482E-01   0.000E+00   0.000E+00   2.550E-01   0.000E+00   0.000E+00   0.000E+00   0.000E+00      1.016E+09   0.000E+00   0.000E+00   00000   1.000E+00   0.000E+00  1s0  320.6  117.0   40.0
  234   1.245511E+04   1.799938E+00   1.421E+12   1.687E+30   8.484E-04      1.476E-01   0.000E+00   0.000E+00   2.509E-01   0.000E+00   0.000E+00   0.000E+00   0.000E+00      9.839E+08   0.000E+00   0.000E+00   00000   1.000E+00   0.000E+00  1s0  312.3  116.0   40.0
  235   1.245636E+04   1.799940E+00   1.367E+12   1.640E+30   8.165E-04      1.470E-01   0.000E+00   0.000E+00   2.464E-01   0.000E+00   0.000E+00   0.000E+00   0.000E+00      9.489E+08   0.000E+00   0.000E+00   00000   1.000E+00   0.000E+00  1s0  304.3  116.0   40.0
  236   1.245762E+04   1.799941E+00   1.316E+12   1.593E+30   7.858E-04      1.464E-01   0.000E+00   0.000E+00   2.420E-01   0.000E+00   0.000E+00   0.000E+00   0.000E+00      9.145E+08   0.000E+00   0.000E+00   00000   1.000E+00   0.000E+00  1s0  296.6  116.0   40.0
  237   1.245887E+04   1.799943E+00   1.266E+12   1.545E+30   7.562E-04      1.458E-01   0.000E+00   0.000E+00   2.376E-01   0.000E+00   0.000E+00   0.000E+00   0.000E+00      8.805E+08   0.000E+00   0.000E+00   00000   1.000E+00   0.000E+00  1s0  289.2  116.0   40.0
  238   1.246013E+04   1.799945E+00   1.218E+12   1.498E+30   7.278E-04      1.451E-01   0.000E+00   0.000E+00   2.332E-01   0.000E+00   0.000E+00   0.000E+00   0.000E+00      8.470E+08   0.000E+00   0.000E+00   00000   1.000E+00   0.000E+00  1s0  282.1  116.0   40.0
  239   1.246138E+04   1.799947E+00   1.172E+12   1.451E+30   7.004E-04      1.445E-01   0.000E+00   0.000E+00   2.289E-01   0.000E+00   0.000E+00   0.000E+00   0.000E+00      8.139E+08   0.000E+00   0.000E+00   00000   1.000E+00   0.000E+00  1s0  275.2  116.0   40.0
  240   1.246264E+04   1.799948E+00   1.128E+12   1.404E+30   6.741E-04      1.438E-01   0.000E+00   0.000E+00   2.247E-01   0.000E+00   0.000E+00   0.000E+00   0.000E+00      7.812E+08   0.000E+00   0.000E+00   00000   1.000E+00   0.000E+00  1s0  268.6  116.0   40.0
  241   1.246389E+04   1.799950E+00   1.086E+12   1.356E+30   6.487E-04      1.431E-01   0.000E+00   0.000E+00   2.204E-01   0.000E+00   0.000E+00   0.000E+00   0.000E+00      7.490E+08   0.000E+00   0.000E+00   00000   1.000E+00   0.000E+00  1s0  262.2  116.0   40.0
  242   1.246514E+04   1.799952E+00   1.045E+12   1.309E+30   6.244E-04      1.424E-01   0.000E+00   0.000E+00   2.163E-01   0.000E+00   0.000E+00   0.000E+00   0.000E+00      7.171E+08   0.000E+00   0.000E+00   00000   1.000E+00   0.000E+00  1s0  256.1  116.0   40.0
  243   1.246654E+04   1.799953E+00   1.005E+12   1.265E+30   6.009E-04      1.417E-01   0.000E+00   0.000E+00   2.121E-01   0.000E+00   0.000E+00   0.000E+00   0.000E+00      6.855E+08   0.000E+00   0.000E+00   00000   1.000E+00   0.000E+00  1s0  250.2  116.0   40.0
  244   1.246824E+04   1.799955E+00   9.676E+11   1.229E+30   5.783E-04      1.410E-01   0.000E+00   0.000E+00   2.080E-01   0.000E+00   0.000E+00   0.000E+00   0.000E+00      6.543E+08   0.000E+00   0.000E+00   00000   1.000E+00   0.000E+00  1s0  244.6  116.0   40.0
  245   1.246994E+04   1.799956E+00   9.311E+11   1.193E+30   5.565E-04      1.402E-01   0.000E+00   0.000E+00   2.040E-01   0.000E+00   0.000E+00   0.000E+00   0.000E+00      6.234E+08   0.000E+00   0.000E+00   00000   1.000E+00   0.000E+00  1s0  239.1  116.0   40.0
  246   1.247164E+04   1.799957E+00   8.961E+11   1.157E+30   5.355E-04      1.395E-01   0.000E+00   0.000E+00   1.999E-01   0.000E+00   0.000E+00   0.000E+00   0.000E+00      5.929E+08   0.000E+00   0.000E+00   00000   1.000E+00   0.000E+00  1s0  233.9  116.0   40.0
  247   1.247333E+04   1.799958E+00   8.623E+11   1.121E+30   5.154E-04      1.387E-01   0.000E+00   0.000E+00   1.960E-01   0.000E+00   0.000E+00   0.000E+00   0.000E+00      5.626E+08   0.000E+00   0.000E+00   00000   1.000E+00   0.000E+00  1s0  228.8  116.0   40.0
  248   1.247503E+04   1.799960E+00   8.298E+11   1.084E+30   4.959E-04      1.379E-01   0.000E+00   0.000E+00   1.920E-01   0.000E+00   0.000E+00   0.000E+00   0.000E+00      5.327E+08   0.000E+00   0.000E+00   00000   1.000E+00   0.000E+00  1s0  224.0  116.0   40.0
  249   1.247673E+04   1.799961E+00   7.985E+11   1.048E+30   4.773E-04      1.371E-01   0.000E+00   0.000E+00   1.881E-01   0.000E+00   0.000E+00   0.000E+00   0.000E+00      5.032E+08   0.000E+00   0.000E+00   00000   1.000E+00   0.000E+00  1s0  219.3  116.0   40.0
  250   1.247843E+04   1.799962E+00   7.685E+11   1.012E+30   4.593E-04      1.363E-01   0.000E+00   0.000E+00   1.843E-01   0.000E+00   0.000E+00   0.000E+00   0.000E+00      4.742E+08   0.000E+00   0.000E+00   00000   1.000E+00   0.000E+00  1s0  214.8  116.0   40.0
  251   1.248013E+04   1.799964E+00   7.395E+11   9.760E+29   4.420E-04      1.355E-01   0.000E+00   0.000E+00   1.804E-01   0.000E+00   0.000E+00   0.000E+00   0.000E+00      4.458E+08   0.000E+00   0.000E+00   00000   1.000E+00   0.000E+00  1s0  210.5  116.0   40.0
  252   1.248183E+04   1.799965E+00   7.116E+11   9.399E+29   4.254E-04      1.347E-01   0.000E+00   0.000E+00   1.767E-01   0.000E+00   0.000E+00   0.000E+00   0.000E+00      4.179E+08   0.000E+00   0.000E+00   00000   1.000E+00   0.000E+00  1s0  206.3  116.0   40.0
  253   1.248353E+04   1.799966E+00   6.848E+11   9.037E+29   4.093E-04      1.338E-01   0.000E+00   0.000E+00   1.729E-01   0.000E+00   0.000E+00   0.000E+00   0.000E+00      3.906E+08   0.000E+00   0.000E+00   00000   1.000E+00   0.000E+00  1s0  202.3  116.0   40.0
  254   1.248523E+04   1.799968E+00   6.590E+11   8.676E+29   3.939E-04      1.330E-01   0.000E+00   0.000E+00   1.692E-01   0.000E+00   0.000E+00   0.000E+00   0.000E+00      3.638E+08   0.000E+00   0.000E+00   00000   1.000E+00   0.000E+00  1s0  198.4  116.0   40.0
  255   1.248693E+04   1.799969E+00   6.342E+11   8.314E+29   3.791E-04      1.322E-01   0.000E+00   0.000E+00   1.655E-01   0.000E+00   0.000E+00   0.000E+00   0.000E+00      3.374E+08   0.000E+00   0.000E+00   00000   1.000E+00   0.000E+00  1s0  194.5  116.0   40.0
  256   1.248863E+04   1.799970E+00   6.103E+11   7.953E+29   3.648E-04      1.313E-01   0.000E+00   0.000E+00   1.618E-01   0.000E+00   0.000E+00   0.000E+00   0.000E+00      3.118E+08   0.000E+00   0.000E+00   00000   1.000E+00   0.000E+00  1s0  190.8  116.0   40.0
  257   1.249009E+04   1.799971E+00   5.873E+11   7.744E+29   3.511E-04      1.305E-01   0.000E+00   0.000E+00   1.581E-01   0.000E+00   0.000E+00   0.000E+00   0.000E+00      2.869E+08   0.000E+00   0.000E+00   00000   1.000E+00   0.000E+00  1s0  187.2  116.0   40.0
  258   1.249144E+04   1.799972E+00   5.652E+11   7.602E+29   3.379E-04      1.296E-01   0.000E+00   0.000E+00   1.545E-01   0.000E+00   0.000E+00   0.000E+00   0.000E+00      2.628E+08   0.000E+00   0.000E+00   00000   1.000E+00   0.000E+00  1s0  183.8  116.0   40.0
  259   1.249280E+04   1.799972E+00   5.439E+11   7.460E+29   3.252E-04      1.287E-01   0.000E+00   0.000E+00   1.509E-01   0.000E+00   0.000E+00   0.000E+00   0.000E+00      2.395E+08   0.000E+00   0.000E+00   00000   1.000E+00   0.000E+00  1s0  180.5  116.0   40.0
  260   1.249415E+04   1.799973E+00   5.234E+11   7.318E+29   3.130E-04      1.287E-01   0.000E+00   0.000E+00   1.457E-01   0.000E+00   0.000E+00   0.000E+00   0.000E+00      2.064E+08   0.000E+00   0.000E+00   00000   1.000E+00   0.000E+00  1s0  174.1  116.0   40.0
  261   1.249551E+04   1.799973E+00   5.037E+11   7.176E+29   3.012E-04      1.287E-01   0.000E+00   0.000E+00   1.399E-01   0.000E+00   0.000E+00   0.000E+00   0.000E+00      1.719E+08   0.000E+00   0.000E+00   00000   1.000E+00   0.000E+00  1s0  167.4  116.0   40.0
  262   1.249686E+04   1.799974E+00   4.847E+11   7.034E+29   2.899E-04      1.287E-01   0.000E+00   0.000E+00   1.338E-01   0.000E+00   0.000E+00   0.000E+00   0.000E+00      1.379E+08   0.000E+00   0.000E+00   00000   1.000E+00   0.000E+00  1s0  160.9  116.0   40.0
  263   1.249822E+04   1.799974E+00   4.664E+11   6.892E+29   2.790E-04      1.288E-01   0.000E+00   0.000E+00   1.274E-01   0.000E+00   0.000E+00   0.000E+00   0.000E+00      1.046E+08   0.000E+00   0.000E+00   00000   1.000E+00   0.000E+00  1s0  154.7  116.0   40.0
  264   1.249957E+04   1.799975E+00   4.488E+11   6.750E+29   2.685E-04      1.288E-01   0.000E+00   0.000E+00   1.205E-01   0.000E+00   0.000E+00   0.000E+00   0.000E+00      7.237E+07   0.000E+00   0.000E+00   00000   1.000E+00   0.000E+00  1s0  148.8  116.0   40.0
  265   1.250093E+04   1.799975E+00   4.319E+11   6.608E+29   2.584E-04      1.289E-01   0.000E+00   0.000E+00   1.131E-01   0.000E+00   0.000E+00   0.000E+00   0.000E+00      4.172E+07   0.000E+00   0.000E+00   00000   1.000E+00   0.000E+00  1s0  143.0  116.0   40.0
  266   1.250228E+04   1.799976E+00   4.157E+11   6.466E+29   2.487E-04      1.289E-01   0.000E+00   0.000E+00   1.048E-01   0.000E+00   0.000E+00   0.000E+00   0.000E+00      1.351E+07   0.000E+00   0.000E+00   00000   1.000E+00   0.000E+00  1s0  137.5  116.0   40.0
  267   1.250364E+04   1.799976E+00   4.000E+11   6.324E+29   2.394E-04      1.290E-01   0.000E+00   0.000E+00   9.542E-02   0.000E+00   0.000E+00   0.000E+00   0.000E+00      8.963E+03   0.000E+00   0.000E+00   00000   1.000E+00   0.000E+00  1s0  132.2  116.0   40.0
  268   1.250499E+04   1.799977E+00   3.849E+11   6.182E+29   2.304E-04      1.280E-01   0.000E+00   0.000E+00   0.000E+00   0.000E+00   0.000E+00   0.000E+00   0.000E+00      0.000E+00   0.000E+00   0.000E+00   00000   0.000E+00   0.000E+00       130.0  130.0   40.0
  269   1.250635E+04   1.799977E+00   3.704E+11   6.040E+29   2.217E-04      1.264E-01   0.000E+00   0.000E+00   0.000E+00   0.000E+00   0.000E+00   0.000E+00   0.000E+00      0.000E+00   0.000E+00   0.000E+00   00000   0.000E+00   0.000E+00       130.0  130.0   40.0
  270   1.250770E+04   1.799978E+00   3.564E+11   5.897E+29   2.133E-04      1.248E-01   0.000E+00   0.000E+00   0.000E+00   0.000E+00   0.000E+00   0.000E+00   0.000E+00      0.000E+00   0.000E+00   0.000E+00   00000   0.000E+00   0.000E+00       130.0  130.0   40.0
  271   1.250906E+04   1.799978E+00   3.430E+11   5.755E+29   2.053E-04      1.232E-01   0.000E+00   0.000E+00   0.000E+00   0.000E+00   0.000E+00   0.000E+00   0.000E+00      0.000E+00   0.000E+00   0.000E+00   00000   0.000E+00   0.000E+00       130.0  130.0   40.0
  272   1.251042E+04   1.799979E+00   3.301E+11   5.613E+29   1.975E-04      1.216E-01   0.000E+00   0.000E+00   0.000E+00   0.000E+00   0.000E+00   0.000E+00   0.000E+00      0.000E+00   0.000E+00   0.000E+00   00000   0.000E+00   0.000E+00       130.0  130.0   40.0
  273   1.251177E+04   1.799979E+00   3.176E+11   5.471E+29   1.901E-04      1.214E-01   0.000E+00   0.000E+00   0.000E+00   0.000E+00   0.000E+00   0.000E+00   0.000E+00      0.000E+00   0.000E+00   0.000E+00   00000   0.000E+00   0.000E+00        88.0   88.0   28.0
  274   1.251313E+04   1.799980E+00   3.057E+11   5.329E+29   1.830E-04      1.199E-01   0.000E+00   0.000E+00   0.000E+00   0.000E+00   0.000E+00   0.000E+00   0.000E+00      0.000E+00   0.000E+00   0.000E+00   00000   0.000E+00   0.000E+00        88.0   88.0   28.0
  275   1.251590E+04   1.799981E+00   2.941E+11   5.140E+29   1.761E-04      1.184E-01   0.000E+00   0.000E+00   0.000E+00   0.000E+00   0.000E+00   0.000E+00   0.000E+00      0.000E+00   0.000E+00   0.000E+00   00000   0.000E+00   0.000E+00        88.0   88.0   28.0
  276   1.251881E+04   1.799981E+00   2.831E+11   4.947E+29   1.695E-04      1.169E-01   0.000E+00   0.000E+00   0.000E+00   0.000E+00   0.000E+00   0.000E+00   0.000E+00      0.000E+00   0.000E+00   0.000E+00   00000   0.000E+00   0.000E+00        88.0   88.0   28.0
  277   1.252172E+04   1.799982E+00   2.724E+11   4.754E+29   1.631E-04      1.154E-01   0.000E+00   0.000E+00   0.000E+00   0.000E+00   0.000E+00   0.000E+00   0.000E+00      0.000E+00   0.000E+00   0.000E+00   00000   0.000E+00   0.000E+00        88.0   88.0   28.0
  278   1.252463E+04   1.799983E+00   2.621E+11   4.561E+29   1.570E-04      1.148E-01   0.000E+00   0.000E+00   0.000E+00   0.000E+00   0.000E+00   0.000E+00   0.000E+00      0.000E+00   0.000E+00   0.000E+00   00000   0.000E+00   0.000E+00        86.0   86.0   28.0
  279   1.252754E+04   1.799983E+00   2.522E+11   4.368E+29   1.511E-04      1.133E-01   0.000E+00   0.000E+00   0.000E+00   0.000E+00   0.000E+00   0.000E+00   0.000E+00      0.000E+00   0.000E+00   0.000E+00   00000   0.000E+00   0.000E+00        86.0   86.0   28.0
  280   1.253045E+04   1.799984E+00   2.427E+11   4.175E+29   1.454E-04      1.119E-01   0.000E+00   0.000E+00   0.000E+00   0.000E+00   0.000E+00   0.000E+00   0.000E+00      0.000E+00   0.000E+00   0.000E+00   00000   0.000E+00   0.000E+00        86.0   86.0   28.0
  281   1.253336E+04   1.799985E+00   2.336E+11   3.982E+29   1.399E-04      1.105E-01   0.000E+00   0.000E+00   0.000E+00   0.000E+00   0.000E+00   0.000E+00   0.000E+00      0.000E+00   0.000E+00   0.000E+00   00000   0.000E+00   0.000E+00        86.0   86.0   28.0
  282   1.253627E+04   1.799986E+00   2.248E+11   3.789E+29   1.346E-04      1.091E-01   0.000E+00   0.000E+00   0.000E+00   0.000E+00   0.000E+00   0.000E+00   0.000E+00      0.000E+00   0.000E+00   0.000E+00   00000   0.000E+00   0.000E+00        86.0   86.0   28.0
  283   1.253918E+04   1.799986E+00   2.163E+11   3.596E+29   1.295E-04      1.077E-01   0.000E+00   0.000E+00   0.000E+00   0.000E+00   0.000E+00   0.000E+00   0.000E+00      0.000E+00   0.000E+00   0.000E+00   00000   0.000E+00   0.000E+00        86.0   86.0   28.0
  284   1.254209E+04   1.799987E+00   2.081E+11   3.403E+29   1.246E-04      1.063E-01   0.000E+00   0.000E+00   0.000E+00   0.000E+00   0.000E+00   0.000E+00   0.000E+00      0.000E+00   0.000E+00   0.000E+00   00000   0.000E+00   0.000E+00        86.0   86.0   28.0
  285   1.254500E+04   1.799988E+00   2.003E+11   3.210E+29   1.200E-04      1.058E-01   0.000E+00   0.000E+00   0.000E+00   0.000E+00   0.000E+00   0.000E+00   0.000E+00      0.000E+00   0.000E+00   0.000E+00   00000   0.000E+00   0.000E+00        84.0   84.0   28.0
  286   1.254775E+04   1.799988E+00   1.927E+11   3.074E+29   1.155E-04      1.045E-01   0.000E+00   0.000E+00   0.000E+00   0.000E+00   0.000E+00   0.000E+00   0.000E+00      0.000E+00   0.000E+00   0.000E+00   00000   0.000E+00   0.000E+00        84.0   84.0   28.0
  287   1.255045E+04   1.799989E+00   1.855E+11   2.958E+29   1.111E-04      1.031E-01   0.000E+00   0.000E+00   0.000E+00   0.000E+00   0.000E+00   0.000E+00   0.000E+00      0.000E+00   0.000E+00   0.000E+00   00000   0.000E+00   0.000E+00        84.0   84.0   28.0
  288   1.255314E+04   1.799989E+00   1.785E+11   2.841E+29   1.069E-04      1.018E-01   0.000E+00   0.000E+00   0.000E+00   0.000E+00   0.000E+00   0.000E+00   0.000E+00      0.000E+00   0.000E+00   0.000E+00   00000   0.000E+00   0.000E+00        84.0   84.0   28.0
  289   1.255583E+04   1.799990E+00   1.718E+11   2.724E+29   1.029E-04      1.005E-01   0.000E+00   0.000E+00   0.000E+00   0.000E+00   0.000E+00   0.000E+00   0.000E+00      0.000E+00   0.000E+00   0.000E+00   00000   0.000E+00   0.000E+00        84.0   84.0   28.0
  290   1.255853E+04   1.799990E+00   1.653E+11   2.608E+29   9.902E-05      9.924E-02   0.000E+00   0.000E+00   0.000E+00   0.000E+00   0.000E+00   0.000E+00   0.000E+00      0.000E+00   0.000E+00   0.000E+00   00000   0.000E+00   0.000E+00        84.0   84.0   28.0
  291   1.256122E+04   1.799990E+00   1.591E+11   2.491E+29   9.530E-05      9.798E-02   0.000E+00   0.000E+00   0.000E+00   0.000E+00   0.000E+00   0.000E+00   0.000E+00      0.000E+00   0.000E+00   0.000E+00   00000   0.000E+00   0.000E+00        84.0   84.0   28.0
  292   1.256392E+04   1.799991E+00   1.531E+11   2.375E+29   9.171E-05      9.673E-02   0.000E+00   0.000E+00   0.000E+00   0.000E+00   0.000E+00   0.000E+00   0.000E+00      0.000E+00   0.000E+00   0.000E+00   00000   0.000E+00   0.000E+00        84.0   84.0   28.0
  293   1.256661E+04   1.799991E+00   1.473E+11   2.258E+29   8.827E-05      9.551E-02   0.000E+00   0.000E+00   0.000E+00   0.000E+00   0.000E+00   0.000E+00   0.000E+00      0.000E+00   0.000E+00   0.000E+00   00000   0.000E+00   0.000E+00        84.0   84.0   28.0
  294   1.256930E+04   1.799992E+00   1.417E+11   2.141E+29   8.495E-05      9.429E-02   0.000E+00   0.000E+00   0.000E+00   0.000E+00   0.000E+00   0.000E+00   0.000E+00      0.000E+00   0.000E+00   0.000E+00   00000   0.000E+00   0.000E+00        84.0   84.0   28.0
  295   1.257200E+04   1.799992E+00   1.364E+11   2.025E+29   8.175E-05      9.385E-02   0.000E+00   0.000E+00   0.000E+00   0.000E+00   0.000E+00   0.000E+00   0.000E+00      0.000E+00   0.000E+00   0.000E+00   00000   0.000E+00   0.000E+00        82.0   82.0   28.0
  296   1.257469E+04   1.799993E+00   1.313E+11   1.908E+29   7.868E-05      9.266E-02   0.000E+00   0.000E+00   0.000E+00   0.000E+00   0.000E+00   0.000E+00   0.000E+00      0.000E+00   0.000E+00   0.000E+00   00000   0.000E+00   0.000E+00        82.0   82.0   28.0
  297   1.257720E+04   1.799993E+00   1.263E+11   1.824E+29   7.572E-05      9.148E-02   0.000E+00   0.000E+00   0.000E+00   0.000E+00   0.000E+00   0.000E+00   0.000E+00      0.000E+00   0.000E+00   0.000E+00   00000   0.000E+00   0.000E+00        82.0   82.0   28.0
  298   1.257962E+04   1.799993E+00   1.215E+11   1.757E+29   7.288E-05      9.032E-02   0.000E+00   0.000E+00   0.000E+00   0.000E+00   0.000E+00   0.000E+00   0.000E+00      0.000E+00   0.000E+00   0.000E+00   00000   0.000E+00   0.000E+00        82.0   82.0   28.0
  299   1.258203E+04   1.799993E+00   1.170E+11   1.689E+29   7.014E-05      8.918E-02   0.000E+00   0.000E+00   0.000E+00   0.000E+00   0.000E+00   0.000E+00   0.000E+00      0.000E+00   0.000E+00   0.000E+00   00000   0.000E+00   0.000E+00        82.0   82.0   28.0
  300   1.258444E+04   1.799994E+00   1.126E+11   1.622E+29   6.751E-05      8.805E-02   0.000E+00   0.000E+00   0.000E+00   0.000E+00   0.000E+00   0.000E+00   0.000E+00      0.000E+00   0.000E+00   0.000E+00   00000   0.000E+00   0.000E+00        82.0   82.0   28.0
  301   1.258685E+04   1.799994E+00   1.083E+11   1.555E+29   6.497E-05      8.693E-02   0.000E+00   0.000E+00   0.000E+00   0.000E+00   0.000E+00   0.000E+00   0.000E+00      0.000E+00   0.000E+00   0.000E+00   00000   0.000E+00   0.000E+00        82.0   82.0   28.0
  302   1.258927E+04   1.799994E+00   1.042E+11   1.488E+29   6.253E-05      8.653E-02   0.000E+00   0.000E+00   0.000E+00   0.000E+00   0.000E+00   0.000E+00   0.000E+00      0.000E+00   0.000E+00   0.000E+00   00000   0.000E+00   0.000E+00        80.0   80.0   28.0
  303   1.259168E+04   1.799994E+00   1.003E+11   1.421E+29   6.017E-05      8.543E-02   0.000E+00   0.000E+00   0.000E+00   0.000E+00   0.000E+00   0.000E+00   0.000E+00      0.000E+00   0.000E+00   0.000E+00   00000   0.000E+00   0.000E+00        80.0   80.0   28.0
  304   1.259409E+04   1.799995E+00   9.652E+10   1.354E+29   5.791E-05      8.435E-02   0.000E+00   0.000E+00   0.000E+00   0.000E+00   0.000E+00   0.000E+00   0.000E+00      0.000E+00   0.000E+00   0.000E+00   00000   0.000E+00   0.000E+00        80.0   80.0   28.0
  305   1.259650E+04   1.799995E+00   9.288E+10   1.287E+29   5.573E-05      8.327E-02   0.000E+00   0.000E+00   0.000E+00   0.000E+00   0.000E+00   0.000E+00   0.000E+00      0.000E+00   0.000E+00   0.000E+00   00000   0.000E+00   0.000E+00        80.0   80.0   28.0
  306   1.259891E+04   1.799995E+00   8.938E+10   1.220E+29   5.363E-05      8.222E-02   0.000E+00   0.000E+00   0.000E+00   0.000E+00   0.000E+00   0.000E+00   0.000E+00      0.000E+00   0.000E+00   0.000E+00   00000   0.000E+00   0.000E+00        80.0   80.0   28.0
  307   1.260133E+04   1.799996E+00   8.601E+10   1.153E+29   5.161E-05      8.117E-02   0.000E+00   0.000E+00   0.000E+00   0.000E+00   0.000E+00   0.000E+00   0.000E+00      0.000E+00   0.000E+00   0.000E+00   00000   0.000E+00   0.000E+00        80.0   80.0   28.0
  308   1.260374E+04   1.799996E+00   8.277E+10   1.094E+29   4.966E-05      8.082E-02   0.000E+00   0.000E+00   0.000E+00   0.000E+00   0.000E+00   0.000E+00   0.000E+00      0.000E+00   0.000E+00   0.000E+00   00000   0.000E+00   0.000E+00        78.0   78.0   28.0
  309   1.260616E+04   1.799996E+00   7.965E+10   1.050E+29   4.779E-05      7.979E-02   0.000E+00   0.000E+00   0.000E+00   0.000E+00   0.000E+00   0.000E+00   0.000E+00      0.000E+00   0.000E+00   0.000E+00   00000   0.000E+00   0.000E+00        78.0   78.0   28.0
  310   1.260858E+04   1.799996E+00   7.664E+10   1.006E+29   4.599E-05      7.877E-02   0.000E+00   0.000E+00   0.000E+00   0.000E+00   0.000E+00   0.000E+00   0.000E+00      0.000E+00   0.000E+00   0.000E+00   00000   0.000E+00   0.000E+00        78.0   78.0   28.0
  311   1.261099E+04   1.799996E+00   7.375E+10   9.619E+28   4.426E-05      7.777E-02   0.000E+00   0.000E+00   0.000E+00   0.000E+00   0.000E+00   0.000E+00   0.000E+00      0.000E+00   0.000E+00   0.000E+00   00000   0.000E+00   0.000E+00        78.0   78.0   28.0
  312   1.261341E+04   1.799996E+00   7.097E+10   9.178E+28   4.259E-05      7.678E-02   0.000E+00   0.000E+00   0.000E+00   0.000E+00   0.000E+00   0.000E+00   0.000E+00      0.000E+00   0.000E+00   0.000E+00   00000   0.000E+00   0.000E+00        78.0   78.0   28.0
  313   1.261583E+04   1.799997E+00   6.830E+10   8.738E+28   4.099E-05      7.581E-02   0.000E+00   0.000E+00   0.000E+00   0.000E+00   0.000E+00   0.000E+00   0.000E+00      0.000E+00   0.000E+00   0.000E+00   00000   0.000E+00   0.000E+00        78.0   78.0   28.0
  314   1.261825E+04   1.799997E+00   6.572E+10   8.297E+28   3.944E-05      7.484E-02   0.000E+00   0.000E+00   0.000E+00   0.000E+00   0.000E+00   0.000E+00   0.000E+00      0.000E+00   0.000E+00   0.000E+00   00000   0.000E+00   0.000E+00        78.0   78.0   28.0
  315   1.262067E+04   1.799997E+00   6.325E+10   7.857E+28   3.796E-05      7.389E-02   0.000E+00   0.000E+00   0.000E+00   0.000E+00   0.000E+00   0.000E+00   0.000E+00      0.000E+00   0.000E+00   0.000E+00   00000   0.000E+00   0.000E+00        78.0   78.0   28.0
  316   1.262308E+04   1.799997E+00   6.086E+10   7.416E+28   3.653E-05      7.295E-02   0.000E+00   0.000E+00   0.000E+00   0.000E+00   0.000E+00   0.000E+00   0.000E+00      0.000E+00   0.000E+00   0.000E+00   00000   0.000E+00   0.000E+00        78.0   78.0   28.0
  317   1.262550E+04   1.799997E+00   5.857E+10   6.976E+28   3.515E-05      7.202E-02   0.000E+00   0.000E+00   0.000E+00   0.000E+00   0.000E+00   0.000E+00   0.000E+00      0.000E+00   0.000E+00   0.000E+00   00000   0.000E+00   0.000E+00        78.0   78.0   28.0
  318   1.262792E+04   1.799997E+00   5.636E+10   6.535E+28   3.383E-05      7.111E-02   0.000E+00   0.000E+00   0.000E+00   0.000E+00   0.000E+00   0.000E+00   0.000E+00      0.000E+00   0.000E+00   0.000E+00   00000   0.000E+00   0.000E+00        78.0   78.0   28.0
  319   1.262991E+04   1.799998E+00   5.423E+10   6.292E+28   3.255E-05      7.020E-02   0.000E+00   0.000E+00   0.000E+00   0.000E+00   0.000E+00   0.000E+00   0.000E+00      0.000E+00   0.000E+00   0.000E+00   00000   0.000E+00   0.000E+00        78.0   78.0   28.0
  320   1.263188E+04   1.799998E+00   5.219E+10   6.057E+28   3.133E-05      6.931E-02   0.000E+00   0.000E+00   0.000E+00   0.000E+00   0.000E+00   0.000E+00   0.000E+00      0.000E+00   0.000E+00   0.000E+00   00000   0.000E+00   0.000E+00        78.0   78.0   28.0
  321   1.263386E+04   1.799998E+00   5.022E+10   5.822E+28   3.015E-05      6.843E-02   0.000E+00   0.000E+00   0.000E+00   0.000E+00   0.000E+00   0.000E+00   0.000E+00      0.000E+00   0.000E+00   0.000E+00   00000   0.000E+00   0.000E+00        78.0   78.0   28.0
  322   1.263583E+04   1.799998E+00   4.833E+10   5.587E+28   2.902E-05      6.756E-02   0.000E+00   0.000E+00   0.000E+00   0.000E+00   0.000E+00   0.000E+00   0.000E+00      0.000E+00   0.000E+00   0.000E+00   00000   0.000E+00   0.000E+00        78.0   78.0   28.0
  323   1.263780E+04   1.799998E+00   4.651E+10   5.352E+28   2.793E-05      6.671E-02   0.000E+00   0.000E+00   0.000E+00   0.000E+00   0.000E+00   0.000E+00   0.000E+00      0.000E+00   0.000E+00   0.000E+00   00000   0.000E+00   0.000E+00        78.0   78.0   28.0
  324   1.263977E+04   1.799998E+00   4.475E+10   5.117E+28   2.688E-05      6.586E-02   0.000E+00   0.000E+00   0.000E+00   0.000E+00   0.000E+00   0.000E+00   0.000E+00      0.000E+00   0.000E+00   0.000E+00   00000   0.000E+00   0.000E+00        78.0   78.0   28.0
  325   1.264175E+04   1.799998E+00   4.307E+10   4.882E+28   2.587E-05      6.502E-02   0.000E+00   0.000E+00   0.000E+00   0.000E+00   0.000E+00   0.000E+00   0.000E+00      0.000E+00   0.000E+00   0.000E+00   00000   0.000E+00   0.000E+00        78.0   78.0   28.0
  326   1.264372E+04   1.799998E+00   4.144E+10   4.647E+28   2.489E-05      6.514E-02   0.000E+00   0.000E+00   0.000E+00   0.000E+00   0.000E+00   0.000E+00   0.000E+00      0.000E+00   0.000E+00   0.000E+00   00000   0.000E+00   0.000E+00        80.0   80.0   30.0
  327   1.264569E+04   1.799998E+00   3.988E+10   4.412E+28   2.395E-05      6.431E-02   0.000E+00   0.000E+00   0.000E+00   0.000E+00   0.000E+00   0.000E+00   0.000E+00      0.000E+00   0.000E+00   0.000E+00   00000   0.000E+00   0.000E+00        80.0   80.0   30.0
  328   1.264766E+04   1.799998E+00   3.838E+10   4.177E+28   2.305E-05      6.349E-02   0.000E+00   0.000E+00   0.000E+00   0.000E+00   0.000E+00   0.000E+00   0.000E+00      0.000E+00   0.000E+00   0.000E+00   00000   0.000E+00   0.000E+00        80.0   80.0   30.0
  329   1.264964E+04   1.799998E+00   3.693E+10   3.942E+28   2.218E-05      6.268E-02   0.000E+00   0.000E+00   0.000E+00   0.000E+00   0.000E+00   0.000E+00   0.000E+00      0.000E+00   0.000E+00   0.000E+00   00000   0.000E+00   0.000E+00        80.0   80.0   30.0
  330   1.265157E+04   1.799998E+00   3.554E+10   3.770E+28   2.134E-05      6.188E-02   0.000E+00   0.000E+00   0.000E+00   0.000E+00   0.000E+00   0.000E+00   0.000E+00      0.000E+00   0.000E+00   0.000E+00   00000   0.000E+00   0.000E+00        80.0   80.0   30.0
  331   1.265349E+04   1.799999E+00   3.420E+10   3.619E+28   2.054E-05      6.109E-02   0.000E+00   0.000E+00   0.000E+00   0.000E+00   0.000E+00   0.000E+00   0.000E+00      0.000E+00   0.000E+00   0.000E+00   00000   0.000E+00   0.000E+00        80.0   80.0   30.0
  332   1.265541E+04   1.799999E+00   3.291E+10   3.468E+28   1.976E-05      6.032E-02   0.000E+00   0.000E+00   0.000E+00   0.000E+00   0.000E+00   0.000E+00   0.000E+00      0.000E+00   0.000E+00   0.000E+00   00000   0.000E+00   0.000E+00        80.0   80.0   30.0
  333   1.265733E+04   1.799999E+00   3.167E+10   3.317E+28   1.902E-05      5.955E-02   0.000E+00   0.000E+00   0.000E+00   0.000E+00   0.000E+00   0.000E+00   0.000E+00      0.000E+00   0.000E+00   0.000E+00   00000   0.000E+00   0.000E+00        80.0   80.0   30.0
  334   1.265925E+04   1.799999E+00   3.048E+10   3.167E+28   1.830E-05      5.879E-02   0.000E+00   0.000E+00   0.000E+00   0.000E+00   0.000E+00   0.000E+00   0.000E+00      0.000E+00   0.000E+00   0.000E+00   00000   0.000E+00   0.000E+00        80.0   80.0   30.0
  335   1.266117E+04   1.799999E+00   2.933E+10   3.016E+28   1.762E-05      5.805E-02   0.000E+00   0.000E+00   0.000E+00   0.000E+00   0.000E+00   0.000E+00   0.000E+00      0.000E+00   0.000E+00   0.000E+00   00000   0.000E+00   0.000E+00        80.0   80.0   30.0
  336   1.266309E+04   1.799999E+00   2.822E+10   2.865E+28   1.695E-05      5.731E-02   0.000E+00   0.000E+00   0.000E+00   0.000E+00   0.000E+00   0.000E+00   0.000E+00      0.000E+00   0.000E+00   0.000E+00   00000   0.000E+00   0.000E+00        80.0   80.0   30.0
  337   1.266501E+04   1.799999E+00   2.716E+10   2.715E+28   1.632E-05      5.659E-02   0.000E+00   0.000E+00   0.000E+00   0.000E+00   0.000E+00   0.000E+00   0.000E+00      0.000E+00   0.000E+00   0.000E+00   00000   0.000E+00   0.000E+00        80.0   80.0   30.0
  338   1.266693E+04   1.799999E+00   2.613E+10   2.564E+28   1.570E-05      5.587E-02   0.000E+00   0.000E+00   0.000E+00   0.000E+00   0.000E+00   0.000E+00   0.000E+00      0.000E+00   0.000E+00   0.000E+00   00000   0.000E+00   0.000E+00        80.0   80.0   30.0
  339   1.266885E+04   1.799999E+00   2.515E+10   2.413E+28   1.511E-05      5.516E-02   0.000E+00   0.000E+00   0.000E+00   0.000E+00   0.000E+00   0.000E+00   0.000E+00      0.000E+00   0.000E+00   0.000E+00   00000   0.000E+00   0.000E+00        80.0   80.0   30.0
  340   1.267073E+04   1.799999E+00   2.420E+10   2.271E+28   1.454E-05      5.445E-02   0.000E+00   0.000E+00   0.000E+00   0.000E+00   0.000E+00   0.000E+00   0.000E+00      0.000E+00   0.000E+00   0.000E+00   00000   0.000E+00   0.000E+00        80.0   80.0   30.0
  341   1.267237E+04   1.799999E+00   2.329E+10   2.187E+28   1.399E-05      5.376E-02   0.000E+00   0.000E+00   0.000E+00   0.000E+00   0.000E+00   0.000E+00   0.000E+00      0.000E+00   0.000E+00   0.000E+00   00000   0.000E+00   0.000E+00        80.0   80.0   30.0
  342   1.267400E+04   1.799999E+00   2.241E+10   2.103E+28   1.347E-05      5.308E-02   0.000E+00   0.000E+00   0.000E+00   0.000E+00   0.000E+00   0.000E+00   0.000E+00      0.000E+00   0.000E+00   0.000E+00   00000   0.000E+00   0.000E+00        80.0   80.0   30.0
  343   1.267563E+04   1.799999E+00   2.157E+10   2.020E+28   1.296E-05      5.240E-02   0.000E+00   0.000E+00   0.000E+00   0.000E+00   0.000E+00   0.000E+00   0.000E+00      0.000E+00   0.000E+00   0.000E+00   00000   0.000E+00   0.000E+00        80.0   80.0   30.0
  344   1.267726E+04   1.799999E+00   2.075E+10   1.936E+28   1.247E-05      5.217E-02   0.000E+00   0.000E+00   0.000E+00   0.000E+00   0.000E+00   0.000E+00   0.000E+00      0.000E+00   0.000E+00   0.000E+00   00000   0.000E+00   0.000E+00        78.0   78.0   30.0
  345   1.267889E+04   1.799999E+00   1.997E+10   1.853E+28   1.200E-05      5.151E-02   0.000E+00   0.000E+00   0.000E+00   0.000E+00   0.000E+00   0.000E+00   0.000E+00      0.000E+00   0.000E+00   0.000E+00   00000   0.000E+00   0.000E+00        78.0   78.0   30.0
  346   1.268053E+04   1.799999E+00   1.922E+10   1.769E+28   1.155E-05      5.086E-02   0.000E+00   0.000E+00   0.000E+00   0.000E+00   0.000E+00   0.000E+00   0.000E+00      0.000E+00   0.000E+00   0.000E+00   00000   0.000E+00   0.000E+00        78.0   78.0   30.0
  347   1.268216E+04   1.799999E+00   1.849E+10   1.685E+28   1.112E-05      5.021E-02   0.000E+00   0.000E+00   0.000E+00   0.000E+00   0.000E+00   0.000E+00   0.000E+00      0.000E+00   0.000E+00   0.000E+00   00000   0.000E+00   0.000E+00        78.0   78.0   30.0
  348   1.268379E+04   1.799999E+00   1.780E+10   1.602E+28   1.070E-05      4.957E-02   0.000E+00   0.000E+00   0.000E+00   0.000E+00   0.000E+00   0.000E+00   0.000E+00      0.000E+00   0.000E+00   0.000E+00   00000   0.000E+00   0.000E+00        78.0   78.0   30.0
  349   1.268542E+04   1.799999E+00   1.713E+10   1.518E+28   1.030E-05      4.894E-02   0.000E+00   0.000E+00   0.000E+00   0.000E+00   0.000E+00   0.000E+00   0.000E+00      0.000E+00   0.000E+00   0.000E+00   00000   0.000E+00   0.000E+00        78.0   78.0   30.0
  350   1.268705E+04   1.799999E+00   1.648E+10   1.434E+28   9.909E-06      4.850E-02   0.000E+00   0.000E+00   0.000E+00   0.000E+00   0.000E+00   0.000E+00   0.000E+00      0.000E+00   0.000E+00   0.000E+00   00000   0.000E+00   0.000E+00        72.0   72.0   28.0
  351   1.268868E+04   1.799999E+00   1.586E+10   1.352E+28   9.535E-06      4.788E-02   0.000E+00   0.000E+00   0.000E+00   0.000E+00   0.000E+00   0.000E+00   0.000E+00      0.000E+00   0.000E+00   0.000E+00   00000   0.000E+00   0.000E+00        72.0   72.0   28.0
  352   1.269020E+04   1.799999E+00   1.526E+10   1.301E+28   9.175E-06      4.727E-02   0.000E+00   0.000E+00   0.000E+00   0.000E+00   0.000E+00   0.000E+00   0.000E+00      0.000E+00   0.000E+00   0.000E+00   00000   0.000E+00   0.000E+00        72.0   72.0   28.0
  353   1.269172E+04   1.799999E+00   1.469E+10   1.251E+28   8.829E-06      4.667E-02   0.000E+00   0.000E+00   0.000E+00   0.000E+00   0.000E+00   0.000E+00   0.000E+00      0.000E+00   0.000E+00   0.000E+00   00000   0.000E+00   0.000E+00        72.0   72.0   28.0
  354   1.269323E+04   1.799999E+00   1.413E+10   1.201E+28   8.496E-06      4.608E-02   0.000E+00   0.000E+00   0.000E+00   0.000E+00   0.000E+00   0.000E+00   0.000E+00      0.000E+00   0.000E+00   0.000E+00   00000   0.000E+00   0.000E+00        72.0   72.0   28.0
  355   1.269475E+04   1.800000E+00   1.360E+10   1.150E+28   8.176E-06      4.549E-02   0.000E+00   0.000E+00   0.000E+00   0.000E+00   0.000E+00   0.000E+00   0.000E+00      0.000E+00   0.000E+00   0.000E+00   00000   0.000E+00   0.000E+00        72.0   72.0   28.0
  356   1.269627E+04   1.800000E+00   1.309E+10   1.100E+28   7.867E-06      4.491E-02   0.000E+00   0.000E+00   0.000E+00   0.000E+00   0.000E+00   0.000E+00   0.000E+00      0.000E+00   0.000E+00   0.000E+00   00000   0.000E+00   0.000E+00        72.0   72.0   28.0
  357   1.269778E+04   1.800000E+00   1.259E+10   1.050E+28   7.571E-06      4.493E-02   0.000E+00   0.000E+00   0.000E+00   0.000E+00   0.000E+00   0.000E+00   0.000E+00      0.000E+00   0.000E+00   0.000E+00   00000   0.000E+00   0.000E+00        84.0   84.0   34.0
  358   1.269930E+04   1.800000E+00   1.212E+10   9.992E+27   7.285E-06      4.436E-02   0.000E+00   0.000E+00   0.000E+00   0.000E+00   0.000E+00   0.000E+00   0.000E+00      0.000E+00   0.000E+00   0.000E+00   00000   0.000E+00   0.000E+00        84.0   84.0   34.0
  359   1.270082E+04   1.800000E+00   1.166E+10   9.488E+27   7.010E-06      4.380E-02   0.000E+00   0.000E+00   0.000E+00   0.000E+00   0.000E+00   0.000E+00   0.000E+00      0.000E+00   0.000E+00   0.000E+00   00000   0.000E+00   0.000E+00        84.0   84.0   34.0
  360   1.270234E+04   1.800000E+00   1.122E+10   8.984E+27   6.746E-06      4.324E-02   0.000E+00   0.000E+00   0.000E+00   0.000E+00   0.000E+00   0.000E+00   0.000E+00      0.000E+00   0.000E+00   0.000E+00   00000   0.000E+00   0.000E+00        84.0   84.0   34.0
  361   1.270385E+04   1.800000E+00   1.080E+10   8.480E+27   6.491E-06      4.269E-02   0.000E+00   0.000E+00   0.000E+00   0.000E+00   0.000E+00   0.000E+00   0.000E+00      0.000E+00   0.000E+00   0.000E+00   00000   0.000E+00   0.000E+00        84.0   84.0   34.0
  362   1.270536E+04   1.800000E+00   1.039E+10   8.004E+27   6.246E-06      4.215E-02   0.000E+00   0.000E+00   0.000E+00   0.000E+00   0.000E+00   0.000E+00   0.000E+00      0.000E+00   0.000E+00   0.000E+00   00000   0.000E+00   0.000E+00        84.0   84.0   34.0
  363   1.270680E+04   1.800000E+00   1.000E+10   7.684E+27   6.011E-06      4.161E-02   0.000E+00   0.000E+00   0.000E+00   0.000E+00   0.000E+00   0.000E+00   0.000E+00      0.000E+00   0.000E+00   0.000E+00   00000   0.000E+00   0.000E+00        84.0   84.0   34.0
