         5       363       111       267

EOS                                                                            

  i            rad           emas         rho         pres          nb           kf(e)      kf(mu)       kf(p)       kf(n)      kf(la)      kf(S-)      kf(S0)      kf(S+)         Tc(n)       Tc(p)      Tc(la)    Durca        mstn        mstp  nSF   Acel   Aion   Zion

    0   0.000000E+00   0.000000E+00   3.147E+15   1.903E+36   1.057E+00      1.364E+00   1.255E+00   1.653E+00   2.992E+00   0.000E+00   0.000E+00   0.000E+00   0.000E+00      3.404E+06   1.000E+00   1.000E+00   10000   5.386E-01   5.386E-01  3p2   N/A    N/A    N/A 
    1   2.387908E+03   8.264745E-02   2.680E+15   1.546E+36   9.592E-01      1.323E+00   1.210E+00   1.599E+00   2.897E+00   0.000E+00   0.000E+00   0.000E+00   0.000E+00      8.115E+06   1.000E+00   1.000E+00   10000   5.690E-01   5.690E-01  3p2   N/A    N/A    N/A 
    2   3.008575E+03   1.568675E-01   2.451E+15   1.374E+36   9.081E-01      1.300E+00   1.185E+00   1.569E+00   2.845E+00   0.000E+00   0.000E+00   0.000E+00   0.000E+00      1.269E+07   1.000E+00   1.000E+00   10000   5.859E-01   5.859E-01  3p2   N/A    N/A    N/A 
    3   3.443959E+03   2.248759E-01   2.280E+15   1.246E+36   8.686E-01      1.282E+00   1.165E+00   1.545E+00   2.803E+00   0.000E+00   0.000E+00   0.000E+00   0.000E+00      1.785E+07   1.000E+00   1.000E+00   10000   5.995E-01   5.995E-01  3p2   N/A    N/A    N/A 
    4   3.790568E+03   2.869414E-01   2.143E+15   1.143E+36   8.355E-01      1.267E+00   1.148E+00   1.525E+00   2.767E+00   0.000E+00   0.000E+00   0.000E+00   0.000E+00      2.369E+07   1.000E+00   1.000E+00   10000   6.112E-01   6.112E-01  3p2   N/A    N/A    N/A 
    5   4.083265E+03   3.482811E-01   2.027E+15   1.058E+36   8.067E-01      1.253E+00   1.132E+00   1.506E+00   2.735E+00   0.000E+00   0.000E+00   0.000E+00   0.000E+00      3.019E+07   1.000E+00   1.000E+00   10000   6.216E-01   6.216E-01  3p2   N/A    N/A    N/A 
    6   4.339117E+03   4.035486E-01   1.927E+15   9.837E+35   7.811E-01      1.240E+00   1.118E+00   1.490E+00   2.706E+00   0.000E+00   0.000E+00   0.000E+00   0.000E+00      3.740E+07   1.000E+00   1.000E+00   10000   6.311E-01   6.311E-01  3p2   N/A    N/A    N/A 
    7   4.567904E+03   4.590653E-01   1.840E+15   9.201E+35   7.584E-01      1.228E+00   1.105E+00   1.474E+00   2.680E+00   0.000E+00   0.000E+00   0.000E+00   0.000E+00      4.513E+07   1.000E+00   1.000E+00   10000   6.396E-01   6.396E-01  3p2   N/A    N/A    N/A 
    8   4.775816E+03   5.095166E-01   1.761E+15   8.623E+35   7.373E-01      1.217E+00   1.093E+00   1.460E+00   2.655E+00   0.000E+00   0.000E+00   0.000E+00   0.000E+00      5.364E+07   1.000E+00   1.000E+00   10000   6.477E-01   6.477E-01  3p2   N/A    N/A    N/A 
    9   4.967049E+03   5.589582E-01   1.691E+15   8.114E+35   7.180E-01      1.207E+00   1.082E+00   1.446E+00   2.632E+00   0.000E+00   0.000E+00   0.000E+00   0.000E+00      6.268E+07   1.000E+00   1.000E+00   10000   6.552E-01   6.552E-01  3p2   N/A    N/A    N/A 
   10   5.144591E+03   6.074298E-01   1.628E+15   7.662E+35   7.005E-01      1.197E+00   1.071E+00   1.434E+00   2.611E+00   0.000E+00   0.000E+00   0.000E+00   0.000E+00      7.214E+07   1.000E+00   1.000E+00   10000   6.621E-01   6.621E-01  3p2   N/A    N/A    N/A 
   11   5.310660E+03   6.527687E-01   1.569E+15   7.240E+35   6.838E-01      1.188E+00   1.061E+00   1.421E+00   2.590E+00   0.000E+00   0.000E+00   0.000E+00   0.000E+00      8.233E+07   1.000E+00   1.000E+00   10000   6.688E-01   6.688E-01  3p2   N/A    N/A    N/A 
   12   5.466944E+03   6.954366E-01   1.514E+15   6.842E+35   6.677E-01      1.179E+00   1.051E+00   1.409E+00   2.570E+00   0.000E+00   0.000E+00   0.000E+00   0.000E+00      9.342E+07   1.000E+00   1.000E+00   10000   6.753E-01   6.753E-01  3p2   N/A    N/A    N/A 
   13   5.614771E+03   7.390683E-01   1.466E+15   6.504E+35   6.536E-01      1.171E+00   1.041E+00   1.399E+00   2.552E+00   0.000E+00   0.000E+00   0.000E+00   0.000E+00      1.042E+08   1.000E+00   1.000E+00   10000   6.810E-01   6.810E-01  3p2   N/A    N/A    N/A 
   14   5.755198E+03   7.810146E-01   1.422E+15   6.189E+35   6.402E-01      1.163E+00   1.033E+00   1.388E+00   2.535E+00   0.000E+00   0.000E+00   0.000E+00   0.000E+00      1.156E+08   1.000E+00   1.000E+00   10000   6.866E-01   6.866E-01  3p2   N/A    N/A    N/A 
   15   5.889087E+03   8.210079E-01   1.379E+15   5.888E+35   6.272E-01      1.155E+00   1.024E+00   1.378E+00   2.517E+00   0.000E+00   0.000E+00   0.000E+00   0.000E+00      1.276E+08   1.000E+00   1.000E+00   10000   6.920E-01   6.920E-01  3p2   N/A    N/A    N/A 
   16   6.017151E+03   8.592613E-01   1.339E+15   5.601E+35   6.146E-01      1.148E+00   1.015E+00   1.368E+00   2.501E+00   0.000E+00   0.000E+00   0.000E+00   0.000E+00      1.403E+08   1.000E+00   1.000E+00   10000   6.973E-01   6.973E-01  3p2   N/A    N/A    N/A 
   17   6.139983E+03   8.959519E-01   1.300E+15   5.325E+35   6.022E-01      1.140E+00   1.006E+00   1.357E+00   2.484E+00   0.000E+00   0.000E+00   0.000E+00   0.000E+00      1.538E+08   1.000E+00   1.000E+00   10000   7.025E-01   7.025E-01  3p2   N/A    N/A    N/A 
   18   6.258089E+03   9.335206E-01   1.267E+15   5.099E+35   5.917E-01      1.133E+00   9.990E-01   1.349E+00   2.470E+00   0.000E+00   0.000E+00   0.000E+00   0.000E+00      1.661E+08   1.000E+00   1.000E+00   10000   7.070E-01   7.070E-01  3p2   N/A    N/A    N/A 
   19   6.371897E+03   9.697718E-01   1.235E+15   4.881E+35   5.814E-01      1.127E+00   9.915E-01   1.340E+00   2.456E+00   0.000E+00   0.000E+00   0.000E+00   0.000E+00      1.790E+08   1.000E+00   1.000E+00   10000   7.114E-01   7.114E-01  3p2   N/A    N/A    N/A 
   20   6.481779E+03   1.004772E+00   1.205E+15   4.672E+35   5.714E-01      1.120E+00   9.840E-01   1.331E+00   2.442E+00   0.000E+00   0.000E+00   0.000E+00   0.000E+00      1.925E+08   1.000E+00   1.000E+00   10000   7.157E-01   7.157E-01  3p2   N/A    N/A    N/A 
   21   6.588057E+03   1.038625E+00   1.175E+15   4.469E+35   5.616E-01      1.114E+00   9.766E-01   1.323E+00   2.428E+00   0.000E+00   0.000E+00   0.000E+00   0.000E+00      2.065E+08   1.000E+00   1.000E+00   10000   7.200E-01   7.200E-01  3p2   N/A    N/A    N/A 
   22   6.691012E+03   1.071419E+00   1.146E+15   4.272E+35   5.519E-01      1.107E+00   9.692E-01   1.314E+00   2.414E+00   0.000E+00   0.000E+00   0.000E+00   0.000E+00      2.211E+08   1.000E+00   1.000E+00   10000   7.243E-01   7.243E-01  3p2   N/A    N/A    N/A 
   23   6.790893E+03   1.103234E+00   1.119E+15   4.081E+35   5.424E-01      1.101E+00   9.618E-01   1.305E+00   2.401E+00   0.000E+00   0.000E+00   0.000E+00   0.000E+00      2.361E+08   1.000E+00   1.000E+00   10000   7.284E-01   7.284E-01  3p2   N/A    N/A    N/A 
   24   6.887918E+03   1.135046E+00   1.094E+15   3.918E+35   5.339E-01      1.095E+00   9.550E-01   1.297E+00   2.388E+00   0.000E+00   0.000E+00   0.000E+00   0.000E+00      2.503E+08   1.000E+00   1.000E+00   10000   7.322E-01   7.322E-01  3p2   N/A    N/A    N/A 
   25   6.982285E+03   1.166396E+00   1.072E+15   3.769E+35   5.261E-01      1.089E+00   9.487E-01   1.290E+00   2.377E+00   0.000E+00   0.000E+00   0.000E+00   0.000E+00      2.641E+08   1.000E+00   1.000E+00   10000   7.357E-01   7.357E-01  3p2   N/A    N/A    N/A 
   26   7.074168E+03   1.196921E+00   1.050E+15   3.624E+35   5.183E-01      1.084E+00   9.422E-01   1.283E+00   2.365E+00   0.000E+00   0.000E+00   0.000E+00   0.000E+00      2.783E+08   1.000E+00   1.000E+00   10000   7.392E-01   7.392E-01  3p2   N/A    N/A    N/A 
   27   7.163724E+03   1.226673E+00   1.029E+15   3.483E+35   5.106E-01      1.078E+00   9.358E-01   1.275E+00   2.354E+00   0.000E+00   0.000E+00   0.000E+00   0.000E+00      2.929E+08   1.000E+00   1.000E+00   00000   7.426E-01   7.426E-01  3p2   N/A    N/A    N/A 
   28   7.251094E+03   1.255698E+00   1.008E+15   3.345E+35   5.031E-01      1.073E+00   9.295E-01   1.268E+00   2.343E+00   0.000E+00   0.000E+00   0.000E+00   0.000E+00      3.077E+08   1.000E+00   1.000E+00   00000   7.460E-01   7.460E-01  3p2   N/A    N/A    N/A 
   29   7.336409E+03   1.284041E+00   9.874E+14   3.210E+35   4.956E-01      1.067E+00   9.229E-01   1.260E+00   2.331E+00   0.000E+00   0.000E+00   0.000E+00   0.000E+00      3.231E+08   1.000E+00   1.000E+00   00000   7.494E-01   7.494E-01  3p2   N/A    N/A    N/A 
   30   7.419785E+03   1.311739E+00   9.676E+14   3.079E+35   4.883E-01      1.061E+00   9.164E-01   1.253E+00   2.320E+00   0.000E+00   0.000E+00   0.000E+00   0.000E+00      3.387E+08   1.000E+00   1.000E+00   00000   7.528E-01   7.528E-01  3p2   N/A    N/A    N/A 
   31   7.501328E+03   1.338829E+00   9.481E+14   2.950E+35   4.810E-01      1.056E+00   9.099E-01   1.245E+00   2.309E+00   0.000E+00   0.000E+00   0.000E+00   0.000E+00      3.547E+08   1.000E+00   1.000E+00   00000   7.561E-01   7.561E-01  3p2   N/A    N/A    N/A 
   32   7.581135E+03   1.365900E+00   9.316E+14   2.845E+35   4.747E-01      1.051E+00   9.041E-01   1.238E+00   2.299E+00   0.000E+00   0.000E+00   0.000E+00   0.000E+00      3.690E+08   1.000E+00   1.000E+00   00000   7.590E-01   7.590E-01  3p2   N/A    N/A    N/A 
   33   7.659297E+03   1.392482E+00   9.156E+14   2.746E+35   4.686E-01      1.046E+00   8.985E-01   1.232E+00   2.290E+00   0.000E+00   0.000E+00   0.000E+00   0.000E+00      3.830E+08   1.000E+00   1.000E+00   00000   7.618E-01   7.618E-01  3p2   N/A    N/A    N/A 
   34   7.735894E+03   1.418532E+00   9.000E+14   2.648E+35   4.626E-01      1.041E+00   8.928E-01   1.225E+00   2.280E+00   0.000E+00   0.000E+00   0.000E+00   0.000E+00      3.974E+08   1.000E+00   1.000E+00   00000   7.646E-01   7.646E-01  3p2   N/A    N/A    N/A 
   35   7.811005E+03   1.444077E+00   8.848E+14   2.552E+35   4.566E-01      1.036E+00   8.870E-01   1.219E+00   2.271E+00   0.000E+00   0.000E+00   0.000E+00   0.000E+00      4.120E+08   1.000E+00   1.000E+00   00000   7.674E-01   7.674E-01  3p2   N/A    N/A    N/A 
   36   7.884698E+03   1.469139E+00   8.698E+14   2.458E+35   4.508E-01      1.031E+00   8.813E-01   1.212E+00   2.261E+00   0.000E+00   0.000E+00   0.000E+00   0.000E+00      4.266E+08   1.000E+00   1.000E+00   00000   7.701E-01   7.701E-01  3p2   N/A    N/A    N/A 
   37   7.957039E+03   1.493741E+00   8.550E+14   2.366E+35   4.449E-01      1.026E+00   8.755E-01   1.205E+00   2.252E+00   0.000E+00   0.000E+00   0.000E+00   0.000E+00      4.416E+08   1.000E+00   1.000E+00   00000   7.728E-01   7.728E-01  3p2   N/A    N/A    N/A 
   38   8.028087E+03   1.517904E+00   8.406E+14   2.275E+35   4.391E-01      1.021E+00   8.696E-01   1.199E+00   2.243E+00   0.000E+00   0.000E+00   0.000E+00   0.000E+00      4.567E+08   1.000E+00   1.000E+00   00000   7.755E-01   7.755E-01  3p2   N/A    N/A    N/A 
   39   8.097900E+03   1.541647E+00   8.263E+14   2.186E+35   4.334E-01      1.016E+00   8.638E-01   1.192E+00   2.233E+00   0.000E+00   0.000E+00   0.000E+00   0.000E+00      4.718E+08   1.000E+00   1.000E+00   00000   7.782E-01   7.782E-01  3p2   N/A    N/A    N/A 
   40   8.166530E+03   1.564987E+00   8.124E+14   2.098E+35   4.277E-01      1.011E+00   8.577E-01   1.185E+00   2.224E+00   0.000E+00   0.000E+00   0.000E+00   0.000E+00      4.873E+08   1.000E+00   1.000E+00   00000   7.809E-01   7.809E-01  3p2   N/A    N/A    N/A 
   41   8.234025E+03   1.588054E+00   7.998E+14   2.023E+35   4.226E-01      1.006E+00   8.522E-01   1.179E+00   2.215E+00   0.000E+00   0.000E+00   0.000E+00   0.000E+00      5.015E+08   1.000E+00   1.000E+00   00000   7.834E-01   7.834E-01  3p2   N/A    N/A    N/A 
   42   8.300431E+03   1.610809E+00   7.881E+14   1.956E+35   4.178E-01      1.002E+00   8.470E-01   1.173E+00   2.207E+00   0.000E+00   0.000E+00   0.000E+00   0.000E+00      5.149E+08   1.000E+00   1.000E+00   00000   7.856E-01   7.856E-01  3p2   N/A    N/A    N/A 
   43   8.365792E+03   1.633206E+00   7.766E+14   1.889E+35   4.129E-01      9.976E-01   8.417E-01   1.167E+00   2.199E+00   0.000E+00   0.000E+00   0.000E+00   0.000E+00      5.285E+08   1.000E+00   1.000E+00   00000   7.879E-01   7.879E-01  3p2   N/A    N/A    N/A 
   44   8.430147E+03   1.655259E+00   7.653E+14   1.823E+35   4.082E-01      9.930E-01   8.363E-01   1.161E+00   2.191E+00   0.000E+00   0.000E+00   0.000E+00   0.000E+00      5.421E+08   1.000E+00   1.000E+00   00000   7.902E-01   7.902E-01  3p2   N/A    N/A    N/A 
   45   8.493534E+03   1.676979E+00   7.541E+14   1.759E+35   4.035E-01      9.885E-01   8.309E-01   1.155E+00   2.183E+00   0.000E+00   0.000E+00   0.000E+00   0.000E+00      5.558E+08   1.000E+00   1.000E+00   00000   7.925E-01   7.925E-01  3p2   N/A    N/A    N/A 
   46   8.555989E+03   1.698381E+00   7.431E+14   1.695E+35   3.988E-01      9.840E-01   8.255E-01   1.149E+00   2.175E+00   0.000E+00   0.000E+00   0.000E+00   0.000E+00      5.694E+08   1.000E+00   1.000E+00   00000   7.947E-01   7.947E-01  3p2   N/A    N/A    N/A 
   47   8.617544E+03   1.719474E+00   7.323E+14   1.632E+35   3.941E-01      9.793E-01   8.199E-01   1.142E+00   2.167E+00   0.000E+00   0.000E+00   0.000E+00   0.000E+00      5.832E+08   1.000E+00   1.000E+00   00000   7.970E-01   7.970E-01  3p2   N/A    N/A    N/A 
   48   8.678233E+03   1.740270E+00   7.216E+14   1.571E+35   3.895E-01      9.746E-01   8.144E-01   1.136E+00   2.159E+00   0.000E+00   0.000E+00   0.000E+00   0.000E+00      5.969E+08   1.000E+00   1.000E+00   00000   7.992E-01   7.992E-01  3p2   N/A    N/A    N/A 
   49   8.738085E+03   1.760779E+00   7.111E+14   1.510E+35   3.849E-01      9.700E-01   8.088E-01   1.130E+00   2.151E+00   0.000E+00   0.000E+00   0.000E+00   0.000E+00      6.106E+08   1.000E+00   1.000E+00   00000   8.014E-01   8.014E-01  3p2   N/A    N/A    N/A 
   50   8.797128E+03   1.781012E+00   7.007E+14   1.449E+35   3.803E-01      9.652E-01   8.030E-01   1.123E+00   2.143E+00   0.000E+00   0.000E+00   0.000E+00   0.000E+00      6.244E+08   1.000E+00   1.000E+00   00000   8.036E-01   8.036E-01  3p2   N/A    N/A    N/A 
   51   8.855389E+03   1.800940E+00   6.907E+14   1.393E+35   3.759E-01      9.605E-01   7.974E-01   1.117E+00   2.135E+00   0.000E+00   0.000E+00   0.000E+00   0.000E+00      6.378E+08   1.000E+00   1.000E+00   00000   8.058E-01   8.058E-01  3p2   N/A    N/A    N/A 
   52   8.912893E+03   1.820498E+00   6.816E+14   1.346E+35   3.719E-01      9.563E-01   7.923E-01   1.111E+00   2.128E+00   0.000E+00   0.000E+00   0.000E+00   0.000E+00      6.500E+08   1.000E+00   1.000E+00   00000   8.077E-01   8.077E-01  3p2   N/A    N/A    N/A 
   53   8.969664E+03   1.839806E+00   6.727E+14   1.300E+35   3.678E-01      9.519E-01   7.869E-01   1.105E+00   2.121E+00   0.000E+00   0.000E+00   0.000E+00   0.000E+00      6.622E+08   1.000E+00   1.000E+00   00000   8.097E-01   8.097E-01  3p2   N/A    N/A    N/A 
   54   9.025726E+03   1.858873E+00   6.639E+14   1.255E+35   3.638E-01      9.474E-01   7.816E-01   1.099E+00   2.114E+00   0.000E+00   0.000E+00   0.000E+00   0.000E+00      6.744E+08   1.000E+00   1.000E+00   00000   8.116E-01   8.116E-01  3p2   N/A    N/A    N/A 
   55   9.081100E+03   1.877707E+00   6.552E+14   1.210E+35   3.599E-01      9.430E-01   7.762E-01   1.093E+00   2.107E+00   0.000E+00   0.000E+00   0.000E+00   0.000E+00      6.865E+08   1.000E+00   1.000E+00   00000   8.135E-01   8.135E-01  3p2   N/A    N/A    N/A 
   56   9.135807E+03   1.896313E+00   6.465E+14   1.166E+35   3.560E-01      9.385E-01   7.708E-01   1.087E+00   2.100E+00   0.000E+00   0.000E+00   0.000E+00   0.000E+00      6.985E+08   1.000E+00   1.000E+00   00000   8.155E-01   8.155E-01  3p2   N/A    N/A    N/A 
   57   9.189866E+03   1.914699E+00   6.380E+14   1.122E+35   3.520E-01      9.340E-01   7.652E-01   1.081E+00   2.092E+00   0.000E+00   0.000E+00   0.000E+00   0.000E+00      7.104E+08   1.000E+00   1.000E+00   00000   8.174E-01   8.174E-01  3p2   N/A    N/A    N/A 
   58   9.243297E+03   1.932872E+00   6.296E+14   1.079E+35   3.481E-01      9.294E-01   7.596E-01   1.075E+00   2.085E+00   0.000E+00   0.000E+00   0.000E+00   0.000E+00      7.223E+08   1.000E+00   1.000E+00   00000   8.193E-01   8.193E-01  3p2   N/A    N/A    N/A 
   59   9.296117E+03   1.950836E+00   6.213E+14   1.036E+35   3.443E-01      9.249E-01   7.541E-01   1.068E+00   2.078E+00   0.000E+00   0.000E+00   0.000E+00   0.000E+00      7.340E+08   1.000E+00   1.000E+00   00000   8.212E-01   8.212E-01  3p2   N/A    N/A    N/A 
   60   9.348343E+03   1.968599E+00   6.131E+14   9.937E+34   3.404E-01      9.201E-01   7.483E-01   1.062E+00   2.071E+00   0.000E+00   0.000E+00   0.000E+00   0.000E+00      7.457E+08   1.000E+00   1.000E+00   00000   8.231E-01   8.231E-01  3p2   N/A    N/A    N/A 
   61   9.399993E+03   1.986165E+00   6.049E+14   9.519E+34   3.365E-01      9.154E-01   7.424E-01   1.056E+00   2.064E+00   0.000E+00   0.000E+00   0.000E+00   0.000E+00      7.573E+08   1.000E+00   1.000E+00   00000   8.250E-01   8.250E-01  3p2   N/A    N/A    N/A 
   62   9.451081E+03   2.003455E+00   5.970E+14   9.123E+34   3.328E-01      9.107E-01   7.367E-01   1.049E+00   2.057E+00   0.000E+00   0.000E+00   0.000E+00   0.000E+00      7.685E+08   1.000E+00   1.000E+00   00000   8.269E-01   8.269E-01  3p2   N/A    N/A    N/A 
   63   9.501622E+03   2.020249E+00   5.894E+14   8.796E+34   3.292E-01      9.062E-01   7.311E-01   1.043E+00   2.050E+00   0.000E+00   0.000E+00   0.000E+00   0.000E+00      7.792E+08   1.000E+00   1.000E+00   00000   8.287E-01   8.287E-01  3p2   N/A    N/A    N/A 
   64   9.551631E+03   2.036866E+00   5.820E+14   8.473E+34   3.256E-01      9.015E-01   7.253E-01   1.037E+00   2.043E+00   0.000E+00   0.000E+00   0.000E+00   0.000E+00      7.898E+08   1.000E+00   1.000E+00   00000   8.305E-01   8.305E-01  3p2   N/A    N/A    N/A 
   65   9.601123E+03   2.053311E+00   5.746E+14   8.154E+34   3.220E-01      8.969E-01   7.195E-01   1.030E+00   2.036E+00   0.000E+00   0.000E+00   0.000E+00   0.000E+00      8.002E+08   1.000E+00   1.000E+00   00000   8.322E-01   8.322E-01  3p2   N/A    N/A    N/A 
   66   9.650109E+03   2.069588E+00   5.673E+14   7.837E+34   3.185E-01      8.923E-01   7.138E-01   1.024E+00   2.029E+00   0.000E+00   0.000E+00   0.000E+00   0.000E+00      8.105E+08   1.000E+00   1.000E+00   00000   8.340E-01   8.340E-01  3p2   N/A    N/A    N/A 
   67   9.698603E+03   2.085701E+00   5.600E+14   7.524E+34   3.149E-01      8.875E-01   7.078E-01   1.018E+00   2.022E+00   0.000E+00   0.000E+00   0.000E+00   0.000E+00      8.206E+08   1.000E+00   1.000E+00   00000   8.358E-01   8.358E-01  3p2   N/A    N/A    N/A 
   68   9.746616E+03   2.101655E+00   5.529E+14   7.214E+34   3.114E-01      8.828E-01   7.018E-01   1.011E+00   2.015E+00   0.000E+00   0.000E+00   0.000E+00   0.000E+00      8.306E+08   1.000E+00   1.000E+00   00000   8.375E-01   8.375E-01  3p2   N/A    N/A    N/A 
   69   9.794161E+03   2.117453E+00   5.458E+14   6.907E+34   3.079E-01      8.780E-01   6.958E-01   1.005E+00   2.009E+00   0.000E+00   0.000E+00   0.000E+00   0.000E+00      8.403E+08   1.000E+00   1.000E+00   00000   8.393E-01   8.393E-01  3p2   N/A    N/A    N/A 
   70   9.841250E+03   2.133099E+00   5.387E+14   6.603E+34   3.044E-01      8.731E-01   6.896E-01   9.979E-01   2.002E+00   0.000E+00   0.000E+00   0.000E+00   0.000E+00      8.499E+08   1.000E+00   1.000E+00   00000   8.410E-01   8.410E-01  3p2   N/A    N/A    N/A 
   71   9.887891E+03   2.148597E+00   5.318E+14   6.302E+34   3.009E-01      8.682E-01   6.834E-01   9.911E-01   1.995E+00   0.000E+00   0.000E+00   0.000E+00   0.000E+00      8.593E+08   1.000E+00   1.000E+00   00000   8.428E-01   8.428E-01  3p2   N/A    N/A    N/A 
   72   9.934097E+03   2.163950E+00   5.249E+14   6.003E+34   2.975E-01      8.633E-01   6.771E-01   9.844E-01   1.988E+00   0.000E+00   0.000E+00   0.000E+00   0.000E+00      8.685E+08   1.000E+00   1.000E+00   00000   8.445E-01   8.445E-01  3p2   N/A    N/A    N/A 
   73   9.979878E+03   2.178973E+00   5.180E+14   5.725E+34   2.940E-01      8.583E-01   6.708E-01   9.775E-01   1.981E+00   0.000E+00   0.000E+00   0.000E+00   0.000E+00      8.775E+08   1.000E+00   1.000E+00   00000   8.462E-01   8.462E-01  3p2   N/A    N/A    N/A 
   74   1.002524E+04   2.193432E+00   5.110E+14   5.490E+34   2.905E-01      8.531E-01   6.641E-01   9.703E-01   1.974E+00   0.000E+00   0.000E+00   0.000E+00   0.000E+00      8.865E+08   1.000E+00   1.000E+00   00000   8.480E-01   8.480E-01  3p2   N/A    N/A    N/A 
   75   1.007020E+04   2.207762E+00   5.041E+14   5.257E+34   2.870E-01      8.479E-01   6.574E-01   9.632E-01   1.966E+00   0.000E+00   0.000E+00   0.000E+00   0.000E+00      8.952E+08   1.000E+00   1.000E+00   00000   8.498E-01   8.498E-01  3p2   N/A    N/A    N/A 
   76   1.011476E+04   2.221965E+00   4.973E+14   5.026E+34   2.835E-01      8.427E-01   6.507E-01   9.560E-01   1.959E+00   0.000E+00   0.000E+00   0.000E+00   0.000E+00      9.037E+08   1.000E+00   1.000E+00   00000   8.515E-01   8.515E-01  3p2   N/A    N/A    N/A 
   77   1.015893E+04   2.236043E+00   4.905E+14   4.797E+34   2.800E-01      8.373E-01   6.437E-01   9.487E-01   1.952E+00   0.000E+00   0.000E+00   0.000E+00   0.000E+00      9.119E+08   1.000E+00   1.000E+00   00000   8.533E-01   8.533E-01  3p2   N/A    N/A    N/A 
   78   1.020272E+04   2.250001E+00   4.837E+14   4.570E+34   2.765E-01      8.320E-01   6.368E-01   9.413E-01   1.945E+00   0.000E+00   0.000E+00   0.000E+00   0.000E+00      9.199E+08   1.000E+00   1.000E+00   00000   8.551E-01   8.551E-01  3p2   N/A    N/A    N/A 
   79   1.024613E+04   2.263839E+00   4.771E+14   4.345E+34   2.730E-01      8.266E-01   6.298E-01   9.340E-01   1.937E+00   0.000E+00   0.000E+00   0.000E+00   0.000E+00      9.275E+08   1.000E+00   1.000E+00   00000   8.568E-01   8.568E-01  3p2   N/A    N/A    N/A 
   80   1.028918E+04   2.277562E+00   4.705E+14   4.121E+34   2.696E-01      8.212E-01   6.226E-01   9.264E-01   1.930E+00   0.000E+00   0.000E+00   0.000E+00   0.000E+00      9.348E+08   1.000E+00   1.000E+00   00000   8.586E-01   8.586E-01  3p2   N/A    N/A    N/A 
   81   1.033188E+04   2.291170E+00   4.639E+14   3.900E+34   2.661E-01      8.158E-01   6.154E-01   9.189E-01   1.922E+00   0.000E+00   0.000E+00   0.000E+00   0.000E+00      9.419E+08   1.000E+00   1.000E+00   00000   8.603E-01   8.603E-01  3p2   N/A    N/A    N/A 
   82   1.037422E+04   2.304667E+00   4.574E+14   3.681E+34   2.627E-01      8.103E-01   6.082E-01   9.114E-01   1.915E+00   0.000E+00   0.000E+00   0.000E+00   0.000E+00      9.485E+08   1.000E+00   1.000E+00   00000   8.621E-01   8.621E-01  3p2   N/A    N/A    N/A 
   83   1.041622E+04   2.317816E+00   4.507E+14   3.475E+34   2.592E-01      8.046E-01   6.006E-01   9.035E-01   1.907E+00   0.000E+00   0.000E+00   0.000E+00   0.000E+00      9.551E+08   1.000E+00   1.000E+00   00000   8.639E-01   8.639E-01  3p2   N/A    N/A    N/A 
   84   1.045789E+04   2.330295E+00   4.436E+14   3.300E+34   2.554E-01      7.985E-01   5.923E-01   8.950E-01   1.899E+00   0.000E+00   0.000E+00   0.000E+00   0.000E+00      9.617E+08   1.000E+00   1.000E+00   00000   8.658E-01   8.658E-01  3p2   N/A    N/A    N/A 
   85   1.049922E+04   2.342675E+00   4.366E+14   3.126E+34   2.516E-01      7.923E-01   5.840E-01   8.864E-01   1.890E+00   0.000E+00   0.000E+00   0.000E+00   0.000E+00      9.679E+08   1.000E+00   1.000E+00   00000   8.677E-01   8.677E-01  3p2   N/A    N/A    N/A 
   86   1.054024E+04   2.354958E+00   4.295E+14   2.954E+34   2.479E-01      7.860E-01   5.754E-01   8.778E-01   1.882E+00   0.000E+00   0.000E+00   0.000E+00   0.000E+00      9.736E+08   1.000E+00   1.000E+00   00000   8.696E-01   8.696E-01  3p2   N/A    N/A    N/A 
   87   1.058093E+04   2.367146E+00   4.226E+14   2.783E+34   2.441E-01      7.798E-01   5.669E-01   8.691E-01   1.873E+00   0.000E+00   0.000E+00   0.000E+00   0.000E+00      9.788E+08   1.000E+00   1.000E+00   00000   8.715E-01   8.715E-01  3p2   N/A    N/A    N/A 
   88   1.062132E+04   2.379242E+00   4.157E+14   2.613E+34   2.404E-01      7.735E-01   5.582E-01   8.604E-01   1.864E+00   0.000E+00   0.000E+00   0.000E+00   0.000E+00      9.835E+08   1.000E+00   1.000E+00   00000   8.735E-01   8.735E-01  3p2   N/A    N/A    N/A 
   89   1.066140E+04   2.391246E+00   4.088E+14   2.445E+34   2.367E-01      7.673E-01   5.495E-01   8.516E-01   1.856E+00   0.000E+00   0.000E+00   0.000E+00   0.000E+00      9.877E+08   1.000E+00   1.000E+00   00000   8.754E-01   8.754E-01  3p2   N/A    N/A    N/A 
   90   1.070118E+04   2.403160E+00   4.020E+14   2.278E+34   2.330E-01      7.610E-01   5.407E-01   8.428E-01   1.847E+00   0.000E+00   0.000E+00   0.000E+00   0.000E+00      9.912E+08   1.000E+00   1.000E+00   00000   8.773E-01   8.773E-01  3p2   N/A    N/A    N/A 
   91   1.074067E+04   2.414987E+00   3.953E+14   2.112E+34   2.293E-01      7.546E-01   5.318E-01   8.340E-01   1.838E+00   0.000E+00   0.000E+00   0.000E+00   0.000E+00      9.942E+08   1.000E+00   1.000E+00   00000   8.792E-01   8.792E-01  3p2   N/A    N/A    N/A 
   92   1.077987E+04   2.425984E+00   3.875E+14   1.971E+34   2.251E-01      7.474E-01   5.214E-01   8.239E-01   1.828E+00   0.000E+00   0.000E+00   0.000E+00   0.000E+00      9.970E+08   1.000E+00   1.000E+00   00000   8.813E-01   8.813E-01  3p2   N/A    N/A    N/A 
   93   1.081879E+04   2.436694E+00   3.796E+14   1.837E+34   2.207E-01      7.398E-01   5.105E-01   8.133E-01   1.817E+00   0.000E+00   0.000E+00   0.000E+00   0.000E+00      9.989E+08   1.000E+00   1.000E+00   00000   8.836E-01   8.836E-01  3p2   N/A    N/A    N/A 
   94   1.085743E+04   2.447327E+00   3.717E+14   1.705E+34   2.163E-01      7.322E-01   4.995E-01   8.027E-01   1.806E+00   0.000E+00   0.000E+00   0.000E+00   0.000E+00      9.999E+08   7.995E+06   1.000E+00   00000   8.859E-01   8.859E-01  3p2   N/A    N/A    N/A 
   95   1.089579E+04   2.457885E+00   3.638E+14   1.573E+34   2.119E-01      7.246E-01   4.883E-01   7.921E-01   1.794E+00   0.000E+00   0.000E+00   0.000E+00   0.000E+00      9.999E+08   1.420E+08   1.000E+00   00000   8.881E-01   8.881E-01  3p2   N/A    N/A    N/A 
   96   1.093389E+04   2.468370E+00   3.560E+14   1.443E+34   2.076E-01      7.171E-01   4.770E-01   7.814E-01   1.783E+00   0.000E+00   0.000E+00   0.000E+00   0.000E+00      9.989E+08   3.510E+08   1.000E+00   00000   8.904E-01   8.904E-01  3p2   N/A    N/A    N/A 
   97   1.097172E+04   2.478781E+00   3.483E+14   1.313E+34   2.033E-01      7.095E-01   4.655E-01   7.708E-01   1.772E+00   0.000E+00   0.000E+00   0.000E+00   0.000E+00      9.968E+08   5.970E+08   1.000E+00   00000   8.926E-01   8.926E-01  3p2   N/A    N/A    N/A 
   98   1.100930E+04   2.489085E+00   3.406E+14   1.185E+34   1.989E-01      7.018E-01   4.537E-01   7.601E-01   1.760E+00   0.000E+00   0.000E+00   0.000E+00   0.000E+00      9.936E+08   8.433E+08   1.000E+00   00000   8.949E-01   8.949E-01  3p2   N/A    N/A    N/A 
   99   1.104662E+04   2.498320E+00   3.309E+14   1.080E+34   1.935E-01      6.923E-01   4.387E-01   7.466E-01   1.745E+00   0.000E+00   0.000E+00   0.000E+00   0.000E+00      9.879E+08   1.105E+09   1.000E+00   00000   8.977E-01   8.977E-01  3p2   N/A    N/A    N/A 
  100   1.108369E+04   2.507493E+00   3.213E+14   9.752E+33   1.881E-01      6.827E-01   4.235E-01   7.331E-01   1.730E+00   0.000E+00   0.000E+00   0.000E+00   0.000E+00      9.804E+08   1.319E+09   1.000E+00   00000   9.005E-01   9.005E-01  3p2   N/A    N/A    N/A 
  101   1.112051E+04   2.516605E+00   3.118E+14   8.714E+33   1.827E-01      6.731E-01   4.078E-01   7.196E-01   1.714E+00   0.000E+00   0.000E+00   0.000E+00   0.000E+00      9.708E+08   1.505E+09   1.000E+00   00000   9.033E-01   9.033E-01  3p2   N/A    N/A    N/A 
  102   1.115709E+04   2.525657E+00   3.023E+14   7.683E+33   1.773E-01      6.634E-01   3.917E-01   7.061E-01   1.698E+00   0.000E+00   0.000E+00   0.000E+00   0.000E+00      9.593E+08   1.678E+09   1.000E+00   00000   9.061E-01   9.061E-01  3p2   N/A    N/A    N/A 
  103   1.119343E+04   2.534641E+00   2.929E+14   6.661E+33   1.719E-01      6.537E-01   3.751E-01   6.925E-01   1.682E+00   0.000E+00   0.000E+00   0.000E+00   0.000E+00      9.457E+08   1.845E+09   1.000E+00   00000   9.089E-01   9.089E-01  3p2   N/A    N/A    N/A 
  104   1.122954E+04   2.542493E+00   2.799E+14   5.823E+33   1.644E-01      6.402E-01   3.509E-01   6.735E-01   1.659E+00   0.000E+00   0.000E+00   0.000E+00   0.000E+00      9.231E+08   2.069E+09   1.000E+00   00000   9.128E-01   9.128E-01  3p2   N/A    N/A    N/A 
  105   1.126542E+04   2.550295E+00   2.670E+14   4.992E+33   1.570E-01      6.264E-01   3.252E-01   6.544E-01   1.635E+00   0.000E+00   0.000E+00   0.000E+00   0.000E+00      8.964E+08   2.288E+09   1.000E+00   00000   9.167E-01   9.167E-01  3p2   N/A    N/A    N/A 
  106   1.130107E+04   2.558047E+00   2.541E+14   4.165E+33   1.496E-01      6.125E-01   2.974E-01   6.350E-01   1.610E+00   0.000E+00   0.000E+00   0.000E+00   0.000E+00      8.654E+08   2.499E+09   1.000E+00   00000   9.206E-01   9.206E-01  3p2   N/A    N/A    N/A 
  107   1.133650E+04   2.565232E+00   2.390E+14   3.413E+33   1.408E-01      5.954E-01   2.605E-01   6.116E-01   1.579E+00   0.000E+00   0.000E+00   0.000E+00   0.000E+00      8.231E+08   2.726E+09   1.000E+00   00000   9.252E-01   9.252E-01  3p2   N/A    N/A    N/A 
  108   1.137170E+04   2.571681E+00   2.207E+14   2.757E+33   1.301E-01      5.737E-01   2.062E-01   5.824E-01   1.541E+00   0.000E+00   0.000E+00   0.000E+00   0.000E+00      7.639E+08   2.979E+09   1.000E+00   00000   9.308E-01   9.308E-01  3p2   N/A    N/A    N/A 
  109   1.140669E+04   2.578091E+00   2.025E+14   2.105E+33   1.195E-01      5.504E-01   1.291E-01   5.527E-01   1.499E+00   0.000E+00   0.000E+00   0.000E+00   0.000E+00      6.966E+08   3.209E+09   1.000E+00   00000   9.364E-01   9.364E-01  3p2   N/A    N/A    N/A 
  110   1.144147E+04   2.583431E+00   1.816E+14   1.578E+33   1.073E-01      5.200E-01   7.184E-03   5.200E-01   1.448E+00   0.000E+00   0.000E+00   0.000E+00   0.000E+00      6.094E+08   3.280E+09   1.000E+00   00000   9.429E-01   9.429E-01  3p2   N/A    N/A    N/A 
  111   1.147604E+04   2.588522E+00   1.600E+14   1.079E+33   9.465E-02      4.848E-01  -0.000E+00   4.847E-01   1.390E+00   0.000E+00   0.000E+00   0.000E+00   0.000E+00      5.112E+08   3.071E+09   1.000E+00   00000   9.496E-01   9.496E-01  3p2   N/A    N/A    N/A 
  112   1.148341E+04   2.589435E+00   1.540E+14   9.919E+32   9.108E-02      4.700E-01   0.000E+00   0.000E+00   1.248E+00   0.000E+00   0.000E+00   0.000E+00   0.000E+00      1.871E+09   0.000E+00   0.000E+00   00000   9.527E-01   0.000E+00  1s0  831.3  232.0   32.0
  113   1.149121E+04   2.590402E+00   1.482E+14   8.992E+32   8.765E-02      4.563E-01   0.000E+00   0.000E+00   1.240E+00   0.000E+00   0.000E+00   0.000E+00   0.000E+00      1.980E+09   0.000E+00   0.000E+00   00000   9.536E-01   0.000E+00  1s0  873.8  232.0   32.0
  114   1.149901E+04   2.591368E+00   1.426E+14   8.066E+32   8.434E-02      4.437E-01   0.000E+00   0.000E+00   1.231E+00   0.000E+00   0.000E+00   0.000E+00   0.000E+00      2.108E+09   0.000E+00   0.000E+00   00000   9.546E-01   0.000E+00  1s0  914.7  232.0   32.0
  115   1.150682E+04   2.592334E+00   1.372E+14   7.140E+32   8.116E-02      4.320E-01   0.000E+00   0.000E+00   1.221E+00   0.000E+00   0.000E+00   0.000E+00   0.000E+00      2.251E+09   0.000E+00   0.000E+00   00000   9.557E-01   0.000E+00  1s0  954.1  232.0   32.0
  116   1.151438E+04   2.593265E+00   1.320E+14   6.248E+32   7.810E-02      4.205E-01   0.000E+00   0.000E+00   1.210E+00   0.000E+00   0.000E+00   0.000E+00   0.000E+00      2.399E+09   0.000E+00   0.000E+00   00000   9.569E-01   0.000E+00  1s0  995.2  232.0   32.0
  117   1.151778E+04   2.593588E+00   1.271E+14   5.944E+32   7.517E-02      4.087E-01   0.000E+00   0.000E+00   1.201E+00   0.000E+00   0.000E+00   0.000E+00   0.000E+00      2.541E+09   0.000E+00   0.000E+00   00000   9.579E-01   0.000E+00  1s0 1043.5  232.0   32.0
  118   1.152118E+04   2.593910E+00   1.223E+14   5.640E+32   7.235E-02      3.977E-01   0.000E+00   0.000E+00   1.190E+00   0.000E+00   0.000E+00   0.000E+00   0.000E+00      2.690E+09   0.000E+00   0.000E+00   00000   9.591E-01   0.000E+00  1s0 1090.1  232.0   32.0
  119   1.152458E+04   2.594233E+00   1.177E+14   5.336E+32   6.963E-02      3.874E-01   0.000E+00   0.000E+00   1.179E+00   0.000E+00   0.000E+00   0.000E+00   0.000E+00      2.842E+09   0.000E+00   0.000E+00   00000   9.603E-01   0.000E+00  1s0 1134.9  232.0   32.0
  120   1.152798E+04   2.594556E+00   1.132E+14   5.032E+32   6.702E-02      3.778E-01   0.000E+00   0.000E+00   1.168E+00   0.000E+00   0.000E+00   0.000E+00   0.000E+00      2.993E+09   0.000E+00   0.000E+00   00000   9.615E-01   0.000E+00  1s0 1178.0  232.0   32.0
  121   1.153139E+04   2.594879E+00   1.090E+14   4.728E+32   6.451E-02      3.687E-01   0.000E+00   0.000E+00   1.156E+00   0.000E+00   0.000E+00   0.000E+00   0.000E+00      3.139E+09   0.000E+00   0.000E+00   00000   9.628E-01   0.000E+00  1s0 1219.4  232.0   32.0
  122   1.153479E+04   2.595202E+00   1.049E+14   4.424E+32   6.209E-02      3.601E-01   0.000E+00   0.000E+00   1.145E+00   0.000E+00   0.000E+00   0.000E+00   0.000E+00      3.280E+09   0.000E+00   0.000E+00   00000   9.641E-01   0.000E+00  1s0 1259.3  232.0   32.0
  123   1.153819E+04   2.595525E+00   1.009E+14   4.120E+32   5.976E-02      3.520E-01   0.000E+00   0.000E+00   1.133E+00   0.000E+00   0.000E+00   0.000E+00   0.000E+00      3.416E+09   0.000E+00   0.000E+00   00000   9.654E-01   0.000E+00  1s0 1297.8  232.0   32.0
  124   1.154159E+04   2.595848E+00   9.711E+13   3.816E+32   5.752E-02      3.443E-01   0.000E+00   0.000E+00   1.121E+00   0.000E+00   0.000E+00   0.000E+00   0.000E+00      3.547E+09   0.000E+00   0.000E+00   00000   9.667E-01   0.000E+00  1s0 1334.7  232.0   32.0
  125   1.154477E+04   2.596126E+00   9.345E+13   3.554E+32   5.536E-02      3.370E-01   0.000E+00   0.000E+00   1.108E+00   0.000E+00   0.000E+00   0.000E+00   0.000E+00      3.674E+09   0.000E+00   0.000E+00   00000   9.681E-01   0.000E+00  1s0 1370.3  232.0   32.0
  126   1.154744E+04   2.596308E+00   8.993E+13   3.385E+32   5.329E-02      3.300E-01   0.000E+00   0.000E+00   1.096E+00   0.000E+00   0.000E+00   0.000E+00   0.000E+00      3.796E+09   0.000E+00   0.000E+00   00000   9.694E-01   0.000E+00  1s0 1404.5  232.0   32.0
  127   1.155012E+04   2.596491E+00   8.655E+13   3.215E+32   5.129E-02      3.234E-01   0.000E+00   0.000E+00   1.084E+00   0.000E+00   0.000E+00   0.000E+00   0.000E+00      3.915E+09   0.000E+00   0.000E+00   00000   9.708E-01   0.000E+00  1s0 1437.4  232.0   32.0
  128   1.155280E+04   2.596673E+00   8.328E+13   3.046E+32   4.937E-02      3.169E-01   0.000E+00   0.000E+00   1.072E+00   0.000E+00   0.000E+00   0.000E+00   0.000E+00      4.029E+09   0.000E+00   0.000E+00   00000   9.721E-01   0.000E+00  1s0 1469.1  232.0   32.0
  129   1.155548E+04   2.596855E+00   8.015E+13   2.876E+32   4.752E-02      3.108E-01   0.000E+00   0.000E+00   1.060E+00   0.000E+00   0.000E+00   0.000E+00   0.000E+00      4.139E+09   0.000E+00   0.000E+00   00000   9.735E-01   0.000E+00  1s0 1499.6  232.0   32.0
  130   1.155816E+04   2.597038E+00   7.713E+13   2.707E+32   4.573E-02      3.291E-01   0.000E+00   0.000E+00   1.060E+00   0.000E+00   0.000E+00   0.000E+00   0.000E+00      4.135E+09   0.000E+00   0.000E+00   00000   9.734E-01   0.000E+00  1s0 1519.5  183.0   40.0
  131   1.156084E+04   2.597220E+00   7.422E+13   2.538E+32   4.401E-02      3.236E-01   0.000E+00   0.000E+00   1.047E+00   0.000E+00   0.000E+00   0.000E+00   0.000E+00      4.247E+09   0.000E+00   0.000E+00   00000   9.748E-01   0.000E+00  1s0 1538.6  183.0   40.0
  132   1.156352E+04   2.597402E+00   7.142E+13   2.368E+32   4.236E-02      3.182E-01   0.000E+00   0.000E+00   1.034E+00   0.000E+00   0.000E+00   0.000E+00   0.000E+00      4.353E+09   0.000E+00   0.000E+00   00000   9.762E-01   0.000E+00  1s0 1556.9  183.0   40.0
  133   1.156620E+04   2.597585E+00   6.873E+13   2.199E+32   4.077E-02      3.130E-01   0.000E+00   0.000E+00   1.022E+00   0.000E+00   0.000E+00   0.000E+00   0.000E+00      4.453E+09   0.000E+00   0.000E+00   00000   9.776E-01   0.000E+00  1s0 1574.5  183.0   40.0
  134   1.156873E+04   2.597744E+00   6.614E+13   2.051E+32   3.923E-02      3.079E-01   0.000E+00   0.000E+00   1.009E+00   0.000E+00   0.000E+00   0.000E+00   0.000E+00      4.548E+09   0.000E+00   0.000E+00   00000   9.790E-01   0.000E+00  1s0 1591.5  183.0   40.0
  135   1.157088E+04   2.597848E+00   6.365E+13   1.956E+32   3.776E-02      3.030E-01   0.000E+00   0.000E+00   9.969E-01   0.000E+00   0.000E+00   0.000E+00   0.000E+00      4.637E+09   0.000E+00   0.000E+00   00000   9.803E-01   0.000E+00  1s0 1607.8  183.0   40.0
  136   1.157303E+04   2.597951E+00   6.125E+13   1.861E+32   3.634E-02      2.982E-01   0.000E+00   0.000E+00   9.847E-01   0.000E+00   0.000E+00   0.000E+00   0.000E+00      4.720E+09   0.000E+00   0.000E+00   00000   9.817E-01   0.000E+00  1s0 1623.5  183.0   40.0
  137   1.157518E+04   2.598054E+00   5.894E+13   1.766E+32   3.497E-02      2.935E-01   0.000E+00   0.000E+00   9.725E-01   0.000E+00   0.000E+00   0.000E+00   0.000E+00      4.798E+09   0.000E+00   0.000E+00   00000   9.830E-01   0.000E+00  1s0 1638.7  183.0   40.0
  138   1.157734E+04   2.598157E+00   5.672E+13   1.671E+32   3.366E-02      2.889E-01   0.000E+00   0.000E+00   9.606E-01   0.000E+00   0.000E+00   0.000E+00   0.000E+00      4.869E+09   0.000E+00   0.000E+00   00000   9.843E-01   0.000E+00  1s0 1653.2  183.0   40.0
  139   1.157949E+04   2.598260E+00   5.459E+13   1.577E+32   3.239E-02      2.844E-01   0.000E+00   0.000E+00   9.487E-01   0.000E+00   0.000E+00   0.000E+00   0.000E+00      4.934E+09   0.000E+00   0.000E+00   00000   9.856E-01   0.000E+00  1s0 1667.2  183.0   40.0
  140   1.158164E+04   2.598363E+00   5.253E+13   1.482E+32   3.118E-02      2.801E-01   0.000E+00   0.000E+00   9.370E-01   0.000E+00   0.000E+00   0.000E+00   0.000E+00      4.994E+09   0.000E+00   0.000E+00   00000   9.869E-01   0.000E+00  1s0 1680.7  183.0   40.0
  141   1.158379E+04   2.598466E+00   5.055E+13   1.387E+32   3.001E-02      2.758E-01   0.000E+00   0.000E+00   9.254E-01   0.000E+00   0.000E+00   0.000E+00   0.000E+00      5.047E+09   0.000E+00   0.000E+00   00000   9.882E-01   0.000E+00  1s0 1693.7  183.0   40.0
  142   1.158595E+04   2.598569E+00   4.865E+13   1.292E+32   2.888E-02      2.717E-01   0.000E+00   0.000E+00   9.139E-01   0.000E+00   0.000E+00   0.000E+00   0.000E+00      5.094E+09   0.000E+00   0.000E+00   00000   9.895E-01   0.000E+00  1s0 1706.1  183.0   40.0
  143   1.158808E+04   2.598670E+00   4.681E+13   1.199E+32   2.779E-02      2.676E-01   0.000E+00   0.000E+00   9.026E-01   0.000E+00   0.000E+00   0.000E+00   0.000E+00      5.134E+09   0.000E+00   0.000E+00   00000   9.907E-01   0.000E+00  1s0 1718.2  183.0   40.0
  144   1.158986E+04   2.598731E+00   4.505E+13   1.145E+32   2.675E-02      2.636E-01   0.000E+00   0.000E+00   8.914E-01   0.000E+00   0.000E+00   0.000E+00   0.000E+00      5.169E+09   0.000E+00   0.000E+00   00000   9.919E-01   0.000E+00  1s0 1729.7  183.0   40.0
  145   1.159165E+04   2.598791E+00   4.335E+13   1.090E+32   2.575E-02      2.597E-01   0.000E+00   0.000E+00   8.803E-01   0.000E+00   0.000E+00   0.000E+00   0.000E+00      5.197E+09   0.000E+00   0.000E+00   00000   9.932E-01   0.000E+00  1s0 1740.8  183.0   40.0
  146   1.159343E+04   2.598851E+00   4.172E+13   1.035E+32   2.478E-02      2.559E-01   0.000E+00   0.000E+00   8.693E-01   0.000E+00   0.000E+00   0.000E+00   0.000E+00      5.219E+09   0.000E+00   0.000E+00   00000   9.944E-01   0.000E+00  1s0 1751.5  183.0   40.0
  147   1.159522E+04   2.598911E+00   4.015E+13   9.804E+31   2.385E-02      2.521E-01   0.000E+00   0.000E+00   8.585E-01   0.000E+00   0.000E+00   0.000E+00   0.000E+00      5.235E+09   0.000E+00   0.000E+00   00000   9.956E-01   0.000E+00  1s0 1761.8  183.0   40.0
  148   1.159700E+04   2.598971E+00   3.863E+13   9.257E+31   2.295E-02      2.485E-01   0.000E+00   0.000E+00   8.478E-01   0.000E+00   0.000E+00   0.000E+00   0.000E+00      5.244E+09   0.000E+00   0.000E+00   00000   9.967E-01   0.000E+00  1s0 1771.7  183.0   40.0
  149   1.159878E+04   2.599031E+00   3.718E+13   8.709E+31   2.209E-02      2.449E-01   0.000E+00   0.000E+00   8.372E-01   0.000E+00   0.000E+00   0.000E+00   0.000E+00      5.248E+09   0.000E+00   0.000E+00   00000   9.979E-01   0.000E+00  1s0 1781.3  183.0   40.0
  150   1.160057E+04   2.599091E+00   3.578E+13   8.162E+31   2.126E-02      2.414E-01   0.000E+00   0.000E+00   8.268E-01   0.000E+00   0.000E+00   0.000E+00   0.000E+00      5.245E+09   0.000E+00   0.000E+00   00000   9.991E-01   0.000E+00  1s0 1790.5  183.0   40.0
  151   1.160235E+04   2.599152E+00   3.443E+13   7.614E+31   2.046E-02      2.379E-01   0.000E+00   0.000E+00   8.165E-01   0.000E+00   0.000E+00   0.000E+00   0.000E+00      5.236E+09   0.000E+00   0.000E+00   00000   1.000E+00   0.000E+00  1s0 1799.3  183.0   40.0
  152   1.160414E+04   2.599212E+00   3.313E+13   7.067E+31   1.969E-02      2.543E-01   0.000E+00   0.000E+00   8.040E-01   0.000E+00   0.000E+00   0.000E+00   0.000E+00      5.217E+09   0.000E+00   0.000E+00   00000   1.000E+00   0.000E+00  1s0 1772.4  193.0   50.0
  153   1.160567E+04   2.599252E+00   3.188E+13   6.704E+31   1.895E-02      2.525E-01   0.000E+00   0.000E+00   7.932E-01   0.000E+00   0.000E+00   0.000E+00   0.000E+00      5.193E+09   0.000E+00   0.000E+00   00000   1.000E+00   0.000E+00  1s0 1743.4  193.0   50.0
  154   1.160714E+04   2.599286E+00   3.068E+13   6.391E+31   1.824E-02      2.506E-01   0.000E+00   0.000E+00   7.826E-01   0.000E+00   0.000E+00   0.000E+00   0.000E+00      5.162E+09   0.000E+00   0.000E+00   00000   1.000E+00   0.000E+00  1s0 1715.4  193.0   50.0
  155   1.160861E+04   2.599321E+00   2.953E+13   6.078E+31   1.755E-02      2.487E-01   0.000E+00   0.000E+00   7.722E-01   0.000E+00   0.000E+00   0.000E+00   0.000E+00      5.126E+09   0.000E+00   0.000E+00   00000   1.000E+00   0.000E+00  1s0 1688.6  193.0   50.0
  156   1.161007E+04   2.599356E+00   2.841E+13   5.764E+31   1.689E-02      2.469E-01   0.000E+00   0.000E+00   7.618E-01   0.000E+00   0.000E+00   0.000E+00   0.000E+00      5.085E+09   0.000E+00   0.000E+00   00000   1.000E+00   0.000E+00  1s0 1662.7  193.0   50.0
  157   1.161154E+04   2.599390E+00   2.734E+13   5.451E+31   1.626E-02      2.449E-01   0.000E+00   0.000E+00   7.517E-01   0.000E+00   0.000E+00   0.000E+00   0.000E+00      5.039E+09   0.000E+00   0.000E+00   00000   1.000E+00   0.000E+00  1s0 1637.8  193.0   50.0
  158   1.161301E+04   2.599425E+00   2.631E+13   5.138E+31   1.565E-02      2.430E-01   0.000E+00   0.000E+00   7.416E-01   0.000E+00   0.000E+00   0.000E+00   0.000E+00      4.990E+09   0.000E+00   0.000E+00   00000   1.000E+00   0.000E+00  1s0 1613.9  193.0   50.0
  159   1.161448E+04   2.599460E+00   2.532E+13   4.824E+31   1.506E-02      2.411E-01   0.000E+00   0.000E+00   7.317E-01   0.000E+00   0.000E+00   0.000E+00   0.000E+00      4.938E+09   0.000E+00   0.000E+00   00000   1.000E+00   0.000E+00  1s0 1590.8  193.0   50.0
  160   1.161594E+04   2.599495E+00   2.437E+13   4.511E+31   1.449E-02      2.392E-01   0.000E+00   0.000E+00   7.220E-01   0.000E+00   0.000E+00   0.000E+00   0.000E+00      4.882E+09   0.000E+00   0.000E+00   00000   1.000E+00   0.000E+00  1s0 1568.7  193.0   50.0
  161   1.161741E+04   2.599529E+00   2.345E+13   4.198E+31   1.395E-02      2.372E-01   0.000E+00   0.000E+00   7.124E-01   0.000E+00   0.000E+00   0.000E+00   0.000E+00      4.825E+09   0.000E+00   0.000E+00   00000   1.000E+00   0.000E+00  1s0 1547.3  193.0   50.0
  162   1.161877E+04   2.599557E+00   2.257E+13   3.943E+31   1.342E-02      2.352E-01   0.000E+00   0.000E+00   7.029E-01   0.000E+00   0.000E+00   0.000E+00   0.000E+00      4.765E+09   0.000E+00   0.000E+00   00000   1.000E+00   0.000E+00  1s0 1526.8  193.0   50.0
  163   1.161999E+04   2.599578E+00   2.172E+13   3.762E+31   1.292E-02      2.333E-01   0.000E+00   0.000E+00   6.935E-01   0.000E+00   0.000E+00   0.000E+00   0.000E+00      4.705E+09   0.000E+00   0.000E+00   00000   1.000E+00   0.000E+00  1s0 1507.0  193.0   50.0
  164   1.162121E+04   2.599598E+00   2.090E+13   3.581E+31   1.243E-02      2.313E-01   0.000E+00   0.000E+00   6.843E-01   0.000E+00   0.000E+00   0.000E+00   0.000E+00      4.643E+09   0.000E+00   0.000E+00   00000   1.000E+00   0.000E+00  1s0 1488.0  193.0   50.0
  165   1.162243E+04   2.599618E+00   2.011E+13   3.399E+31   1.197E-02      2.293E-01   0.000E+00   0.000E+00   6.752E-01   0.000E+00   0.000E+00   0.000E+00   0.000E+00      4.580E+09   0.000E+00   0.000E+00   00000   1.000E+00   0.000E+00  1s0 1469.7  193.0   50.0
  166   1.162365E+04   2.599638E+00   1.935E+13   3.218E+31   1.152E-02      2.273E-01   0.000E+00   0.000E+00   6.662E-01   0.000E+00   0.000E+00   0.000E+00   0.000E+00      4.516E+09   0.000E+00   0.000E+00   00000   1.000E+00   0.000E+00  1s0 1452.1  193.0   50.0
  167   1.162488E+04   2.599659E+00   1.862E+13   3.037E+31   1.108E-02      2.253E-01   0.000E+00   0.000E+00   6.573E-01   0.000E+00   0.000E+00   0.000E+00   0.000E+00      4.453E+09   0.000E+00   0.000E+00   00000   1.000E+00   0.000E+00  1s0 1435.1  193.0   50.0
  168   1.162610E+04   2.599679E+00   1.792E+13   2.855E+31   1.067E-02      2.233E-01   0.000E+00   0.000E+00   6.486E-01   0.000E+00   0.000E+00   0.000E+00   0.000E+00      4.389E+09   0.000E+00   0.000E+00   00000   1.000E+00   0.000E+00  1s0 1418.8  193.0   50.0
  169   1.162732E+04   2.599699E+00   1.725E+13   2.674E+31   1.027E-02      2.213E-01   0.000E+00   0.000E+00   6.400E-01   0.000E+00   0.000E+00   0.000E+00   0.000E+00      4.325E+09   0.000E+00   0.000E+00   00000   1.000E+00   0.000E+00  1s0 1403.1  193.0   50.0
  170   1.162854E+04   2.599719E+00   1.660E+13   2.492E+31   9.881E-03      2.192E-01   0.000E+00   0.000E+00   6.315E-01   0.000E+00   0.000E+00   0.000E+00   0.000E+00      4.261E+09   0.000E+00   0.000E+00   00000   1.000E+00   0.000E+00  1s0 1388.0  193.0   50.0
  171   1.162974E+04   2.599739E+00   1.597E+13   2.319E+31   9.510E-03      2.172E-01   0.000E+00   0.000E+00   6.232E-01   0.000E+00   0.000E+00   0.000E+00   0.000E+00      4.198E+09   0.000E+00   0.000E+00   00000   1.000E+00   0.000E+00  1s0 1373.5  193.0   50.0
  172   1.163073E+04   2.599750E+00   1.537E+13   2.217E+31   9.153E-03      2.152E-01   0.000E+00   0.000E+00   6.149E-01   0.000E+00   0.000E+00   0.000E+00   0.000E+00      4.136E+09   0.000E+00   0.000E+00   00000   1.000E+00   0.000E+00  1s0 1359.5  193.0   50.0
  173   1.163172E+04   2.599761E+00   1.479E+13   2.115E+31   8.809E-03      2.134E-01   0.000E+00   0.000E+00   6.118E-01   0.000E+00   0.000E+00   0.000E+00   0.000E+00      4.111E+09   0.000E+00   0.000E+00   00000   1.000E+00   0.000E+00  1s0 1341.9  164.0   50.0
  174   1.163271E+04   2.599773E+00   1.423E+13   2.013E+31   8.477E-03      2.121E-01   0.000E+00   0.000E+00   6.034E-01   0.000E+00   0.000E+00   0.000E+00   0.000E+00      4.048E+09   0.000E+00   0.000E+00   00000   1.000E+00   0.000E+00  1s0 1315.5  164.0   50.0
  175   1.163370E+04   2.599784E+00   1.370E+13   1.911E+31   8.158E-03      2.108E-01   0.000E+00   0.000E+00   5.952E-01   0.000E+00   0.000E+00   0.000E+00   0.000E+00      3.985E+09   0.000E+00   0.000E+00   00000   1.000E+00   0.000E+00  1s0 1290.1  164.0   50.0
  176   1.163469E+04   2.599796E+00   1.318E+13   1.809E+31   7.851E-03      2.094E-01   0.000E+00   0.000E+00   5.871E-01   0.000E+00   0.000E+00   0.000E+00   0.000E+00      3.923E+09   0.000E+00   0.000E+00   00000   1.000E+00   0.000E+00  1s0 1265.7  164.0   50.0
  177   1.163568E+04   2.599807E+00   1.268E+13   1.707E+31   7.555E-03      2.080E-01   0.000E+00   0.000E+00   5.791E-01   0.000E+00   0.000E+00   0.000E+00   0.000E+00      3.862E+09   0.000E+00   0.000E+00   00000   1.000E+00   0.000E+00  1s0 1242.1  164.0   50.0
  178   1.163668E+04   2.599819E+00   1.221E+13   1.605E+31   7.271E-03      2.067E-01   0.000E+00   0.000E+00   5.712E-01   0.000E+00   0.000E+00   0.000E+00   0.000E+00      3.802E+09   0.000E+00   0.000E+00   00000   1.000E+00   0.000E+00  1s0 1219.5  164.0   50.0
  179   1.163767E+04   2.599830E+00   1.175E+13   1.503E+31   6.997E-03      2.053E-01   0.000E+00   0.000E+00   5.634E-01   0.000E+00   0.000E+00   0.000E+00   0.000E+00      3.742E+09   0.000E+00   0.000E+00   00000   1.000E+00   0.000E+00  1s0 1197.7  164.0   50.0
  180   1.163866E+04   2.599841E+00   1.130E+13   1.401E+31   6.733E-03      2.039E-01   0.000E+00   0.000E+00   5.557E-01   0.000E+00   0.000E+00   0.000E+00   0.000E+00      3.682E+09   0.000E+00   0.000E+00   00000   1.000E+00   0.000E+00  1s0 1176.7  164.0   50.0
  181   1.163954E+04   2.599850E+00   1.088E+13   1.323E+31   6.480E-03      2.024E-01   0.000E+00   0.000E+00   5.481E-01   0.000E+00   0.000E+00   0.000E+00   0.000E+00      3.623E+09   0.000E+00   0.000E+00   00000   1.000E+00   0.000E+00  1s0 1156.5  164.0   50.0
  182   1.164033E+04   2.599856E+00   1.047E+13   1.268E+31   6.236E-03      2.010E-01   0.000E+00   0.000E+00   5.406E-01   0.000E+00   0.000E+00   0.000E+00   0.000E+00      3.564E+09   0.000E+00   0.000E+00   00000   1.000E+00   0.000E+00  1s0 1137.1  164.0   50.0
  183   1.164111E+04   2.599863E+00   1.007E+13   1.212E+31   6.001E-03      1.995E-01   0.000E+00   0.000E+00   5.332E-01   0.000E+00   0.000E+00   0.000E+00   0.000E+00      3.505E+09   0.000E+00   0.000E+00   00000   1.000E+00   0.000E+00  1s0 1118.4  164.0   50.0
  184   1.164190E+04   2.599869E+00   9.694E+12   1.157E+31   5.775E-03      1.981E-01   0.000E+00   0.000E+00   5.260E-01   0.000E+00   0.000E+00   0.000E+00   0.000E+00      3.447E+09   0.000E+00   0.000E+00   00000   1.000E+00   0.000E+00  1s0 1100.4  164.0   50.0
  185   1.164268E+04   2.599875E+00   9.328E+12   1.102E+31   5.558E-03      1.965E-01   0.000E+00   0.000E+00   5.194E-01   0.000E+00   0.000E+00   0.000E+00   0.000E+00      3.393E+09   0.000E+00   0.000E+00   00000   1.000E+00   0.000E+00  1s0 1084.4  161.0   50.0
  186   1.164346E+04   2.599881E+00   8.977E+12   1.047E+31   5.349E-03      1.949E-01   0.000E+00   0.000E+00   5.124E-01   0.000E+00   0.000E+00   0.000E+00   0.000E+00      3.335E+09   0.000E+00   0.000E+00   00000   1.000E+00   0.000E+00  1s0 1069.0  161.0   50.0
  187   1.164425E+04   2.599888E+00   8.639E+12   9.914E+30   5.147E-03      1.934E-01   0.000E+00   0.000E+00   5.054E-01   0.000E+00   0.000E+00   0.000E+00   0.000E+00      3.277E+09   0.000E+00   0.000E+00   00000   1.000E+00   0.000E+00  1s0 1054.2  161.0   50.0
  188   1.164503E+04   2.599894E+00   8.313E+12   9.362E+30   4.954E-03      1.918E-01   0.000E+00   0.000E+00   4.986E-01   0.000E+00   0.000E+00   0.000E+00   0.000E+00      3.219E+09   0.000E+00   0.000E+00   00000   1.000E+00   0.000E+00  1s0 1040.0  161.0   50.0
  189   1.164582E+04   2.599900E+00   8.000E+12   8.810E+30   4.767E-03      1.902E-01   0.000E+00   0.000E+00   4.919E-01   0.000E+00   0.000E+00   0.000E+00   0.000E+00      3.161E+09   0.000E+00   0.000E+00   00000   1.000E+00   0.000E+00  1s0 1026.3  161.0   50.0
  190   1.164660E+04   2.599906E+00   7.699E+12   8.257E+30   4.588E-03      1.886E-01   0.000E+00   0.000E+00   4.852E-01   0.000E+00   0.000E+00   0.000E+00   0.000E+00      3.102E+09   0.000E+00   0.000E+00   00000   1.000E+00   0.000E+00  1s0 1013.1  161.0   50.0
  191   1.164732E+04   2.599911E+00   7.408E+12   7.794E+30   4.415E-03      1.870E-01   0.000E+00   0.000E+00   4.787E-01   0.000E+00   0.000E+00   0.000E+00   0.000E+00      3.044E+09   0.000E+00   0.000E+00   00000   1.000E+00   0.000E+00  1s0 1000.4  161.0   50.0
  192   1.164789E+04   2.599914E+00   7.129E+12   7.528E+30   4.249E-03      1.853E-01   0.000E+00   0.000E+00   4.722E-01   0.000E+00   0.000E+00   0.000E+00   0.000E+00      2.986E+09   0.000E+00   0.000E+00   00000   1.000E+00   0.000E+00  1s0  988.2  161.0   50.0
  193   1.164846E+04   2.599917E+00   6.861E+12   7.262E+30   4.089E-03      1.837E-01   0.000E+00   0.000E+00   4.659E-01   0.000E+00   0.000E+00   0.000E+00   0.000E+00      2.928E+09   0.000E+00   0.000E+00   00000   1.000E+00   0.000E+00  1s0  976.4  161.0   50.0
  194   1.164903E+04   2.599920E+00   6.602E+12   6.997E+30   3.935E-03      1.821E-01   0.000E+00   0.000E+00   4.596E-01   0.000E+00   0.000E+00   0.000E+00   0.000E+00      2.871E+09   0.000E+00   0.000E+00   00000   1.000E+00   0.000E+00  1s0  965.1  161.0   50.0
  195   1.164960E+04   2.599923E+00   6.353E+12   6.731E+30   3.787E-03      1.805E-01   0.000E+00   0.000E+00   4.534E-01   0.000E+00   0.000E+00   0.000E+00   0.000E+00      2.813E+09   0.000E+00   0.000E+00   00000   1.000E+00   0.000E+00  1s0  954.2  161.0   50.0
  196   1.165018E+04   2.599926E+00   6.114E+12   6.466E+30   3.645E-03      1.796E-01   0.000E+00   0.000E+00   4.473E-01   0.000E+00   0.000E+00   0.000E+00   0.000E+00      2.757E+09   0.000E+00   0.000E+00   00000   1.000E+00   0.000E+00  1s0  932.1  159.0   50.0
  197   1.165075E+04   2.599929E+00   5.884E+12   6.200E+30   3.508E-03      1.791E-01   0.000E+00   0.000E+00   4.407E-01   0.000E+00   0.000E+00   0.000E+00   0.000E+00      2.694E+09   0.000E+00   0.000E+00   00000   1.000E+00   0.000E+00  1s0  903.2  159.0   50.0
  198   1.165132E+04   2.599932E+00   5.662E+12   5.935E+30   3.376E-03      1.787E-01   0.000E+00   0.000E+00   4.341E-01   0.000E+00   0.000E+00   0.000E+00   0.000E+00      2.632E+09   0.000E+00   0.000E+00   00000   1.000E+00   0.000E+00  1s0  875.5  159.0   50.0
  199   1.165189E+04   2.599935E+00   5.449E+12   5.669E+30   3.248E-03      1.783E-01   0.000E+00   0.000E+00   4.276E-01   0.000E+00   0.000E+00   0.000E+00   0.000E+00      2.571E+09   0.000E+00   0.000E+00   00000   1.000E+00   0.000E+00  1s0  848.7  159.0   50.0
  200   1.165246E+04   2.599938E+00   5.243E+12   5.403E+30   3.126E-03      1.778E-01   0.000E+00   0.000E+00   4.211E-01   0.000E+00   0.000E+00   0.000E+00   0.000E+00      2.509E+09   0.000E+00   0.000E+00   00000   1.000E+00   0.000E+00  1s0  823.0  159.0   50.0
  201   1.165303E+04   2.599941E+00   5.046E+12   5.138E+30   3.008E-03      1.774E-01   0.000E+00   0.000E+00   4.147E-01   0.000E+00   0.000E+00   0.000E+00   0.000E+00      2.448E+09   0.000E+00   0.000E+00   00000   1.000E+00   0.000E+00  1s0  798.3  159.0   50.0
  202   1.165360E+04   2.599944E+00   4.856E+12   4.872E+30   2.895E-03      1.769E-01   0.000E+00   0.000E+00   4.084E-01   0.000E+00   0.000E+00   0.000E+00   0.000E+00      2.388E+09   0.000E+00   0.000E+00   00000   1.000E+00   0.000E+00  1s0  774.4  159.0   50.0
  203   1.165416E+04   2.599947E+00   4.673E+12   4.632E+30   2.786E-03      1.764E-01   0.000E+00   0.000E+00   4.022E-01   0.000E+00   0.000E+00   0.000E+00   0.000E+00      2.328E+09   0.000E+00   0.000E+00   00000   1.000E+00   0.000E+00  1s0  751.5  159.0   50.0
  204   1.165466E+04   2.599949E+00   4.497E+12   4.491E+30   2.681E-03      1.759E-01   0.000E+00   0.000E+00   3.960E-01   0.000E+00   0.000E+00   0.000E+00   0.000E+00      2.269E+09   0.000E+00   0.000E+00   00000   1.000E+00   0.000E+00  1s0  729.5  159.0   50.0
  205   1.165517E+04   2.599950E+00   4.327E+12   4.350E+30   2.580E-03      1.754E-01   0.000E+00   0.000E+00   3.898E-01   0.000E+00   0.000E+00   0.000E+00   0.000E+00      2.211E+09   0.000E+00   0.000E+00   00000   1.000E+00   0.000E+00  1s0  708.2  159.0   50.0
  206   1.165567E+04   2.599952E+00   4.164E+12   4.209E+30   2.483E-03      1.748E-01   0.000E+00   0.000E+00   3.838E-01   0.000E+00   0.000E+00   0.000E+00   0.000E+00      2.153E+09   0.000E+00   0.000E+00   00000   1.000E+00   0.000E+00  1s0  687.8  159.0   50.0
  207   1.165617E+04   2.599954E+00   4.007E+12   4.068E+30   2.390E-03      1.743E-01   0.000E+00   0.000E+00   3.778E-01   0.000E+00   0.000E+00   0.000E+00   0.000E+00      2.096E+09   0.000E+00   0.000E+00   00000   1.000E+00   0.000E+00  1s0  668.2  159.0   50.0
  208   1.165668E+04   2.599955E+00   3.856E+12   3.927E+30   2.300E-03      1.737E-01   0.000E+00   0.000E+00   3.719E-01   0.000E+00   0.000E+00   0.000E+00   0.000E+00      2.039E+09   0.000E+00   0.000E+00   00000   1.000E+00   0.000E+00  1s0  649.2  159.0   50.0
  209   1.165718E+04   2.599957E+00   3.711E+12   3.786E+30   2.213E-03      1.732E-01   0.000E+00   0.000E+00   3.660E-01   0.000E+00   0.000E+00   0.000E+00   0.000E+00      1.984E+09   0.000E+00   0.000E+00   00000   1.000E+00   0.000E+00  1s0  631.0  159.0   50.0
  210   1.165768E+04   2.599958E+00   3.571E+12   3.645E+30   2.130E-03      1.726E-01   0.000E+00   0.000E+00   3.602E-01   0.000E+00   0.000E+00   0.000E+00   0.000E+00      1.929E+09   0.000E+00   0.000E+00   00000   1.000E+00   0.000E+00  1s0  613.5  159.0   50.0
  211   1.165818E+04   2.599960E+00   3.437E+12   3.504E+30   2.050E-03      1.720E-01   0.000E+00   0.000E+00   3.544E-01   0.000E+00   0.000E+00   0.000E+00   0.000E+00      1.875E+09   0.000E+00   0.000E+00   00000   1.000E+00   0.000E+00  1s0  596.7  159.0   50.0
  212   1.165869E+04   2.599962E+00   3.307E+12   3.363E+30   1.973E-03      1.714E-01   0.000E+00   0.000E+00   3.487E-01   0.000E+00   0.000E+00   0.000E+00   0.000E+00      1.822E+09   0.000E+00   0.000E+00   00000   1.000E+00   0.000E+00  1s0  580.4  159.0   50.0
  213   1.165919E+04   2.599963E+00   3.183E+12   3.222E+30   1.898E-03      1.707E-01   0.000E+00   0.000E+00   3.431E-01   0.000E+00   0.000E+00   0.000E+00   0.000E+00      1.769E+09   0.000E+00   0.000E+00   00000   1.000E+00   0.000E+00  1s0  564.8  159.0   50.0
  214   1.165969E+04   2.599965E+00   3.063E+12   3.081E+30   1.827E-03      1.701E-01   0.000E+00   0.000E+00   3.375E-01   0.000E+00   0.000E+00   0.000E+00   0.000E+00      1.718E+09   0.000E+00   0.000E+00   00000   1.000E+00   0.000E+00  1s0  549.8  159.0   50.0
  215   1.166020E+04   2.599966E+00   2.947E+12   2.940E+30   1.758E-03      1.694E-01   0.000E+00   0.000E+00   3.320E-01   0.000E+00   0.000E+00   0.000E+00   0.000E+00      1.668E+09   0.000E+00   0.000E+00   00000   1.000E+00   0.000E+00  1s0  535.4  159.0   50.0
  216   1.166068E+04   2.599968E+00   2.836E+12   2.815E+30   1.692E-03      1.687E-01   0.000E+00   0.000E+00   3.266E-01   0.000E+00   0.000E+00   0.000E+00   0.000E+00      1.618E+09   0.000E+00   0.000E+00   00000   1.000E+00   0.000E+00  1s0  521.4  159.0   50.0
  217   1.166109E+04   2.599969E+00   2.729E+12   2.748E+30   1.628E-03      1.680E-01   0.000E+00   0.000E+00   3.212E-01   0.000E+00   0.000E+00   0.000E+00   0.000E+00      1.570E+09   0.000E+00   0.000E+00   00000   1.000E+00   0.000E+00  1s0  508.1  159.0   50.0
  218   1.166151E+04   2.599969E+00   2.626E+12   2.681E+30   1.567E-03      1.554E-01   0.000E+00   0.000E+00   3.284E-01   0.000E+00   0.000E+00   0.000E+00   0.000E+00      1.635E+09   0.000E+00   0.000E+00   00000   1.000E+00   0.000E+00  1s0  494.2  117.0   40.0
  219   1.166192E+04   2.599970E+00   2.528E+12   2.614E+30   1.508E-03      1.550E-01   0.000E+00   0.000E+00   3.232E-01   0.000E+00   0.000E+00   0.000E+00   0.000E+00      1.588E+09   0.000E+00   0.000E+00   00000   1.000E+00   0.000E+00  1s0  479.3  117.0   40.0
  220   1.166234E+04   2.599971E+00   2.432E+12   2.547E+30   1.451E-03      1.546E-01   0.000E+00   0.000E+00   3.180E-01   0.000E+00   0.000E+00   0.000E+00   0.000E+00      1.542E+09   0.000E+00   0.000E+00   00000   1.000E+00   0.000E+00  1s0  464.9  117.0   40.0
  221   1.166275E+04   2.599972E+00   2.341E+12   2.479E+30   1.397E-03      1.542E-01   0.000E+00   0.000E+00   3.129E-01   0.000E+00   0.000E+00   0.000E+00   0.000E+00      1.496E+09   0.000E+00   0.000E+00   00000   1.000E+00   0.000E+00  1s0  451.1  117.0   40.0
  222   1.166317E+04   2.599972E+00   2.252E+12   2.412E+30   1.344E-03      1.538E-01   0.000E+00   0.000E+00   3.078E-01   0.000E+00   0.000E+00   0.000E+00   0.000E+00      1.452E+09   0.000E+00   0.000E+00   00000   1.000E+00   0.000E+00  1s0  437.8  117.0   40.0
  223   1.166358E+04   2.599973E+00   2.168E+12   2.345E+30   1.294E-03      1.533E-01   0.000E+00   0.000E+00   3.028E-01   0.000E+00   0.000E+00   0.000E+00   0.000E+00      1.408E+09   0.000E+00   0.000E+00   00000   1.000E+00   0.000E+00  1s0  424.9  117.0   40.0
  224   1.166400E+04   2.599974E+00   2.086E+12   2.278E+30   1.245E-03      1.529E-01   0.000E+00   0.000E+00   2.978E-01   0.000E+00   0.000E+00   0.000E+00   0.000E+00      1.366E+09   0.000E+00   0.000E+00   00000   1.000E+00   0.000E+00  1s0  412.6  117.0   40.0
  225   1.166441E+04   2.599975E+00   2.007E+12   2.211E+30   1.198E-03      1.524E-01   0.000E+00   0.000E+00   2.929E-01   0.000E+00   0.000E+00   0.000E+00   0.000E+00      1.324E+09   0.000E+00   0.000E+00   00000   1.000E+00   0.000E+00  1s0  400.8  117.0   40.0
  226   1.166483E+04   2.599975E+00   1.932E+12   2.144E+30   1.153E-03      1.519E-01   0.000E+00   0.000E+00   2.880E-01   0.000E+00   0.000E+00   0.000E+00   0.000E+00      1.283E+09   0.000E+00   0.000E+00   00000   1.000E+00   0.000E+00  1s0  389.4  117.0   40.0
  227   1.166524E+04   2.599976E+00   1.859E+12   2.076E+30   1.110E-03      1.514E-01   0.000E+00   0.000E+00   2.831E-01   0.000E+00   0.000E+00   0.000E+00   0.000E+00      1.243E+09   0.000E+00   0.000E+00   00000   1.000E+00   0.000E+00  1s0  378.4  117.0   40.0
  228   1.166566E+04   2.599977E+00   1.789E+12   2.009E+30   1.068E-03      1.509E-01   0.000E+00   0.000E+00   2.783E-01   0.000E+00   0.000E+00   0.000E+00   0.000E+00      1.203E+09   0.000E+00   0.000E+00   00000   1.000E+00   0.000E+00  1s0  367.8  117.0   40.0
  229   1.166607E+04   2.599978E+00   1.721E+12   1.942E+30   1.028E-03      1.504E-01   0.000E+00   0.000E+00   2.736E-01   0.000E+00   0.000E+00   0.000E+00   0.000E+00      1.165E+09   0.000E+00   0.000E+00   00000   1.000E+00   0.000E+00  1s0  357.6  117.0   40.0
  230   1.166649E+04   2.599978E+00   1.657E+12   1.875E+30   9.890E-04      1.499E-01   0.000E+00   0.000E+00   2.689E-01   0.000E+00   0.000E+00   0.000E+00   0.000E+00      1.126E+09   0.000E+00   0.000E+00   00000   1.000E+00   0.000E+00  1s0  347.9  117.0   40.0
  231   1.166690E+04   2.599979E+00   1.594E+12   1.808E+30   9.518E-04      1.493E-01   0.000E+00   0.000E+00   2.642E-01   0.000E+00   0.000E+00   0.000E+00   0.000E+00      1.089E+09   0.000E+00   0.000E+00   00000   1.000E+00   0.000E+00  1s0  338.4  117.0   40.0
  232   1.166735E+04   2.599980E+00   1.534E+12   1.751E+30   9.160E-04      1.488E-01   0.000E+00   0.000E+00   2.596E-01   0.000E+00   0.000E+00   0.000E+00   0.000E+00      1.052E+09   0.000E+00   0.000E+00   00000   1.000E+00   0.000E+00  1s0  329.4  117.0   40.0
  233   1.166785E+04   2.599980E+00   1.476E+12   1.707E+30   8.816E-04      1.482E-01   0.000E+00   0.000E+00   2.550E-01   0.000E+00   0.000E+00   0.000E+00   0.000E+00      1.016E+09   0.000E+00   0.000E+00   00000   1.000E+00   0.000E+00  1s0  320.6  117.0   40.0
  234   1.166834E+04   2.599981E+00   1.421E+12   1.664E+30   8.484E-04      1.476E-01   0.000E+00   0.000E+00   2.509E-01   0.000E+00   0.000E+00   0.000E+00   0.000E+00      9.839E+08   0.000E+00   0.000E+00   00000   1.000E+00   0.000E+00  1s0  312.3  116.0   40.0
  235   1.166884E+04   2.599981E+00   1.367E+12   1.620E+30   8.165E-04      1.470E-01   0.000E+00   0.000E+00   2.464E-01   0.000E+00   0.000E+00   0.000E+00   0.000E+00      9.489E+08   0.000E+00   0.000E+00   00000   1.000E+00   0.000E+00  1s0  304.3  116.0   40.0
  236   1.166934E+04   2.599982E+00   1.316E+12   1.577E+30   7.858E-04      1.464E-01   0.000E+00   0.000E+00   2.420E-01   0.000E+00   0.000E+00   0.000E+00   0.000E+00      9.145E+08   0.000E+00   0.000E+00   00000   1.000E+00   0.000E+00  1s0  296.6  116.0   40.0
  237   1.166983E+04   2.599982E+00   1.266E+12   1.533E+30   7.562E-04      1.458E-01   0.000E+00   0.000E+00   2.376E-01   0.000E+00   0.000E+00   0.000E+00   0.000E+00      8.805E+08   0.000E+00   0.000E+00   00000   1.000E+00   0.000E+00  1s0  289.2  116.0   40.0
  238   1.167033E+04   2.599983E+00   1.218E+12   1.490E+30   7.278E-04      1.451E-01   0.000E+00   0.000E+00   2.332E-01   0.000E+00   0.000E+00   0.000E+00   0.000E+00      8.470E+08   0.000E+00   0.000E+00   00000   1.000E+00   0.000E+00  1s0  282.1  116.0   40.0
  239   1.167082E+04   2.599983E+00   1.172E+12   1.446E+30   7.004E-04      1.445E-01   0.000E+00   0.000E+00   2.289E-01   0.000E+00   0.000E+00   0.000E+00   0.000E+00      8.139E+08   0.000E+00   0.000E+00   00000   1.000E+00   0.000E+00  1s0  275.2  116.0   40.0
  240   1.167132E+04   2.599984E+00   1.128E+12   1.402E+30   6.741E-04      1.438E-01   0.000E+00   0.000E+00   2.247E-01   0.000E+00   0.000E+00   0.000E+00   0.000E+00      7.812E+08   0.000E+00   0.000E+00   00000   1.000E+00   0.000E+00  1s0  268.6  116.0   40.0
  241   1.167182E+04   2.599984E+00   1.086E+12   1.359E+30   6.487E-04      1.431E-01   0.000E+00   0.000E+00   2.204E-01   0.000E+00   0.000E+00   0.000E+00   0.000E+00      7.490E+08   0.000E+00   0.000E+00   00000   1.000E+00   0.000E+00  1s0  262.2  116.0   40.0
  242   1.167231E+04   2.599985E+00   1.045E+12   1.315E+30   6.244E-04      1.424E-01   0.000E+00   0.000E+00   2.163E-01   0.000E+00   0.000E+00   0.000E+00   0.000E+00      7.171E+08   0.000E+00   0.000E+00   00000   1.000E+00   0.000E+00  1s0  256.1  116.0   40.0
  243   1.167281E+04   2.599985E+00   1.005E+12   1.272E+30   6.009E-04      1.417E-01   0.000E+00   0.000E+00   2.121E-01   0.000E+00   0.000E+00   0.000E+00   0.000E+00      6.855E+08   0.000E+00   0.000E+00   00000   1.000E+00   0.000E+00  1s0  250.2  116.0   40.0
  244   1.167331E+04   2.599986E+00   9.676E+11   1.228E+30   5.783E-04      1.410E-01   0.000E+00   0.000E+00   2.080E-01   0.000E+00   0.000E+00   0.000E+00   0.000E+00      6.543E+08   0.000E+00   0.000E+00   00000   1.000E+00   0.000E+00  1s0  244.6  116.0   40.0
  245   1.167380E+04   2.599986E+00   9.311E+11   1.185E+30   5.565E-04      1.402E-01   0.000E+00   0.000E+00   2.040E-01   0.000E+00   0.000E+00   0.000E+00   0.000E+00      6.234E+08   0.000E+00   0.000E+00   00000   1.000E+00   0.000E+00  1s0  239.1  116.0   40.0
  246   1.167430E+04   2.599987E+00   8.961E+11   1.141E+30   5.355E-04      1.395E-01   0.000E+00   0.000E+00   1.999E-01   0.000E+00   0.000E+00   0.000E+00   0.000E+00      5.929E+08   0.000E+00   0.000E+00   00000   1.000E+00   0.000E+00  1s0  233.9  116.0   40.0
  247   1.167477E+04   2.599987E+00   8.623E+11   1.104E+30   5.154E-04      1.387E-01   0.000E+00   0.000E+00   1.960E-01   0.000E+00   0.000E+00   0.000E+00   0.000E+00      5.626E+08   0.000E+00   0.000E+00   00000   1.000E+00   0.000E+00  1s0  228.8  116.0   40.0
  248   1.167517E+04   2.599987E+00   8.298E+11   1.084E+30   4.959E-04      1.379E-01   0.000E+00   0.000E+00   1.920E-01   0.000E+00   0.000E+00   0.000E+00   0.000E+00      5.327E+08   0.000E+00   0.000E+00   00000   1.000E+00   0.000E+00  1s0  224.0  116.0   40.0
  249   1.167558E+04   2.599988E+00   7.985E+11   1.064E+30   4.773E-04      1.371E-01   0.000E+00   0.000E+00   1.881E-01   0.000E+00   0.000E+00   0.000E+00   0.000E+00      5.032E+08   0.000E+00   0.000E+00   00000   1.000E+00   0.000E+00  1s0  219.3  116.0   40.0
  250   1.167598E+04   2.599988E+00   7.685E+11   1.045E+30   4.593E-04      1.363E-01   0.000E+00   0.000E+00   1.843E-01   0.000E+00   0.000E+00   0.000E+00   0.000E+00      4.742E+08   0.000E+00   0.000E+00   00000   1.000E+00   0.000E+00  1s0  214.8  116.0   40.0
  251   1.167639E+04   2.599988E+00   7.395E+11   1.025E+30   4.420E-04      1.355E-01   0.000E+00   0.000E+00   1.804E-01   0.000E+00   0.000E+00   0.000E+00   0.000E+00      4.458E+08   0.000E+00   0.000E+00   00000   1.000E+00   0.000E+00  1s0  210.5  116.0   40.0
  252   1.167679E+04   2.599988E+00   7.116E+11   1.005E+30   4.254E-04      1.347E-01   0.000E+00   0.000E+00   1.767E-01   0.000E+00   0.000E+00   0.000E+00   0.000E+00      4.179E+08   0.000E+00   0.000E+00   00000   1.000E+00   0.000E+00  1s0  206.3  116.0   40.0
  253   1.167720E+04   2.599989E+00   6.848E+11   9.850E+29   4.093E-04      1.338E-01   0.000E+00   0.000E+00   1.729E-01   0.000E+00   0.000E+00   0.000E+00   0.000E+00      3.906E+08   0.000E+00   0.000E+00   00000   1.000E+00   0.000E+00  1s0  202.3  116.0   40.0
  254   1.167760E+04   2.599989E+00   6.590E+11   9.652E+29   3.939E-04      1.330E-01   0.000E+00   0.000E+00   1.692E-01   0.000E+00   0.000E+00   0.000E+00   0.000E+00      3.638E+08   0.000E+00   0.000E+00   00000   1.000E+00   0.000E+00  1s0  198.4  116.0   40.0
  255   1.167801E+04   2.599989E+00   6.342E+11   9.453E+29   3.791E-04      1.322E-01   0.000E+00   0.000E+00   1.655E-01   0.000E+00   0.000E+00   0.000E+00   0.000E+00      3.374E+08   0.000E+00   0.000E+00   00000   1.000E+00   0.000E+00  1s0  194.5  116.0   40.0
  256   1.167841E+04   2.599989E+00   6.103E+11   9.255E+29   3.648E-04      1.313E-01   0.000E+00   0.000E+00   1.618E-01   0.000E+00   0.000E+00   0.000E+00   0.000E+00      3.118E+08   0.000E+00   0.000E+00   00000   1.000E+00   0.000E+00  1s0  190.8  116.0   40.0
  257   1.167882E+04   2.599990E+00   5.873E+11   9.056E+29   3.511E-04      1.305E-01   0.000E+00   0.000E+00   1.581E-01   0.000E+00   0.000E+00   0.000E+00   0.000E+00      2.869E+08   0.000E+00   0.000E+00   00000   1.000E+00   0.000E+00  1s0  187.2  116.0   40.0
  258   1.167922E+04   2.599990E+00   5.652E+11   8.858E+29   3.379E-04      1.296E-01   0.000E+00   0.000E+00   1.545E-01   0.000E+00   0.000E+00   0.000E+00   0.000E+00      2.628E+08   0.000E+00   0.000E+00   00000   1.000E+00   0.000E+00  1s0  183.8  116.0   40.0
  259   1.167963E+04   2.599990E+00   5.439E+11   8.659E+29   3.252E-04      1.287E-01   0.000E+00   0.000E+00   1.509E-01   0.000E+00   0.000E+00   0.000E+00   0.000E+00      2.395E+08   0.000E+00   0.000E+00   00000   1.000E+00   0.000E+00  1s0  180.5  116.0   40.0
  260   1.168004E+04   2.599990E+00   5.234E+11   8.460E+29   3.130E-04      1.287E-01   0.000E+00   0.000E+00   1.457E-01   0.000E+00   0.000E+00   0.000E+00   0.000E+00      2.064E+08   0.000E+00   0.000E+00   00000   1.000E+00   0.000E+00  1s0  174.1  116.0   40.0
  261   1.168044E+04   2.599990E+00   5.037E+11   8.262E+29   3.012E-04      1.287E-01   0.000E+00   0.000E+00   1.399E-01   0.000E+00   0.000E+00   0.000E+00   0.000E+00      1.719E+08   0.000E+00   0.000E+00   00000   1.000E+00   0.000E+00  1s0  167.4  116.0   40.0
  262   1.168085E+04   2.599991E+00   4.847E+11   8.063E+29   2.899E-04      1.287E-01   0.000E+00   0.000E+00   1.338E-01   0.000E+00   0.000E+00   0.000E+00   0.000E+00      1.379E+08   0.000E+00   0.000E+00   00000   1.000E+00   0.000E+00  1s0  160.9  116.0   40.0
  263   1.168125E+04   2.599991E+00   4.664E+11   7.865E+29   2.790E-04      1.288E-01   0.000E+00   0.000E+00   1.274E-01   0.000E+00   0.000E+00   0.000E+00   0.000E+00      1.046E+08   0.000E+00   0.000E+00   00000   1.000E+00   0.000E+00  1s0  154.7  116.0   40.0
  264   1.168166E+04   2.599991E+00   4.488E+11   7.666E+29   2.685E-04      1.288E-01   0.000E+00   0.000E+00   1.205E-01   0.000E+00   0.000E+00   0.000E+00   0.000E+00      7.237E+07   0.000E+00   0.000E+00   00000   1.000E+00   0.000E+00  1s0  148.8  116.0   40.0
  265   1.168206E+04   2.599991E+00   4.319E+11   7.468E+29   2.584E-04      1.289E-01   0.000E+00   0.000E+00   1.131E-01   0.000E+00   0.000E+00   0.000E+00   0.000E+00      4.172E+07   0.000E+00   0.000E+00   00000   1.000E+00   0.000E+00  1s0  143.0  116.0   40.0
  266   1.168247E+04   2.599992E+00   4.157E+11   7.269E+29   2.487E-04      1.289E-01   0.000E+00   0.000E+00   1.048E-01   0.000E+00   0.000E+00   0.000E+00   0.000E+00      1.351E+07   0.000E+00   0.000E+00   00000   1.000E+00   0.000E+00  1s0  137.5  116.0   40.0
  267   1.168287E+04   2.599992E+00   4.000E+11   7.071E+29   2.394E-04      1.290E-01   0.000E+00   0.000E+00   9.542E-02   0.000E+00   0.000E+00   0.000E+00   0.000E+00      8.963E+03   0.000E+00   0.000E+00   00000   1.000E+00   0.000E+00  1s0  132.2  116.0   40.0
  268   1.168352E+04   2.599992E+00   3.849E+11   6.857E+29   2.304E-04      1.280E-01   0.000E+00   0.000E+00   0.000E+00   0.000E+00   0.000E+00   0.000E+00   0.000E+00      0.000E+00   0.000E+00   0.000E+00   00000   0.000E+00   0.000E+00       130.0  130.0   40.0
  269   1.168453E+04   2.599992E+00   3.704E+11   6.620E+29   2.217E-04      1.264E-01   0.000E+00   0.000E+00   0.000E+00   0.000E+00   0.000E+00   0.000E+00   0.000E+00      0.000E+00   0.000E+00   0.000E+00   00000   0.000E+00   0.000E+00       130.0  130.0   40.0
  270   1.168554E+04   2.599993E+00   3.564E+11   6.384E+29   2.133E-04      1.248E-01   0.000E+00   0.000E+00   0.000E+00   0.000E+00   0.000E+00   0.000E+00   0.000E+00      0.000E+00   0.000E+00   0.000E+00   00000   0.000E+00   0.000E+00       130.0  130.0   40.0
  271   1.168655E+04   2.599993E+00   3.430E+11   6.147E+29   2.053E-04      1.232E-01   0.000E+00   0.000E+00   0.000E+00   0.000E+00   0.000E+00   0.000E+00   0.000E+00      0.000E+00   0.000E+00   0.000E+00   00000   0.000E+00   0.000E+00       130.0  130.0   40.0
  272   1.168756E+04   2.599993E+00   3.301E+11   5.911E+29   1.975E-04      1.216E-01   0.000E+00   0.000E+00   0.000E+00   0.000E+00   0.000E+00   0.000E+00   0.000E+00      0.000E+00   0.000E+00   0.000E+00   00000   0.000E+00   0.000E+00       130.0  130.0   40.0
  273   1.168857E+04   2.599993E+00   3.176E+11   5.675E+29   1.901E-04      1.214E-01   0.000E+00   0.000E+00   0.000E+00   0.000E+00   0.000E+00   0.000E+00   0.000E+00      0.000E+00   0.000E+00   0.000E+00   00000   0.000E+00   0.000E+00        88.0   88.0   28.0
  274   1.168958E+04   2.599994E+00   3.057E+11   5.438E+29   1.830E-04      1.199E-01   0.000E+00   0.000E+00   0.000E+00   0.000E+00   0.000E+00   0.000E+00   0.000E+00      0.000E+00   0.000E+00   0.000E+00   00000   0.000E+00   0.000E+00        88.0   88.0   28.0
  275   1.169059E+04   2.599994E+00   2.941E+11   5.202E+29   1.761E-04      1.184E-01   0.000E+00   0.000E+00   0.000E+00   0.000E+00   0.000E+00   0.000E+00   0.000E+00      0.000E+00   0.000E+00   0.000E+00   00000   0.000E+00   0.000E+00        88.0   88.0   28.0
  276   1.169160E+04   2.599994E+00   2.831E+11   4.965E+29   1.695E-04      1.169E-01   0.000E+00   0.000E+00   0.000E+00   0.000E+00   0.000E+00   0.000E+00   0.000E+00      0.000E+00   0.000E+00   0.000E+00   00000   0.000E+00   0.000E+00        88.0   88.0   28.0
  277   1.169260E+04   2.599994E+00   2.724E+11   4.729E+29   1.631E-04      1.154E-01   0.000E+00   0.000E+00   0.000E+00   0.000E+00   0.000E+00   0.000E+00   0.000E+00      0.000E+00   0.000E+00   0.000E+00   00000   0.000E+00   0.000E+00        88.0   88.0   28.0
  278   1.169361E+04   2.599995E+00   2.621E+11   4.493E+29   1.570E-04      1.148E-01   0.000E+00   0.000E+00   0.000E+00   0.000E+00   0.000E+00   0.000E+00   0.000E+00      0.000E+00   0.000E+00   0.000E+00   00000   0.000E+00   0.000E+00        86.0   86.0   28.0
  279   1.169462E+04   2.599995E+00   2.522E+11   4.256E+29   1.511E-04      1.133E-01   0.000E+00   0.000E+00   0.000E+00   0.000E+00   0.000E+00   0.000E+00   0.000E+00      0.000E+00   0.000E+00   0.000E+00   00000   0.000E+00   0.000E+00        86.0   86.0   28.0
  280   1.169565E+04   2.599995E+00   2.427E+11   4.073E+29   1.454E-04      1.119E-01   0.000E+00   0.000E+00   0.000E+00   0.000E+00   0.000E+00   0.000E+00   0.000E+00      0.000E+00   0.000E+00   0.000E+00   00000   0.000E+00   0.000E+00        86.0   86.0   28.0
  281   1.169669E+04   2.599995E+00   2.336E+11   3.916E+29   1.399E-04      1.105E-01   0.000E+00   0.000E+00   0.000E+00   0.000E+00   0.000E+00   0.000E+00   0.000E+00      0.000E+00   0.000E+00   0.000E+00   00000   0.000E+00   0.000E+00        86.0   86.0   28.0
  282   1.169772E+04   2.599996E+00   2.248E+11   3.758E+29   1.346E-04      1.091E-01   0.000E+00   0.000E+00   0.000E+00   0.000E+00   0.000E+00   0.000E+00   0.000E+00      0.000E+00   0.000E+00   0.000E+00   00000   0.000E+00   0.000E+00        86.0   86.0   28.0
  283   1.169876E+04   2.599996E+00   2.163E+11   3.601E+29   1.295E-04      1.077E-01   0.000E+00   0.000E+00   0.000E+00   0.000E+00   0.000E+00   0.000E+00   0.000E+00      0.000E+00   0.000E+00   0.000E+00   00000   0.000E+00   0.000E+00        86.0   86.0   28.0
  284   1.169979E+04   2.599996E+00   2.081E+11   3.444E+29   1.246E-04      1.063E-01   0.000E+00   0.000E+00   0.000E+00   0.000E+00   0.000E+00   0.000E+00   0.000E+00      0.000E+00   0.000E+00   0.000E+00   00000   0.000E+00   0.000E+00        86.0   86.0   28.0
  285   1.170083E+04   2.599996E+00   2.003E+11   3.287E+29   1.200E-04      1.058E-01   0.000E+00   0.000E+00   0.000E+00   0.000E+00   0.000E+00   0.000E+00   0.000E+00      0.000E+00   0.000E+00   0.000E+00   00000   0.000E+00   0.000E+00        84.0   84.0   28.0
  286   1.170187E+04   2.599996E+00   1.927E+11   3.129E+29   1.155E-04      1.045E-01   0.000E+00   0.000E+00   0.000E+00   0.000E+00   0.000E+00   0.000E+00   0.000E+00      0.000E+00   0.000E+00   0.000E+00   00000   0.000E+00   0.000E+00        84.0   84.0   28.0
  287   1.170290E+04   2.599997E+00   1.855E+11   2.972E+29   1.111E-04      1.031E-01   0.000E+00   0.000E+00   0.000E+00   0.000E+00   0.000E+00   0.000E+00   0.000E+00      0.000E+00   0.000E+00   0.000E+00   00000   0.000E+00   0.000E+00        84.0   84.0   28.0
  288   1.170394E+04   2.599997E+00   1.785E+11   2.815E+29   1.069E-04      1.018E-01   0.000E+00   0.000E+00   0.000E+00   0.000E+00   0.000E+00   0.000E+00   0.000E+00      0.000E+00   0.000E+00   0.000E+00   00000   0.000E+00   0.000E+00        84.0   84.0   28.0
  289   1.170497E+04   2.599997E+00   1.718E+11   2.658E+29   1.029E-04      1.005E-01   0.000E+00   0.000E+00   0.000E+00   0.000E+00   0.000E+00   0.000E+00   0.000E+00      0.000E+00   0.000E+00   0.000E+00   00000   0.000E+00   0.000E+00        84.0   84.0   28.0
  290   1.170601E+04   2.599997E+00   1.653E+11   2.500E+29   9.902E-05      9.924E-02   0.000E+00   0.000E+00   0.000E+00   0.000E+00   0.000E+00   0.000E+00   0.000E+00      0.000E+00   0.000E+00   0.000E+00   00000   0.000E+00   0.000E+00        84.0   84.0   28.0
  291   1.170692E+04   2.599997E+00   1.591E+11   2.401E+29   9.530E-05      9.798E-02   0.000E+00   0.000E+00   0.000E+00   0.000E+00   0.000E+00   0.000E+00   0.000E+00      0.000E+00   0.000E+00   0.000E+00   00000   0.000E+00   0.000E+00        84.0   84.0   28.0
  292   1.170782E+04   2.599997E+00   1.531E+11   2.313E+29   9.171E-05      9.673E-02   0.000E+00   0.000E+00   0.000E+00   0.000E+00   0.000E+00   0.000E+00   0.000E+00      0.000E+00   0.000E+00   0.000E+00   00000   0.000E+00   0.000E+00        84.0   84.0   28.0
  293   1.170871E+04   2.599997E+00   1.473E+11   2.224E+29   8.827E-05      9.551E-02   0.000E+00   0.000E+00   0.000E+00   0.000E+00   0.000E+00   0.000E+00   0.000E+00      0.000E+00   0.000E+00   0.000E+00   00000   0.000E+00   0.000E+00        84.0   84.0   28.0
  294   1.170960E+04   2.599997E+00   1.417E+11   2.136E+29   8.495E-05      9.429E-02   0.000E+00   0.000E+00   0.000E+00   0.000E+00   0.000E+00   0.000E+00   0.000E+00      0.000E+00   0.000E+00   0.000E+00   00000   0.000E+00   0.000E+00        84.0   84.0   28.0
  295   1.171049E+04   2.599998E+00   1.364E+11   2.047E+29   8.175E-05      9.385E-02   0.000E+00   0.000E+00   0.000E+00   0.000E+00   0.000E+00   0.000E+00   0.000E+00      0.000E+00   0.000E+00   0.000E+00   00000   0.000E+00   0.000E+00        82.0   82.0   28.0
  296   1.171138E+04   2.599998E+00   1.313E+11   1.959E+29   7.868E-05      9.266E-02   0.000E+00   0.000E+00   0.000E+00   0.000E+00   0.000E+00   0.000E+00   0.000E+00      0.000E+00   0.000E+00   0.000E+00   00000   0.000E+00   0.000E+00        82.0   82.0   28.0
  297   1.171228E+04   2.599998E+00   1.263E+11   1.870E+29   7.572E-05      9.148E-02   0.000E+00   0.000E+00   0.000E+00   0.000E+00   0.000E+00   0.000E+00   0.000E+00      0.000E+00   0.000E+00   0.000E+00   00000   0.000E+00   0.000E+00        82.0   82.0   28.0
  298   1.171317E+04   2.599998E+00   1.215E+11   1.782E+29   7.288E-05      9.032E-02   0.000E+00   0.000E+00   0.000E+00   0.000E+00   0.000E+00   0.000E+00   0.000E+00      0.000E+00   0.000E+00   0.000E+00   00000   0.000E+00   0.000E+00        82.0   82.0   28.0
  299   1.171406E+04   2.599998E+00   1.170E+11   1.694E+29   7.014E-05      8.918E-02   0.000E+00   0.000E+00   0.000E+00   0.000E+00   0.000E+00   0.000E+00   0.000E+00      0.000E+00   0.000E+00   0.000E+00   00000   0.000E+00   0.000E+00        82.0   82.0   28.0
  300   1.171495E+04   2.599998E+00   1.126E+11   1.605E+29   6.751E-05      8.805E-02   0.000E+00   0.000E+00   0.000E+00   0.000E+00   0.000E+00   0.000E+00   0.000E+00      0.000E+00   0.000E+00   0.000E+00   00000   0.000E+00   0.000E+00        82.0   82.0   28.0
  301   1.171584E+04   2.599998E+00   1.083E+11   1.517E+29   6.497E-05      8.693E-02   0.000E+00   0.000E+00   0.000E+00   0.000E+00   0.000E+00   0.000E+00   0.000E+00      0.000E+00   0.000E+00   0.000E+00   00000   0.000E+00   0.000E+00        82.0   82.0   28.0
  302   1.171672E+04   2.599998E+00   1.042E+11   1.445E+29   6.253E-05      8.653E-02   0.000E+00   0.000E+00   0.000E+00   0.000E+00   0.000E+00   0.000E+00   0.000E+00      0.000E+00   0.000E+00   0.000E+00   00000   0.000E+00   0.000E+00        80.0   80.0   28.0
  303   1.171758E+04   2.599998E+00   1.003E+11   1.389E+29   6.017E-05      8.543E-02   0.000E+00   0.000E+00   0.000E+00   0.000E+00   0.000E+00   0.000E+00   0.000E+00      0.000E+00   0.000E+00   0.000E+00   00000   0.000E+00   0.000E+00        80.0   80.0   28.0
  304   1.171844E+04   2.599998E+00   9.652E+10   1.334E+29   5.791E-05      8.435E-02   0.000E+00   0.000E+00   0.000E+00   0.000E+00   0.000E+00   0.000E+00   0.000E+00      0.000E+00   0.000E+00   0.000E+00   00000   0.000E+00   0.000E+00        80.0   80.0   28.0
  305   1.171931E+04   2.599998E+00   9.288E+10   1.279E+29   5.573E-05      8.327E-02   0.000E+00   0.000E+00   0.000E+00   0.000E+00   0.000E+00   0.000E+00   0.000E+00      0.000E+00   0.000E+00   0.000E+00   00000   0.000E+00   0.000E+00        80.0   80.0   28.0
  306   1.172017E+04   2.599999E+00   8.938E+10   1.223E+29   5.363E-05      8.222E-02   0.000E+00   0.000E+00   0.000E+00   0.000E+00   0.000E+00   0.000E+00   0.000E+00      0.000E+00   0.000E+00   0.000E+00   00000   0.000E+00   0.000E+00        80.0   80.0   28.0
  307   1.172103E+04   2.599999E+00   8.601E+10   1.168E+29   5.161E-05      8.117E-02   0.000E+00   0.000E+00   0.000E+00   0.000E+00   0.000E+00   0.000E+00   0.000E+00      0.000E+00   0.000E+00   0.000E+00   00000   0.000E+00   0.000E+00        80.0   80.0   28.0
  308   1.172189E+04   2.599999E+00   8.277E+10   1.113E+29   4.966E-05      8.082E-02   0.000E+00   0.000E+00   0.000E+00   0.000E+00   0.000E+00   0.000E+00   0.000E+00      0.000E+00   0.000E+00   0.000E+00   00000   0.000E+00   0.000E+00        78.0   78.0   28.0
  309   1.172275E+04   2.599999E+00   7.965E+10   1.057E+29   4.779E-05      7.979E-02   0.000E+00   0.000E+00   0.000E+00   0.000E+00   0.000E+00   0.000E+00   0.000E+00      0.000E+00   0.000E+00   0.000E+00   00000   0.000E+00   0.000E+00        78.0   78.0   28.0
  310   1.172361E+04   2.599999E+00   7.664E+10   1.002E+29   4.599E-05      7.877E-02   0.000E+00   0.000E+00   0.000E+00   0.000E+00   0.000E+00   0.000E+00   0.000E+00      0.000E+00   0.000E+00   0.000E+00   00000   0.000E+00   0.000E+00        78.0   78.0   28.0
  311   1.172448E+04   2.599999E+00   7.375E+10   9.468E+28   4.426E-05      7.777E-02   0.000E+00   0.000E+00   0.000E+00   0.000E+00   0.000E+00   0.000E+00   0.000E+00      0.000E+00   0.000E+00   0.000E+00   00000   0.000E+00   0.000E+00        78.0   78.0   28.0
  312   1.172534E+04   2.599999E+00   7.097E+10   8.915E+28   4.259E-05      7.678E-02   0.000E+00   0.000E+00   0.000E+00   0.000E+00   0.000E+00   0.000E+00   0.000E+00      0.000E+00   0.000E+00   0.000E+00   00000   0.000E+00   0.000E+00        78.0   78.0   28.0
  313   1.172613E+04   2.599999E+00   6.830E+10   8.512E+28   4.099E-05      7.581E-02   0.000E+00   0.000E+00   0.000E+00   0.000E+00   0.000E+00   0.000E+00   0.000E+00      0.000E+00   0.000E+00   0.000E+00   00000   0.000E+00   0.000E+00        78.0   78.0   28.0
  314   1.172690E+04   2.599999E+00   6.572E+10   8.185E+28   3.944E-05      7.484E-02   0.000E+00   0.000E+00   0.000E+00   0.000E+00   0.000E+00   0.000E+00   0.000E+00      0.000E+00   0.000E+00   0.000E+00   00000   0.000E+00   0.000E+00        78.0   78.0   28.0
  315   1.172767E+04   2.599999E+00   6.325E+10   7.859E+28   3.796E-05      7.389E-02   0.000E+00   0.000E+00   0.000E+00   0.000E+00   0.000E+00   0.000E+00   0.000E+00      0.000E+00   0.000E+00   0.000E+00   00000   0.000E+00   0.000E+00        78.0   78.0   28.0
  316   1.172843E+04   2.599999E+00   6.086E+10   7.532E+28   3.653E-05      7.295E-02   0.000E+00   0.000E+00   0.000E+00   0.000E+00   0.000E+00   0.000E+00   0.000E+00      0.000E+00   0.000E+00   0.000E+00   00000   0.000E+00   0.000E+00        78.0   78.0   28.0
  317   1.172920E+04   2.599999E+00   5.857E+10   7.206E+28   3.515E-05      7.202E-02   0.000E+00   0.000E+00   0.000E+00   0.000E+00   0.000E+00   0.000E+00   0.000E+00      0.000E+00   0.000E+00   0.000E+00   00000   0.000E+00   0.000E+00        78.0   78.0   28.0
  318   1.172996E+04   2.599999E+00   5.636E+10   6.879E+28   3.383E-05      7.111E-02   0.000E+00   0.000E+00   0.000E+00   0.000E+00   0.000E+00   0.000E+00   0.000E+00      0.000E+00   0.000E+00   0.000E+00   00000   0.000E+00   0.000E+00        78.0   78.0   28.0
  319   1.173073E+04   2.599999E+00   5.423E+10   6.552E+28   3.255E-05      7.020E-02   0.000E+00   0.000E+00   0.000E+00   0.000E+00   0.000E+00   0.000E+00   0.000E+00      0.000E+00   0.000E+00   0.000E+00   00000   0.000E+00   0.000E+00        78.0   78.0   28.0
  320   1.173149E+04   2.599999E+00   5.219E+10   6.226E+28   3.133E-05      6.931E-02   0.000E+00   0.000E+00   0.000E+00   0.000E+00   0.000E+00   0.000E+00   0.000E+00      0.000E+00   0.000E+00   0.000E+00   00000   0.000E+00   0.000E+00        78.0   78.0   28.0
  321   1.173226E+04   2.599999E+00   5.022E+10   5.899E+28   3.015E-05      6.843E-02   0.000E+00   0.000E+00   0.000E+00   0.000E+00   0.000E+00   0.000E+00   0.000E+00      0.000E+00   0.000E+00   0.000E+00   00000   0.000E+00   0.000E+00        78.0   78.0   28.0
  322   1.173302E+04   2.599999E+00   4.833E+10   5.572E+28   2.902E-05      6.756E-02   0.000E+00   0.000E+00   0.000E+00   0.000E+00   0.000E+00   0.000E+00   0.000E+00      0.000E+00   0.000E+00   0.000E+00   00000   0.000E+00   0.000E+00        78.0   78.0   28.0
  323   1.173379E+04   2.599999E+00   4.651E+10   5.246E+28   2.793E-05      6.671E-02   0.000E+00   0.000E+00   0.000E+00   0.000E+00   0.000E+00   0.000E+00   0.000E+00      0.000E+00   0.000E+00   0.000E+00   00000   0.000E+00   0.000E+00        78.0   78.0   28.0
  324   1.173452E+04   2.599999E+00   4.475E+10   5.006E+28   2.688E-05      6.586E-02   0.000E+00   0.000E+00   0.000E+00   0.000E+00   0.000E+00   0.000E+00   0.000E+00      0.000E+00   0.000E+00   0.000E+00   00000   0.000E+00   0.000E+00        78.0   78.0   28.0
  325   1.173523E+04   2.599999E+00   4.307E+10   4.810E+28   2.587E-05      6.502E-02   0.000E+00   0.000E+00   0.000E+00   0.000E+00   0.000E+00   0.000E+00   0.000E+00      0.000E+00   0.000E+00   0.000E+00   00000   0.000E+00   0.000E+00        78.0   78.0   28.0
  326   1.173593E+04   2.599999E+00   4.144E+10   4.614E+28   2.489E-05      6.514E-02   0.000E+00   0.000E+00   0.000E+00   0.000E+00   0.000E+00   0.000E+00   0.000E+00      0.000E+00   0.000E+00   0.000E+00   00000   0.000E+00   0.000E+00        80.0   80.0   30.0
  327   1.173664E+04   2.599999E+00   3.988E+10   4.418E+28   2.395E-05      6.431E-02   0.000E+00   0.000E+00   0.000E+00   0.000E+00   0.000E+00   0.000E+00   0.000E+00      0.000E+00   0.000E+00   0.000E+00   00000   0.000E+00   0.000E+00        80.0   80.0   30.0
  328   1.173735E+04   2.599999E+00   3.838E+10   4.222E+28   2.305E-05      6.349E-02   0.000E+00   0.000E+00   0.000E+00   0.000E+00   0.000E+00   0.000E+00   0.000E+00      0.000E+00   0.000E+00   0.000E+00   00000   0.000E+00   0.000E+00        80.0   80.0   30.0
  329   1.173806E+04   2.600000E+00   3.693E+10   4.026E+28   2.218E-05      6.268E-02   0.000E+00   0.000E+00   0.000E+00   0.000E+00   0.000E+00   0.000E+00   0.000E+00      0.000E+00   0.000E+00   0.000E+00   00000   0.000E+00   0.000E+00        80.0   80.0   30.0
  330   1.173877E+04   2.600000E+00   3.554E+10   3.830E+28   2.134E-05      6.188E-02   0.000E+00   0.000E+00   0.000E+00   0.000E+00   0.000E+00   0.000E+00   0.000E+00      0.000E+00   0.000E+00   0.000E+00   00000   0.000E+00   0.000E+00        80.0   80.0   30.0
  331   1.173948E+04   2.600000E+00   3.420E+10   3.634E+28   2.054E-05      6.109E-02   0.000E+00   0.000E+00   0.000E+00   0.000E+00   0.000E+00   0.000E+00   0.000E+00      0.000E+00   0.000E+00   0.000E+00   00000   0.000E+00   0.000E+00        80.0   80.0   30.0
  332   1.174019E+04   2.600000E+00   3.291E+10   3.438E+28   1.976E-05      6.032E-02   0.000E+00   0.000E+00   0.000E+00   0.000E+00   0.000E+00   0.000E+00   0.000E+00      0.000E+00   0.000E+00   0.000E+00   00000   0.000E+00   0.000E+00        80.0   80.0   30.0
  333   1.174090E+04   2.600000E+00   3.167E+10   3.242E+28   1.902E-05      5.955E-02   0.000E+00   0.000E+00   0.000E+00   0.000E+00   0.000E+00   0.000E+00   0.000E+00      0.000E+00   0.000E+00   0.000E+00   00000   0.000E+00   0.000E+00        80.0   80.0   30.0
  334   1.174160E+04   2.600000E+00   3.048E+10   3.046E+28   1.830E-05      5.879E-02   0.000E+00   0.000E+00   0.000E+00   0.000E+00   0.000E+00   0.000E+00   0.000E+00      0.000E+00   0.000E+00   0.000E+00   00000   0.000E+00   0.000E+00        80.0   80.0   30.0
  335   1.174222E+04   2.600000E+00   2.933E+10   2.930E+28   1.762E-05      5.805E-02   0.000E+00   0.000E+00   0.000E+00   0.000E+00   0.000E+00   0.000E+00   0.000E+00      0.000E+00   0.000E+00   0.000E+00   00000   0.000E+00   0.000E+00        80.0   80.0   30.0
  336   1.174284E+04   2.600000E+00   2.822E+10   2.817E+28   1.695E-05      5.731E-02   0.000E+00   0.000E+00   0.000E+00   0.000E+00   0.000E+00   0.000E+00   0.000E+00      0.000E+00   0.000E+00   0.000E+00   00000   0.000E+00   0.000E+00        80.0   80.0   30.0
  337   1.174345E+04   2.600000E+00   2.716E+10   2.704E+28   1.632E-05      5.659E-02   0.000E+00   0.000E+00   0.000E+00   0.000E+00   0.000E+00   0.000E+00   0.000E+00      0.000E+00   0.000E+00   0.000E+00   00000   0.000E+00   0.000E+00        80.0   80.0   30.0
  338   1.174406E+04   2.600000E+00   2.613E+10   2.592E+28   1.570E-05      5.587E-02   0.000E+00   0.000E+00   0.000E+00   0.000E+00   0.000E+00   0.000E+00   0.000E+00      0.000E+00   0.000E+00   0.000E+00   00000   0.000E+00   0.000E+00        80.0   80.0   30.0
  339   1.174468E+04   2.600000E+00   2.515E+10   2.479E+28   1.511E-05      5.516E-02   0.000E+00   0.000E+00   0.000E+00   0.000E+00   0.000E+00   0.000E+00   0.000E+00      0.000E+00   0.000E+00   0.000E+00   00000   0.000E+00   0.000E+00        80.0   80.0   30.0
  340   1.174529E+04   2.600000E+00   2.420E+10   2.366E+28   1.454E-05      5.445E-02   0.000E+00   0.000E+00   0.000E+00   0.000E+00   0.000E+00   0.000E+00   0.000E+00      0.000E+00   0.000E+00   0.000E+00   00000   0.000E+00   0.000E+00        80.0   80.0   30.0
  341   1.174591E+04   2.600000E+00   2.329E+10   2.253E+28   1.399E-05      5.376E-02   0.000E+00   0.000E+00   0.000E+00   0.000E+00   0.000E+00   0.000E+00   0.000E+00      0.000E+00   0.000E+00   0.000E+00   00000   0.000E+00   0.000E+00        80.0   80.0   30.0
  342   1.174652E+04   2.600000E+00   2.241E+10   2.140E+28   1.347E-05      5.308E-02   0.000E+00   0.000E+00   0.000E+00   0.000E+00   0.000E+00   0.000E+00   0.000E+00      0.000E+00   0.000E+00   0.000E+00   00000   0.000E+00   0.000E+00        80.0   80.0   30.0
  343   1.174713E+04   2.600000E+00   2.157E+10   2.028E+28   1.296E-05      5.240E-02   0.000E+00   0.000E+00   0.000E+00   0.000E+00   0.000E+00   0.000E+00   0.000E+00      0.000E+00   0.000E+00   0.000E+00   00000   0.000E+00   0.000E+00        80.0   80.0   30.0
  344   1.174775E+04   2.600000E+00   2.075E+10   1.915E+28   1.247E-05      5.217E-02   0.000E+00   0.000E+00   0.000E+00   0.000E+00   0.000E+00   0.000E+00   0.000E+00      0.000E+00   0.000E+00   0.000E+00   00000   0.000E+00   0.000E+00        78.0   78.0   30.0
  345   1.174836E+04   2.600000E+00   1.997E+10   1.802E+28   1.200E-05      5.151E-02   0.000E+00   0.000E+00   0.000E+00   0.000E+00   0.000E+00   0.000E+00   0.000E+00      0.000E+00   0.000E+00   0.000E+00   00000   0.000E+00   0.000E+00        78.0   78.0   30.0
  346   1.174891E+04   2.600000E+00   1.922E+10   1.734E+28   1.155E-05      5.086E-02   0.000E+00   0.000E+00   0.000E+00   0.000E+00   0.000E+00   0.000E+00   0.000E+00      0.000E+00   0.000E+00   0.000E+00   00000   0.000E+00   0.000E+00        78.0   78.0   30.0
  347   1.174945E+04   2.600000E+00   1.849E+10   1.669E+28   1.112E-05      5.021E-02   0.000E+00   0.000E+00   0.000E+00   0.000E+00   0.000E+00   0.000E+00   0.000E+00      0.000E+00   0.000E+00   0.000E+00   00000   0.000E+00   0.000E+00        78.0   78.0   30.0
  348   1.174998E+04   2.600000E+00   1.780E+10   1.605E+28   1.070E-05      4.957E-02   0.000E+00   0.000E+00   0.000E+00   0.000E+00   0.000E+00   0.000E+00   0.000E+00      0.000E+00   0.000E+00   0.000E+00   00000   0.000E+00   0.000E+00        78.0   78.0   30.0
  349   1.175052E+04   2.600000E+00   1.713E+10   1.541E+28   1.030E-05      4.894E-02   0.000E+00   0.000E+00   0.000E+00   0.000E+00   0.000E+00   0.000E+00   0.000E+00      0.000E+00   0.000E+00   0.000E+00   00000   0.000E+00   0.000E+00        78.0   78.0   30.0
  350   1.175106E+04   2.600000E+00   1.648E+10   1.477E+28   9.909E-06      4.850E-02   0.000E+00   0.000E+00   0.000E+00   0.000E+00   0.000E+00   0.000E+00   0.000E+00      0.000E+00   0.000E+00   0.000E+00   00000   0.000E+00   0.000E+00        72.0   72.0   28.0
  351   1.175160E+04   2.600000E+00   1.586E+10   1.413E+28   9.535E-06      4.788E-02   0.000E+00   0.000E+00   0.000E+00   0.000E+00   0.000E+00   0.000E+00   0.000E+00      0.000E+00   0.000E+00   0.000E+00   00000   0.000E+00   0.000E+00        72.0   72.0   28.0
  352   1.175214E+04   2.600000E+00   1.526E+10   1.348E+28   9.175E-06      4.727E-02   0.000E+00   0.000E+00   0.000E+00   0.000E+00   0.000E+00   0.000E+00   0.000E+00      0.000E+00   0.000E+00   0.000E+00   00000   0.000E+00   0.000E+00        72.0   72.0   28.0
  353   1.175268E+04   2.600000E+00   1.469E+10   1.284E+28   8.829E-06      4.667E-02   0.000E+00   0.000E+00   0.000E+00   0.000E+00   0.000E+00   0.000E+00   0.000E+00      0.000E+00   0.000E+00   0.000E+00   00000   0.000E+00   0.000E+00        72.0   72.0   28.0
  354   1.175321E+04   2.600000E+00   1.413E+10   1.220E+28   8.496E-06      4.608E-02   0.000E+00   0.000E+00   0.000E+00   0.000E+00   0.000E+00   0.000E+00   0.000E+00      0.000E+00   0.000E+00   0.000E+00   00000   0.000E+00   0.000E+00        72.0   72.0   28.0
  355   1.175375E+04   2.600000E+00   1.360E+10   1.156E+28   8.176E-06      4.549E-02   0.000E+00   0.000E+00   0.000E+00   0.000E+00   0.000E+00   0.000E+00   0.000E+00      0.000E+00   0.000E+00   0.000E+00   00000   0.000E+00   0.000E+00        72.0   72.0   28.0
  356   1.175429E+04   2.600000E+00   1.309E+10   1.092E+28   7.867E-06      4.491E-02   0.000E+00   0.000E+00   0.000E+00   0.000E+00   0.000E+00   0.000E+00   0.000E+00      0.000E+00   0.000E+00   0.000E+00   00000   0.000E+00   0.000E+00        72.0   72.0   28.0
  357   1.175483E+04   2.600000E+00   1.259E+10   1.039E+28   7.571E-06      4.493E-02   0.000E+00   0.000E+00   0.000E+00   0.000E+00   0.000E+00   0.000E+00   0.000E+00      0.000E+00   0.000E+00   0.000E+00   00000   0.000E+00   0.000E+00        84.0   84.0   34.0
  358   1.175537E+04   2.600000E+00   1.212E+10   9.968E+27   7.285E-06      4.436E-02   0.000E+00   0.000E+00   0.000E+00   0.000E+00   0.000E+00   0.000E+00   0.000E+00      0.000E+00   0.000E+00   0.000E+00   00000   0.000E+00   0.000E+00        84.0   84.0   34.0
  359   1.175591E+04   2.600000E+00   1.166E+10   9.546E+27   7.010E-06      4.380E-02   0.000E+00   0.000E+00   0.000E+00   0.000E+00   0.000E+00   0.000E+00   0.000E+00      0.000E+00   0.000E+00   0.000E+00   00000   0.000E+00   0.000E+00        84.0   84.0   34.0
  360   1.175646E+04   2.600000E+00   1.122E+10   9.124E+27   6.746E-06      4.324E-02   0.000E+00   0.000E+00   0.000E+00   0.000E+00   0.000E+00   0.000E+00   0.000E+00      0.000E+00   0.000E+00   0.000E+00   00000   0.000E+00   0.000E+00        84.0   84.0   34.0
  361   1.175700E+04   2.600000E+00   1.080E+10   8.703E+27   6.491E-06      4.269E-02   0.000E+00   0.000E+00   0.000E+00   0.000E+00   0.000E+00   0.000E+00   0.000E+00      0.000E+00   0.000E+00   0.000E+00   00000   0.000E+00   0.000E+00        84.0   84.0   34.0
  362   1.175754E+04   2.600000E+00   1.039E+10   8.281E+27   6.246E-06      4.215E-02   0.000E+00   0.000E+00   0.000E+00   0.000E+00   0.000E+00   0.000E+00   0.000E+00      0.000E+00   0.000E+00   0.000E+00   00000   0.000E+00   0.000E+00        84.0   84.0   34.0
  363   1.175808E+04   2.600000E+00   1.000E+10   7.860E+27   6.011E-06      4.161E-02   0.000E+00   0.000E+00   0.000E+00   0.000E+00   0.000E+00   0.000E+00   0.000E+00      0.000E+00   0.000E+00   0.000E+00   00000   0.000E+00   0.000E+00        84.0   84.0   34.0
