
 EOS                                                                            

              Mstar     = 1.600E+00    Rstar     = 1.330E+06
              Mexo      = 0.000E+00    Rexo      = 0.000E+00
              Mcore     = 1.365E+00    Rcore     = 1.141E+06
              Mincrust  = 2.346E-01    Rincrust  = 1.602E+05
              Moutcrust = 4.628E-05    Routcrust = 2.798E+04

  icore= 111   sfn1s0= 1.                 emnco= 5.   rhoexo=   1.200E+25
  idrip= 281   sfn3p2=***  fn3p2= 1.00    emncr= 5.     cexo=   1.000E+25
   imax= 377   sfp1s0= 3.  fp1s0= 1.00      emp= 3.     pexo=   6.000E+00

            DUrca not possible
          e-ion bremstrahlung:  1             bubble neutrinos:  0
             plasma neutrinos:  1              neutron 1S0 pbf:  1
               pair neutrinos:  0              neutron 3P2 pbf:  1
              photo neutrinos:  0               proton 1S0 pbf:  1

        Accreted envelope from Potekhin et al. with Eta = 0.00E+00


    Step      Time            Teff       L_phot       L_nu        L_heat 
             [years]      at inf [K]    [erg/sec]   [erg/sec]   [erg/sec]

       1   1.000E-12        6.519E+06   3.539E+36   3.180E+46   0.000E+00
       2   2.500E-12        6.519E+06   3.539E+36   3.180E+46   0.000E+00
       3   4.750E-12        6.519E+06   3.539E+36   3.180E+46   0.000E+00
       4   8.125E-12        6.519E+06   3.539E+36   3.180E+46   0.000E+00
       5   1.319E-11        6.519E+06   3.539E+36   3.180E+46   0.000E+00
       6   2.078E-11        6.519E+06   3.539E+36   3.180E+46   0.000E+00
       7   3.217E-11        6.519E+06   3.539E+36   3.180E+46   0.000E+00
       8   4.926E-11        6.519E+06   3.539E+36   3.180E+46   0.000E+00
       9   7.489E-11        6.519E+06   3.539E+36   3.180E+46   0.000E+00
      10   1.133E-10        6.519E+06   3.539E+36   3.180E+46   0.000E+00
      11   1.710E-10        6.519E+06   3.539E+36   3.180E+46   0.000E+00
      12   2.575E-10        6.519E+06   3.539E+36   3.180E+46   0.000E+00
      13   3.872E-10        6.519E+06   3.539E+36   3.180E+46   0.000E+00
      14   5.819E-10        6.519E+06   3.539E+36   3.180E+46   0.000E+00
      15   8.738E-10        6.519E+06   3.539E+36   3.180E+46   0.000E+00
      16   1.312E-09        6.519E+06   3.539E+36   3.180E+46   0.000E+00
      17   1.969E-09        6.519E+06   3.539E+36   3.179E+46   0.000E+00
      18   2.954E-09        6.519E+06   3.539E+36   3.179E+46   0.000E+00
      19   4.432E-09        6.519E+06   3.539E+36   3.178E+46   0.000E+00
      20   6.649E-09        6.519E+06   3.539E+36   3.177E+46   0.000E+00
      21   9.974E-09        6.519E+06   3.539E+36   3.176E+46   0.000E+00
      22   1.496E-08        6.519E+06   3.539E+36   3.174E+46   0.000E+00
      23   2.244E-08        6.519E+06   3.539E+36   3.170E+46   0.000E+00
      24   3.367E-08        6.519E+06   3.539E+36   3.165E+46   0.000E+00
      25   5.050E-08        6.519E+06   3.539E+36   3.158E+46   0.000E+00
      26   7.575E-08        6.519E+06   3.539E+36   3.147E+46   0.000E+00
      27   1.136E-07        6.519E+06   3.539E+36   3.131E+46   0.000E+00
      28   1.704E-07        6.519E+06   3.539E+36   3.107E+46   0.000E+00
      29   2.557E-07        6.519E+06   3.539E+36   3.072E+46   0.000E+00
      30   3.835E-07        6.519E+06   3.539E+36   3.020E+46   0.000E+00
      31   5.753E-07        6.519E+06   3.539E+36   2.946E+46   0.000E+00
      32   8.629E-07        6.519E+06   3.538E+36   2.842E+46   0.000E+00
      33   1.294E-06        6.519E+06   3.538E+36   2.698E+46   0.000E+00
      34   1.941E-06        6.518E+06   3.538E+36   2.508E+46   0.000E+00
      35   2.912E-06        6.518E+06   3.537E+36   2.267E+46   0.000E+00
      36   4.368E-06        6.518E+06   3.536E+36   1.980E+46   0.000E+00
      37   6.552E-06        6.517E+06   3.534E+36   1.662E+46   0.000E+00
      38   9.829E-06        6.516E+06   3.531E+36   1.335E+46   0.000E+00
      39   1.474E-05        6.514E+06   3.528E+36   1.027E+46   0.000E+00
      40   2.211E-05        6.511E+06   3.522E+36   7.572E+45   0.000E+00
      41   3.317E-05        6.507E+06   3.513E+36   5.384E+45   0.000E+00
      42   4.976E-05        6.501E+06   3.501E+36   3.712E+45   0.000E+00
      43   7.464E-05        6.493E+06   3.482E+36   2.493E+45   0.000E+00
      44   1.120E-04        6.480E+06   3.454E+36   1.639E+45   0.000E+00
      45   1.679E-04        6.460E+06   3.413E+36   1.057E+45   0.000E+00
      46   2.519E-04        6.432E+06   3.354E+36   6.705E+44   0.000E+00
      47   3.778E-04        6.391E+06   3.268E+36   4.189E+44   0.000E+00
      48   5.668E-04        6.331E+06   3.148E+36   2.584E+44   0.000E+00
      49   7.210E-04        6.284E+06   3.055E+36   1.890E+44   0.000E+00
      50   7.321E-04        6.281E+06   3.049E+36   1.849E+44   0.000E+00
      51   7.411E-04        6.278E+06   3.043E+36   1.816E+44   0.000E+00
      52   7.547E-04        6.274E+06   3.035E+36   1.768E+44   0.000E+00
      53   7.712E-04        6.269E+06   3.026E+36   1.713E+44   0.000E+00
      54   7.961E-04        6.261E+06   3.011E+36   1.636E+44   0.000E+00
      55   8.266E-04        6.252E+06   2.994E+36   1.550E+44   0.000E+00
      56   8.723E-04        6.238E+06   2.968E+36   1.436E+44   0.000E+00
      57   9.180E-04        6.225E+06   2.942E+36   1.336E+44   0.000E+00
      58   9.866E-04        6.205E+06   2.905E+36   1.209E+44   0.000E+00
      59   1.032E-03        6.192E+06   2.880E+36   1.135E+44   0.000E+00
      60   1.101E-03        6.172E+06   2.844E+36   1.038E+44   0.000E+00
      61   1.185E-03        6.149E+06   2.801E+36   9.392E+43   0.000E+00
      62   1.253E-03        6.130E+06   2.767E+36   8.694E+43   0.000E+00
      63   1.356E-03        6.102E+06   2.717E+36   7.816E+43   0.000E+00
      64   1.510E-03        6.062E+06   2.645E+36   6.779E+43   0.000E+00
      65   1.566E-03        6.047E+06   2.620E+36   6.450E+43   0.000E+00
      66   1.612E-03        6.035E+06   2.600E+36   6.200E+43   0.000E+00
      67   1.681E-03        6.018E+06   2.570E+36   5.858E+43   0.000E+00
      68   1.784E-03        5.992E+06   2.526E+36   5.410E+43   0.000E+00
      69   1.886E-03        5.967E+06   2.484E+36   5.020E+43   0.000E+00
      70   2.012E-03        5.936E+06   2.433E+36   4.608E+43   0.000E+00
      71   2.201E-03        5.893E+06   2.362E+36   4.100E+43   0.000E+00
      72   2.485E-03        5.830E+06   2.263E+36   3.513E+43   0.000E+00
      73   2.674E-03        5.789E+06   2.201E+36   3.193E+43   0.000E+00
      74   2.776E-03        5.767E+06   2.168E+36   3.038E+43   0.000E+00
      75   2.931E-03        5.735E+06   2.120E+36   2.830E+43   0.000E+00
      76   3.033E-03        5.715E+06   2.090E+36   2.704E+43   0.000E+00
      77   3.188E-03        5.684E+06   2.045E+36   2.535E+43   0.000E+00
      78   3.419E-03        5.640E+06   1.982E+36   2.317E+43   0.000E+00
      79   3.630E-03        5.600E+06   1.928E+36   2.145E+43   0.000E+00
      80   3.884E-03        5.555E+06   1.866E+36   1.968E+43   0.000E+00
      81   4.060E-03        5.524E+06   1.825E+36   1.859E+43   0.000E+00
      82   4.271E-03        5.489E+06   1.778E+36   1.742E+43   0.000E+00
      83   4.525E-03        5.447E+06   1.725E+36   1.619E+43   0.000E+00
      84   4.829E-03        5.399E+06   1.665E+36   1.492E+43   0.000E+00
      85   5.194E-03        5.345E+06   1.599E+36   1.362E+43   0.000E+00
      86   5.632E-03        5.283E+06   1.526E+36   1.232E+43   0.000E+00
      87   6.157E-03        5.213E+06   1.447E+36   1.104E+43   0.000E+00
      88   6.788E-03        5.134E+06   1.362E+36   9.799E+42   0.000E+00
      89   7.545E-03        5.047E+06   1.271E+36   8.621E+42   0.000E+00
      90   8.453E-03        4.951E+06   1.177E+36   7.519E+42   0.000E+00
      91   9.448E-03        4.861E+06   1.094E+36   6.575E+42   0.000E+00
      92   1.064E-02        4.761E+06   1.007E+36   5.699E+42   0.000E+00
      93   1.173E-02        4.676E+06   9.367E+35   5.062E+42   0.000E+00
      94   1.282E-02        4.598E+06   8.756E+35   4.541E+42   0.000E+00
      95   1.413E-02        4.512E+06   8.121E+35   4.032E+42   0.000E+00
      96   1.570E-02        4.420E+06   7.481E+35   3.544E+42   0.000E+00
      97   1.758E-02        4.324E+06   6.848E+35   3.084E+42   0.000E+00
      98   1.849E-02        4.280E+06   6.573E+35   2.893E+42   0.000E+00
      99   1.958E-02        4.230E+06   6.274E+35   2.689E+42   0.000E+00
     100   2.089E-02        4.175E+06   5.954E+35   2.477E+42   0.000E+00
     101   2.246E-02        4.115E+06   5.616E+35   2.259E+42   0.000E+00
     102   2.294E-02        4.097E+06   5.518E+35   2.198E+42   0.000E+00
     103   2.342E-02        4.079E+06   5.424E+35   2.139E+42   0.000E+00
     104   2.399E-02        4.059E+06   5.316E+35   2.072E+42   0.000E+00
     105   2.468E-02        4.035E+06   5.193E+35   1.996E+42   0.000E+00
     106   2.551E-02        4.008E+06   5.054E+35   1.911E+42   0.000E+00
     107   2.651E-02        3.977E+06   4.899E+35   1.818E+42   0.000E+00
     108   2.770E-02        3.941E+06   4.728E+35   1.716E+42   0.000E+00
     109   2.913E-02        3.902E+06   4.541E+35   1.607E+42   0.000E+00
     110   2.996E-02        3.880E+06   4.439E+35   1.548E+42   0.000E+00
     111   3.096E-02        3.854E+06   4.324E+35   1.483E+42   0.000E+00
     112   3.215E-02        3.825E+06   4.196E+35   1.410E+42   0.000E+00
     113   3.358E-02        3.793E+06   4.054E+35   1.331E+42   0.000E+00
     114   3.530E-02        3.756E+06   3.899E+35   1.247E+42   0.000E+00
     115   3.737E-02        3.715E+06   3.733E+35   1.157E+42   0.000E+00
     116   3.984E-02        3.670E+06   3.556E+35   1.064E+42   0.000E+00
     117   4.281E-02        3.622E+06   3.372E+35   9.678E+41   0.000E+00
     118   4.453E-02        3.595E+06   3.273E+35   9.180E+41   0.000E+00
     119   4.660E-02        3.565E+06   3.165E+35   8.639E+41   0.000E+00
     120   4.907E-02        3.532E+06   3.048E+35   8.060E+41   0.000E+00
     121   5.204E-02        3.495E+06   2.923E+35   7.452E+41   0.000E+00
     122   5.376E-02        3.475E+06   2.856E+35   7.130E+41   0.000E+00
     123   5.582E-02        3.451E+06   2.780E+35   6.775E+41   0.000E+00
     124   5.830E-02        3.425E+06   2.698E+35   6.388E+41   0.000E+00
     125   6.127E-02        3.396E+06   2.607E+35   5.974E+41   0.000E+00
     126   6.484E-02        3.364E+06   2.510E+35   5.536E+41   0.000E+00
     127   6.911E-02        3.329E+06   2.408E+35   5.080E+41   0.000E+00
     128   7.380E-02        3.295E+06   2.309E+35   4.650E+41   0.000E+00
     129   7.942E-02        3.257E+06   2.205E+35   4.213E+41   0.000E+00
     130   8.617E-02        3.217E+06   2.100E+35   3.777E+41   0.000E+00
     131   9.427E-02        3.176E+06   1.993E+35   3.349E+41   0.000E+00
     132   1.040E-01        3.132E+06   1.886E+35   2.937E+41   0.000E+00
     133   1.156E-01        3.088E+06   1.782E+35   2.547E+41   0.000E+00
     134   1.296E-01        3.043E+06   1.681E+35   2.186E+41   0.000E+00
     135   1.464E-01        2.999E+06   1.585E+35   1.858E+41   0.000E+00
     136   1.666E-01        2.955E+06   1.494E+35   1.564E+41   0.000E+00
     137   1.908E-01        2.912E+06   1.409E+35   1.306E+41   0.000E+00
     138   2.198E-01        2.871E+06   1.331E+35   1.081E+41   0.000E+00
     139   2.546E-01        2.832E+06   1.260E+35   8.881E+40   0.000E+00
     140   2.964E-01        2.795E+06   1.196E+35   7.250E+40   0.000E+00
     141   3.465E-01        2.762E+06   1.140E+35   5.888E+40   0.000E+00
     142   4.067E-01        2.731E+06   1.090E+35   4.759E+40   0.000E+00
     143   4.789E-01        2.703E+06   1.046E+35   3.831E+40   0.000E+00
     144   5.511E-01        2.682E+06   1.014E+35   3.172E+40   0.000E+00
     145   6.377E-01        2.663E+06   9.857E+34   2.605E+40   0.000E+00
     146   7.417E-01        2.646E+06   9.609E+34   2.129E+40   0.000E+00
     147   8.665E-01        2.631E+06   9.395E+34   1.733E+40   0.000E+00
     148   9.804E-01        2.621E+06   9.244E+34   1.468E+40   0.000E+00
     149   1.105E+00        2.612E+06   9.116E+34   1.248E+40   0.000E+00
     150   1.255E+00        2.603E+06   8.994E+34   1.052E+40   0.000E+00
     151   1.434E+00        2.594E+06   8.877E+34   8.804E+39   0.000E+00
     152   1.650E+00        2.586E+06   8.762E+34   7.323E+39   0.000E+00
     153   1.909E+00        2.577E+06   8.648E+34   6.043E+39   0.000E+00
     154   2.219E+00        2.569E+06   8.531E+34   4.945E+39   0.000E+00
     155   2.592E+00        2.560E+06   8.411E+34   4.027E+39   0.000E+00
     156   3.039E+00        2.550E+06   8.288E+34   3.273E+39   0.000E+00
     157   3.575E+00        2.541E+06   8.163E+34   2.652E+39   0.000E+00
     158   4.219E+00        2.531E+06   8.037E+34   2.124E+39   0.000E+00
     159   4.992E+00        2.521E+06   7.912E+34   1.685E+39   0.000E+00
     160   5.838E+00        2.511E+06   7.796E+34   1.350E+39   0.000E+00
     161   6.285E+00        2.507E+06   7.738E+34   1.295E+39   0.000E+00
     162   6.821E+00        2.502E+06   7.674E+34   1.564E+39   0.000E+00
     163   7.409E+00        2.496E+06   7.607E+34   2.092E+39   0.000E+00
     164   8.053E+00        2.490E+06   7.537E+34   2.270E+39   0.000E+00
     165   8.825E+00        2.484E+06   7.456E+34   2.105E+39   0.000E+00
     166   9.752E+00        2.476E+06   7.361E+34   1.824E+39   0.000E+00
     167   1.086E+01        2.466E+06   7.249E+34   1.533E+39   0.000E+00
     168   1.220E+01        2.455E+06   7.116E+34   1.278E+39   0.000E+00
     169   1.290E+01        2.449E+06   7.046E+34   1.149E+39   0.000E+00
     170   1.375E+01        2.441E+06   6.962E+34   1.052E+39   0.000E+00
     171   1.477E+01        2.433E+06   6.862E+34   8.575E+38   0.000E+00
     172   1.599E+01        2.422E+06   6.744E+34   6.287E+38   0.000E+00
     173   1.710E+01        2.413E+06   6.638E+34   4.802E+38   0.000E+00
     174   1.843E+01        2.401E+06   6.514E+34   3.675E+38   0.000E+00
     175   2.003E+01        2.388E+06   6.368E+34   2.842E+38   0.000E+00
     176   2.196E+01        2.372E+06   6.200E+34   2.209E+38   0.000E+00
     177   2.426E+01        2.353E+06   6.007E+34   1.708E+38   0.000E+00
     178   2.657E+01        2.334E+06   5.818E+34   1.375E+38   0.000E+00
     179   2.934E+01        2.312E+06   5.600E+34   1.100E+38   0.000E+00
     180   3.266E+01        2.285E+06   5.343E+34   8.655E+37   0.000E+00
     181   3.665E+01        2.252E+06   5.037E+34   6.654E+37   0.000E+00
     182   4.143E+01        2.208E+06   4.660E+34   5.066E+37   0.000E+00
     183   4.717E+01        2.152E+06   4.199E+34   3.819E+37   0.000E+00
     184   5.406E+01        2.077E+06   3.645E+34   3.022E+37   0.000E+00
     185   6.232E+01        1.978E+06   2.999E+34   2.340E+37   0.000E+00
     186   7.224E+01        1.851E+06   2.299E+34   1.701E+37   0.000E+00
     187   8.414E+01        1.700E+06   1.637E+34   1.181E+37   0.000E+00
     188   9.718E+01        1.559E+06   1.158E+34   8.252E+36   0.000E+00
     189   1.128E+02        1.442E+06   8.462E+33   5.718E+36   0.000E+00
     190   1.316E+02        1.360E+06   6.711E+33   3.972E+36   0.000E+00
     191   1.541E+02        1.308E+06   5.736E+33   2.782E+36   0.000E+00
     192   1.812E+02        1.273E+06   5.146E+33   1.969E+36   0.000E+00
     193   2.136E+02        1.246E+06   4.721E+33   1.409E+36   0.000E+00
     194   2.525E+02        1.223E+06   4.378E+33   1.019E+36   0.000E+00
     195   2.993E+02        1.202E+06   4.084E+33   7.437E+35   0.000E+00
     196   3.553E+02        1.182E+06   3.823E+33   5.470E+35   0.000E+00
     197   4.226E+02        1.163E+06   3.590E+33   4.046E+35   0.000E+00
     198   5.033E+02        1.146E+06   3.375E+33   3.008E+35   0.000E+00
     199   6.002E+02        1.129E+06   3.178E+33   2.244E+35   0.000E+00
     200   7.164E+02        1.112E+06   2.997E+33   1.679E+35   0.000E+00
     201   8.559E+02        1.096E+06   2.828E+33   1.260E+35   0.000E+00
     202   1.023E+03        1.081E+06   2.671E+33   9.474E+34   0.000E+00
     203   1.224E+03        1.065E+06   2.525E+33   7.133E+34   0.000E+00
     204   1.465E+03        1.051E+06   2.388E+33   5.375E+34   0.000E+00
     205   1.755E+03        1.036E+06   2.260E+33   4.053E+34   0.000E+00
     206   2.102E+03        1.022E+06   2.140E+33   3.055E+34   0.000E+00
     207   2.518E+03        1.009E+06   2.028E+33   2.302E+34   0.000E+00
     208   3.018E+03        9.951E+05   1.921E+33   1.732E+34   0.000E+00
     209   3.618E+03        9.819E+05   1.821E+33   1.301E+34   0.000E+00
     210   4.338E+03        9.689E+05   1.726E+33   9.740E+33   0.000E+00
     211   5.201E+03        9.560E+05   1.637E+33   7.268E+33   0.000E+00
     212   6.238E+03        9.433E+05   1.551E+33   5.399E+33   0.000E+00
     213   7.482E+03        9.307E+05   1.470E+33   3.987E+33   0.000E+00
     214   8.974E+03        9.181E+05   1.392E+33   2.919E+33   0.000E+00
     215   1.077E+04        9.054E+05   1.316E+33   2.113E+33   0.000E+00
     216   1.291E+04        8.924E+05   1.243E+33   1.505E+33   0.000E+00
     217   1.549E+04        8.791E+05   1.170E+33   1.050E+33   0.000E+00
     218   1.859E+04        8.652E+05   1.098E+33   7.130E+32   0.000E+00
     219   2.230E+04        8.505E+05   1.025E+33   4.675E+32   0.000E+00
     220   2.676E+04        8.348E+05   9.516E+32   2.926E+32   0.000E+00
     221   3.211E+04        8.177E+05   8.760E+32   1.725E+32   0.000E+00
     222   3.852E+04        7.987E+05   7.975E+32   9.401E+31   0.000E+00
     223   4.623E+04        7.774E+05   7.158E+32   4.649E+31   0.000E+00
     224   5.547E+04        7.532E+05   6.307E+32   2.056E+31   0.000E+00
     225   6.656E+04        7.256E+05   5.431E+32   8.173E+30   0.000E+00
     226   7.986E+04        6.941E+05   4.548E+32   3.053E+30   0.000E+00
     227   9.583E+04        6.585E+05   3.685E+32   1.135E+30   0.000E+00
     228   1.150E+05        6.197E+05   2.890E+32   4.243E+29   0.000E+00
     229   1.380E+05        5.770E+05   2.172E+32   1.602E+29   0.000E+00
     230   1.656E+05        5.310E+05   1.557E+32   5.558E+28   0.000E+00
     231   1.987E+05        4.823E+05   1.060E+32   1.642E+28   0.000E+00
     232   2.384E+05        4.319E+05   6.820E+31   3.726E+27   0.000E+00
     233   2.811E+05        3.854E+05   4.324E+31   6.931E+26   0.000E+00
     234   3.250E+05        3.442E+05   2.749E+31   1.150E+26   0.000E+00
     235   3.701E+05        3.076E+05   1.753E+31   1.970E+25   0.000E+00
     236   4.166E+05        2.755E+05   1.129E+31   5.268E+24   0.000E+00
     237   4.649E+05        2.465E+05   7.228E+30   1.860E+24   0.000E+00
     238   5.139E+05        2.207E+05   4.648E+30   5.147E+23   0.000E+00
     239   5.632E+05        1.979E+05   3.003E+30   1.078E+23   0.000E+00
     240   6.125E+05        1.776E+05   1.951E+30   1.795E+22   0.000E+00
     241   6.614E+05        1.597E+05   1.276E+30   2.719E+21   0.000E+00
     242   7.096E+05        1.439E+05   8.402E+29   4.590E+20   0.000E+00
     243   7.566E+05        1.299E+05   5.576E+29   9.019E+19   0.000E+00
     244   8.020E+05        1.174E+05   3.728E+29   1.854E+19   0.000E+00
     245   8.453E+05        1.064E+05   2.512E+29   3.780E+18   0.000E+00
     246   8.861E+05        9.659E+04   1.706E+29   7.575E+17   0.000E+00
     247   9.242E+05        8.784E+04   1.166E+29   1.492E+17   0.000E+00
     248   9.591E+05        8.001E+04   8.029E+28   2.892E+16   0.000E+00
     249   9.910E+05        7.298E+04   5.560E+28   5.525E+15   0.000E+00
     250   1.020E+06        6.666E+04   3.870E+28   1.042E+15   0.000E+00
     251   1.045E+06        6.095E+04   2.704E+28   1.945E+14   0.000E+00
     252   1.068E+06        5.577E+04   1.896E+28   3.603E+13   0.000E+00
     253   1.088E+06        5.105E+04   1.331E+28   6.640E+12   0.000E+00
     254   1.105E+06        4.675E+04   9.357E+27   1.221E+12   0.000E+00
     255   1.121E+06        4.280E+04   6.575E+27   2.248E+11   0.000E+00
     256   1.134E+06        3.917E+04   4.614E+27   4.153E+10   0.000E+00
     257   1.146E+06        3.583E+04   3.229E+27   7.725E+09   0.000E+00
     258   1.156E+06        3.274E+04   2.251E+27   1.451E+09   0.000E+00
     259   1.166E+06        2.988E+04   1.562E+27   2.762E+08   0.000E+00
     260   1.174E+06        2.722E+04   1.076E+27   5.350E+07   0.000E+00
     261   1.182E+06        2.475E+04   7.348E+26   1.059E+07   0.000E+00
     262   1.189E+06        2.243E+04   4.962E+26   2.155E+06   0.000E+00
     263   1.195E+06        2.026E+04   3.302E+26   4.537E+05   0.000E+00
     264   1.202E+06        1.821E+04   2.156E+26   9.974E+04   0.000E+00
     265   1.208E+06        1.627E+04   1.373E+26   2.316E+04   0.000E+00
     266   1.214E+06        1.441E+04   8.449E+25   5.769E+03   0.000E+00
     267   1.222E+06        1.261E+04   4.952E+25   1.574E+03   0.000E+00
     268   1.230E+06        1.084E+04   2.703E+25   4.841E+02   0.000E+00
     269   1.240E+06        9.162E+03   1.381E+25   1.839E+02   0.000E+00
     270   1.252E+06        7.652E+03   6.717E+24   9.090E+01   0.000E+00
     271   1.266E+06        6.336E+03   3.158E+24   5.729E+01   0.000E+00
     272   1.284E+06        5.215E+03   1.449E+24   4.335E+01   0.000E+00
     273   1.305E+06        4.273E+03   6.533E+23   3.697E+01   0.000E+00
     274   1.330E+06        3.489E+03   2.904E+23   3.387E+01   0.000E+00
     275   1.360E+06        2.840E+03   1.275E+23   3.232E+01   0.000E+00
     276   1.396E+06        2.307E+03   5.545E+22   3.153E+01   0.000E+00
     277   1.439E+06        1.869E+03   2.390E+22   3.113E+01   0.000E+00
     278   1.491E+06        1.511E+03   1.022E+22   3.093E+01   0.000E+00
     279   1.553E+06        1.220E+03   4.340E+21   3.082E+01   0.000E+00
     280   1.628E+06        9.833E+02   1.832E+21   3.077E+01   0.000E+00
