         5       363       111       267

EOS                                                                            

  i            rad           emas         rho         pres          nb           kf(e)      kf(mu)       kf(p)       kf(n)      kf(la)      kf(S-)      kf(S0)      kf(S+)         Tc(n)       Tc(p)      Tc(la)    Durca        mstn        mstp  nSF   Acel   Aion   Zion

    0   0.000000E+00   0.000000E+00   6.976E+14   8.097E+34   3.879E-01      1.042E+00   8.936E-01   1.226E+00   2.128E+00   0.000E+00   0.000E+00   0.000E+00   0.000E+00      6.497E+08   1.000E+00   1.000E+00   10000   5.070E-01   4.973E-01  3p2   N/A    N/A    N/A 
    1   2.438251E+03   2.113278E-02   6.761E+14   7.473E+34   3.773E-01      1.024E+00   8.724E-01   1.202E+00   2.113E+00   0.000E+00   0.000E+00   0.000E+00   0.000E+00      6.757E+08   1.000E+00   1.000E+00   10000   5.194E-01   5.048E-01  3p2   N/A    N/A    N/A 
    2   3.072003E+03   4.191047E-02   6.636E+14   7.119E+34   3.710E-01      1.013E+00   8.597E-01   1.187E+00   2.104E+00   0.000E+00   0.000E+00   0.000E+00   0.000E+00      6.913E+08   1.000E+00   1.000E+00   10000   5.269E-01   5.094E-01  3p2   N/A    N/A    N/A 
    3   3.516566E+03   6.213823E-02   6.531E+14   6.830E+34   3.658E-01      1.004E+00   8.490E-01   1.175E+00   2.096E+00   0.000E+00   0.000E+00   0.000E+00   0.000E+00      7.045E+08   1.000E+00   1.000E+00   10000   5.333E-01   5.132E-01  3p2   N/A    N/A    N/A 
    4   3.870482E+03   8.151910E-02   6.439E+14   6.581E+34   3.612E-01      9.958E-01   8.395E-01   1.164E+00   2.089E+00   0.000E+00   0.000E+00   0.000E+00   0.000E+00      7.162E+08   1.000E+00   1.000E+00   10000   5.390E-01   5.166E-01  3p2   N/A    N/A    N/A 
    5   4.169350E+03   1.020538E-01   6.352E+14   6.351E+34   3.568E-01      9.881E-01   8.305E-01   1.154E+00   2.082E+00   0.000E+00   0.000E+00   0.000E+00   0.000E+00      7.274E+08   1.000E+00   1.000E+00   10000   5.447E-01   5.199E-01  3p2   N/A    N/A    N/A 
    6   4.430595E+03   1.205677E-01   6.274E+14   6.146E+34   3.528E-01      9.812E-01   8.223E-01   1.145E+00   2.076E+00   0.000E+00   0.000E+00   0.000E+00   0.000E+00      7.375E+08   1.000E+00   1.000E+00   10000   5.497E-01   5.229E-01  3p2   N/A    N/A    N/A 
    7   4.664206E+03   1.403999E-01   6.198E+14   5.951E+34   3.489E-01      9.744E-01   8.141E-01   1.136E+00   2.070E+00   0.000E+00   0.000E+00   0.000E+00   0.000E+00      7.475E+08   1.000E+00   1.000E+00   10000   5.548E-01   5.258E-01  3p2   N/A    N/A    N/A 
    8   4.876501E+03   1.595597E-01   6.126E+14   5.770E+34   3.453E-01      9.680E-01   8.064E-01   1.127E+00   2.064E+00   0.000E+00   0.000E+00   0.000E+00   0.000E+00      7.569E+08   1.000E+00   1.000E+00   10000   5.597E-01   5.286E-01  3p2   N/A    N/A    N/A 
    9   5.071766E+03   1.771824E-01   6.059E+14   5.603E+34   3.419E-01      9.620E-01   7.993E-01   1.119E+00   2.058E+00   0.000E+00   0.000E+00   0.000E+00   0.000E+00      7.657E+08   1.000E+00   1.000E+00   10000   5.643E-01   5.313E-01  3p2   N/A    N/A    N/A 
   10   5.253051E+03   1.960193E-01   5.993E+14   5.441E+34   3.384E-01      9.560E-01   7.920E-01   1.111E+00   2.053E+00   0.000E+00   0.000E+00   0.000E+00   0.000E+00      7.744E+08   1.000E+00   1.000E+00   10000   5.689E-01   5.339E-01  3p2   N/A    N/A    N/A 
   11   5.422621E+03   2.151170E-01   5.927E+14   5.285E+34   3.351E-01      9.501E-01   7.849E-01   1.103E+00   2.047E+00   0.000E+00   0.000E+00   0.000E+00   0.000E+00      7.831E+08   1.000E+00   1.000E+00   10000   5.736E-01   5.365E-01  3p2   N/A    N/A    N/A 
   12   5.582200E+03   2.330896E-01   5.866E+14   5.139E+34   3.319E-01      9.445E-01   7.781E-01   1.095E+00   2.042E+00   0.000E+00   0.000E+00   0.000E+00   0.000E+00      7.912E+08   1.000E+00   1.000E+00   00000   5.780E-01   5.390E-01  3p2   N/A    N/A    N/A 
   13   5.733143E+03   2.500896E-01   5.807E+14   5.000E+34   3.289E-01      9.392E-01   7.716E-01   1.088E+00   2.037E+00   0.000E+00   0.000E+00   0.000E+00   0.000E+00      7.990E+08   1.000E+00   1.000E+00   00000   5.823E-01   5.414E-01  3p2   N/A    N/A    N/A 
   14   5.876531E+03   2.669605E-01   5.751E+14   4.867E+34   3.260E-01      9.340E-01   7.653E-01   1.081E+00   2.032E+00   0.000E+00   0.000E+00   0.000E+00   0.000E+00      8.065E+08   1.000E+00   1.000E+00   00000   5.865E-01   5.438E-01  3p2   N/A    N/A    N/A 
   15   6.013243E+03   2.856992E-01   5.691E+14   4.736E+34   3.229E-01      9.285E-01   7.586E-01   1.073E+00   2.027E+00   0.000E+00   0.000E+00   0.000E+00   0.000E+00      8.144E+08   1.000E+00   1.000E+00   00000   5.909E-01   5.463E-01  3p2   N/A    N/A    N/A 
   16   6.144007E+03   3.036227E-01   5.634E+14   4.610E+34   3.199E-01      9.232E-01   7.521E-01   1.066E+00   2.021E+00   0.000E+00   0.000E+00   0.000E+00   0.000E+00      8.219E+08   1.000E+00   1.000E+00   00000   5.953E-01   5.487E-01  3p2   N/A    N/A    N/A 
   17   6.269429E+03   3.208140E-01   5.580E+14   4.490E+34   3.171E-01      9.182E-01   7.459E-01   1.059E+00   2.016E+00   0.000E+00   0.000E+00   0.000E+00   0.000E+00      8.291E+08   1.000E+00   1.000E+00   00000   5.995E-01   5.510E-01  3p2   N/A    N/A    N/A 
   18   6.390024E+03   3.373437E-01   5.527E+14   4.374E+34   3.143E-01      9.133E-01   7.399E-01   1.053E+00   2.012E+00   0.000E+00   0.000E+00   0.000E+00   0.000E+00      8.360E+08   1.000E+00   1.000E+00   00000   6.036E-01   5.533E-01  3p2   N/A    N/A    N/A 
   19   6.506232E+03   3.532720E-01   5.477E+14   4.262E+34   3.117E-01      9.086E-01   7.340E-01   1.046E+00   2.007E+00   0.000E+00   0.000E+00   0.000E+00   0.000E+00      8.426E+08   1.000E+00   1.000E+00   00000   6.075E-01   5.555E-01  3p2   N/A    N/A    N/A 
   20   6.618430E+03   3.691669E-01   5.427E+14   4.154E+34   3.091E-01      9.039E-01   7.282E-01   1.040E+00   2.002E+00   0.000E+00   0.000E+00   0.000E+00   0.000E+00      8.491E+08   1.000E+00   1.000E+00   00000   6.115E-01   5.576E-01  3p2   N/A    N/A    N/A 
   21   6.726948E+03   3.867337E-01   5.374E+14   4.048E+34   3.063E-01      8.989E-01   7.220E-01   1.033E+00   1.997E+00   0.000E+00   0.000E+00   0.000E+00   0.000E+00      8.560E+08   1.000E+00   1.000E+00   00000   6.158E-01   5.600E-01  3p2   N/A    N/A    N/A 
   22   6.832074E+03   4.037513E-01   5.322E+14   3.945E+34   3.036E-01      8.940E-01   7.160E-01   1.026E+00   1.992E+00   0.000E+00   0.000E+00   0.000E+00   0.000E+00      8.626E+08   1.000E+00   1.000E+00   00000   6.200E-01   5.623E-01  3p2   N/A    N/A    N/A 
   23   6.934061E+03   4.202607E-01   5.273E+14   3.845E+34   3.010E-01      8.893E-01   7.100E-01   1.020E+00   1.987E+00   0.000E+00   0.000E+00   0.000E+00   0.000E+00      8.689E+08   1.000E+00   1.000E+00   00000   6.241E-01   5.645E-01  3p2   N/A    N/A    N/A 
   24   7.033132E+03   4.362982E-01   5.224E+14   3.748E+34   2.984E-01      8.847E-01   7.043E-01   1.014E+00   1.983E+00   0.000E+00   0.000E+00   0.000E+00   0.000E+00      8.751E+08   1.000E+00   1.000E+00   00000   6.282E-01   5.667E-01  3p2   N/A    N/A    N/A 
   25   7.129488E+03   4.518962E-01   5.177E+14   3.653E+34   2.959E-01      8.802E-01   6.986E-01   1.008E+00   1.978E+00   0.000E+00   0.000E+00   0.000E+00   0.000E+00      8.810E+08   1.000E+00   1.000E+00   00000   6.322E-01   5.688E-01  3p2   N/A    N/A    N/A 
   26   7.223308E+03   4.670837E-01   5.132E+14   3.561E+34   2.935E-01      8.758E-01   6.931E-01   1.002E+00   1.973E+00   0.000E+00   0.000E+00   0.000E+00   0.000E+00      8.867E+08   1.000E+00   1.000E+00   00000   6.361E-01   5.709E-01  3p2   N/A    N/A    N/A 
   27   7.314752E+03   4.818865E-01   5.087E+14   3.472E+34   2.911E-01      8.715E-01   6.877E-01   9.957E-01   1.969E+00   0.000E+00   0.000E+00   0.000E+00   0.000E+00      8.922E+08   1.000E+00   1.000E+00   00000   6.399E-01   5.730E-01  3p2   N/A    N/A    N/A 
   28   7.403965E+03   4.969642E-01   5.042E+14   3.385E+34   2.887E-01      8.672E-01   6.822E-01   9.898E-01   1.964E+00   0.000E+00   0.000E+00   0.000E+00   0.000E+00      8.977E+08   1.000E+00   1.000E+00   00000   6.439E-01   5.751E-01  3p2   N/A    N/A    N/A 
   29   7.491078E+03   5.130487E-01   4.994E+14   3.301E+34   2.862E-01      8.626E-01   6.763E-01   9.835E-01   1.959E+00   0.000E+00   0.000E+00   0.000E+00   0.000E+00      9.034E+08   1.000E+00   1.000E+00   00000   6.481E-01   5.774E-01  3p2   N/A    N/A    N/A 
   30   7.576211E+03   5.287675E-01   4.948E+14   3.218E+34   2.837E-01      8.581E-01   6.706E-01   9.773E-01   1.955E+00   0.000E+00   0.000E+00   0.000E+00   0.000E+00      9.089E+08   1.000E+00   1.000E+00   00000   6.522E-01   5.796E-01  3p2   N/A    N/A    N/A 
   31   7.659473E+03   5.441409E-01   4.903E+14   3.138E+34   2.813E-01      8.537E-01   6.649E-01   9.712E-01   1.950E+00   0.000E+00   0.000E+00   0.000E+00   0.000E+00      9.142E+08   1.000E+00   1.000E+00   00000   6.563E-01   5.817E-01  3p2   N/A    N/A    N/A 
   32   7.740963E+03   5.591870E-01   4.858E+14   3.059E+34   2.789E-01      8.494E-01   6.593E-01   9.653E-01   1.945E+00   0.000E+00   0.000E+00   0.000E+00   0.000E+00      9.193E+08   1.000E+00   1.000E+00   00000   6.603E-01   5.839E-01  3p2   N/A    N/A    N/A 
   33   7.820773E+03   5.739229E-01   4.815E+14   2.982E+34   2.766E-01      8.451E-01   6.538E-01   9.594E-01   1.940E+00   0.000E+00   0.000E+00   0.000E+00   0.000E+00      9.242E+08   1.000E+00   1.000E+00   00000   6.643E-01   5.860E-01  3p2   N/A    N/A    N/A 
   34   7.898985E+03   5.883639E-01   4.772E+14   2.907E+34   2.743E-01      8.409E-01   6.484E-01   9.537E-01   1.936E+00   0.000E+00   0.000E+00   0.000E+00   0.000E+00      9.289E+08   1.000E+00   1.000E+00   00000   6.683E-01   5.881E-01  3p2   N/A    N/A    N/A 
   35   7.975680E+03   6.025246E-01   4.730E+14   2.833E+34   2.720E-01      8.368E-01   6.431E-01   9.480E-01   1.931E+00   0.000E+00   0.000E+00   0.000E+00   0.000E+00      9.335E+08   1.000E+00   1.000E+00   00000   6.722E-01   5.902E-01  3p2   N/A    N/A    N/A 
   36   8.050926E+03   6.164180E-01   4.689E+14   2.760E+34   2.698E-01      8.328E-01   6.378E-01   9.424E-01   1.927E+00   0.000E+00   0.000E+00   0.000E+00   0.000E+00      9.379E+08   1.000E+00   1.000E+00   00000   6.761E-01   5.922E-01  3p2   N/A    N/A    N/A 
   37   8.124792E+03   6.300565E-01   4.649E+14   2.688E+34   2.676E-01      8.288E-01   6.326E-01   9.369E-01   1.922E+00   0.000E+00   0.000E+00   0.000E+00   0.000E+00      9.420E+08   1.000E+00   1.000E+00   00000   6.799E-01   5.942E-01  3p2   N/A    N/A    N/A 
   38   8.197338E+03   6.441739E-01   4.607E+14   2.620E+34   2.654E-01      8.246E-01   6.271E-01   9.311E-01   1.917E+00   0.000E+00   0.000E+00   0.000E+00   0.000E+00      9.463E+08   1.000E+00   1.000E+00   00000   6.840E-01   5.964E-01  3p2   N/A    N/A    N/A 
   39   8.268623E+03   6.586163E-01   4.564E+14   2.555E+34   2.630E-01      8.203E-01   6.215E-01   9.252E-01   1.913E+00   0.000E+00   0.000E+00   0.000E+00   0.000E+00      9.506E+08   1.000E+00   1.000E+00   00000   6.882E-01   5.986E-01  3p2   N/A    N/A    N/A 
   40   8.338700E+03   6.728138E-01   4.521E+14   2.490E+34   2.607E-01      8.160E-01   6.158E-01   9.193E-01   1.908E+00   0.000E+00   0.000E+00   0.000E+00   0.000E+00      9.547E+08   1.000E+00   1.000E+00   00000   6.924E-01   6.008E-01  3p2   N/A    N/A    N/A 
   41   8.407618E+03   6.867767E-01   4.480E+14   2.427E+34   2.584E-01      8.119E-01   6.103E-01   9.135E-01   1.903E+00   0.000E+00   0.000E+00   0.000E+00   0.000E+00      9.586E+08   1.000E+00   1.000E+00   00000   6.965E-01   6.029E-01  3p2   N/A    N/A    N/A 
   42   8.475424E+03   7.005142E-01   4.438E+14   2.364E+34   2.562E-01      8.077E-01   6.047E-01   9.078E-01   1.898E+00   0.000E+00   0.000E+00   0.000E+00   0.000E+00      9.623E+08   1.000E+00   1.000E+00   00000   7.006E-01   6.051E-01  3p2   N/A    N/A    N/A 
   43   8.542162E+03   7.140355E-01   4.398E+14   2.303E+34   2.540E-01      8.036E-01   5.993E-01   9.022E-01   1.893E+00   0.000E+00   0.000E+00   0.000E+00   0.000E+00      9.658E+08   1.000E+00   1.000E+00   00000   7.047E-01   6.072E-01  3p2   N/A    N/A    N/A 
   44   8.607874E+03   7.273488E-01   4.358E+14   2.242E+34   2.518E-01      7.996E-01   5.939E-01   8.966E-01   1.888E+00   0.000E+00   0.000E+00   0.000E+00   0.000E+00      9.692E+08   1.000E+00   1.000E+00   00000   7.087E-01   6.093E-01  3p2   N/A    N/A    N/A 
   45   8.672597E+03   7.404617E-01   4.319E+14   2.182E+34   2.497E-01      7.956E-01   5.885E-01   8.911E-01   1.884E+00   0.000E+00   0.000E+00   0.000E+00   0.000E+00      9.723E+08   1.000E+00   1.000E+00   00000   7.128E-01   6.114E-01  3p2   N/A    N/A    N/A 
   46   8.736369E+03   7.533818E-01   4.280E+14   2.124E+34   2.475E-01      7.917E-01   5.831E-01   8.856E-01   1.879E+00   0.000E+00   0.000E+00   0.000E+00   0.000E+00      9.753E+08   1.000E+00   1.000E+00   00000   7.168E-01   6.135E-01  3p2   N/A    N/A    N/A 
   47   8.799222E+03   7.661159E-01   4.242E+14   2.066E+34   2.455E-01      7.878E-01   5.779E-01   8.802E-01   1.874E+00   0.000E+00   0.000E+00   0.000E+00   0.000E+00      9.781E+08   1.000E+00   1.000E+00   00000   7.207E-01   6.156E-01  3p2   N/A    N/A    N/A 
   48   8.861191E+03   7.786708E-01   4.204E+14   2.009E+34   2.434E-01      7.839E-01   5.726E-01   8.748E-01   1.870E+00   0.000E+00   0.000E+00   0.000E+00   0.000E+00      9.807E+08   1.000E+00   1.000E+00   00000   7.247E-01   6.176E-01  3p2   N/A    N/A    N/A 
   49   8.922304E+03   7.911727E-01   4.167E+14   1.953E+34   2.413E-01      7.801E-01   5.673E-01   8.694E-01   1.865E+00   0.000E+00   0.000E+00   0.000E+00   0.000E+00      9.832E+08   1.000E+00   1.000E+00   00000   7.287E-01   6.197E-01  3p2   N/A    N/A    N/A 
   50   8.982592E+03   8.040352E-01   4.126E+14   1.902E+34   2.391E-01      7.759E-01   5.615E-01   8.636E-01   1.860E+00   0.000E+00   0.000E+00   0.000E+00   0.000E+00      9.857E+08   1.000E+00   1.000E+00   00000   7.330E-01   6.220E-01  3p2   N/A    N/A    N/A 
   51   9.042081E+03   8.167274E-01   4.086E+14   1.852E+34   2.368E-01      7.717E-01   5.557E-01   8.578E-01   1.855E+00   0.000E+00   0.000E+00   0.000E+00   0.000E+00      9.880E+08   1.000E+00   1.000E+00   00000   7.374E-01   6.243E-01  3p2   N/A    N/A    N/A 
   52   9.100798E+03   8.292546E-01   4.046E+14   1.802E+34   2.346E-01      7.676E-01   5.500E-01   8.520E-01   1.850E+00   0.000E+00   0.000E+00   0.000E+00   0.000E+00      9.902E+08   1.000E+00   1.000E+00   00000   7.417E-01   6.265E-01  3p2   N/A    N/A    N/A 
   53   9.158766E+03   8.416222E-01   4.007E+14   1.753E+34   2.325E-01      7.635E-01   5.443E-01   8.464E-01   1.845E+00   0.000E+00   0.000E+00   0.000E+00   0.000E+00      9.920E+08   1.000E+00   1.000E+00   00000   7.459E-01   6.287E-01  3p2   N/A    N/A    N/A 
   54   9.216010E+03   8.538353E-01   3.968E+14   1.704E+34   2.303E-01      7.594E-01   5.386E-01   8.407E-01   1.840E+00   0.000E+00   0.000E+00   0.000E+00   0.000E+00      9.937E+08   1.000E+00   1.000E+00   00000   7.502E-01   6.310E-01  3p2   N/A    N/A    N/A 
   55   9.272551E+03   8.658985E-01   3.930E+14   1.656E+34   2.282E-01      7.554E-01   5.329E-01   8.351E-01   1.835E+00   0.000E+00   0.000E+00   0.000E+00   0.000E+00      9.952E+08   1.000E+00   1.000E+00   00000   7.545E-01   6.332E-01  3p2   N/A    N/A    N/A 
   56   9.328411E+03   8.778164E-01   3.892E+14   1.609E+34   2.261E-01      7.515E-01   5.273E-01   8.296E-01   1.830E+00   0.000E+00   0.000E+00   0.000E+00   0.000E+00      9.965E+08   1.000E+00   1.000E+00   00000   7.587E-01   6.354E-01  3p2   N/A    N/A    N/A 
   57   9.383610E+03   8.895931E-01   3.854E+14   1.562E+34   2.240E-01      7.475E-01   5.216E-01   8.241E-01   1.825E+00   0.000E+00   0.000E+00   0.000E+00   0.000E+00      9.976E+08   1.000E+00   1.000E+00   00000   7.629E-01   6.376E-01  3p2   N/A    N/A    N/A 
   58   9.438167E+03   9.012330E-01   3.817E+14   1.516E+34   2.220E-01      7.436E-01   5.160E-01   8.186E-01   1.820E+00   0.000E+00   0.000E+00   0.000E+00   0.000E+00      9.985E+08   1.000E+00   1.000E+00   00000   7.671E-01   6.398E-01  3p2   N/A    N/A    N/A 
   59   9.492101E+03   9.127397E-01   3.781E+14   1.470E+34   2.199E-01      7.398E-01   5.104E-01   8.132E-01   1.815E+00   0.000E+00   0.000E+00   0.000E+00   0.000E+00      9.992E+08   1.000E+00   1.000E+00   00000   7.712E-01   6.419E-01  3p2   N/A    N/A    N/A 
   60   9.545428E+03   9.241173E-01   3.745E+14   1.425E+34   2.179E-01      7.359E-01   5.048E-01   8.078E-01   1.810E+00   0.000E+00   0.000E+00   0.000E+00   0.000E+00      9.996E+08   1.000E+00   1.000E+00   00000   7.754E-01   6.441E-01  3p2   N/A    N/A    N/A 
   61   9.598167E+03   9.353691E-01   3.709E+14   1.380E+34   2.159E-01      7.321E-01   4.993E-01   8.025E-01   1.805E+00   0.000E+00   0.000E+00   0.000E+00   0.000E+00      9.999E+08   9.573E+06   1.000E+00   00000   7.795E-01   6.463E-01  3p2   N/A    N/A    N/A 
   62   9.650332E+03   9.465910E-01   3.670E+14   1.340E+34   2.138E-01      7.279E-01   4.931E-01   7.966E-01   1.799E+00   0.000E+00   0.000E+00   0.000E+00   0.000E+00      1.000E+09   7.298E+07   1.000E+00   00000   7.840E-01   6.486E-01  3p2   N/A    N/A    N/A 
   63   9.701939E+03   9.577128E-01   3.631E+14   1.301E+34   2.116E-01      7.237E-01   4.868E-01   7.907E-01   1.794E+00   0.000E+00   0.000E+00   0.000E+00   0.000E+00      9.998E+08   1.652E+08   1.000E+00   00000   7.886E-01   6.510E-01  3p2   N/A    N/A    N/A 
   64   9.753002E+03   9.687174E-01   3.592E+14   1.262E+34   2.094E-01      7.195E-01   4.806E-01   7.848E-01   1.788E+00   0.000E+00   0.000E+00   0.000E+00   0.000E+00      9.994E+08   2.787E+08   1.000E+00   00000   7.932E-01   6.535E-01  3p2   N/A    N/A    N/A 
   65   9.803537E+03   9.796082E-01   3.554E+14   1.224E+34   2.072E-01      7.153E-01   4.743E-01   7.790E-01   1.782E+00   0.000E+00   0.000E+00   0.000E+00   0.000E+00      9.988E+08   4.066E+08   1.000E+00   00000   7.977E-01   6.559E-01  3p2   N/A    N/A    N/A 
   66   9.853556E+03   9.903878E-01   3.516E+14   1.186E+34   2.051E-01      7.111E-01   4.680E-01   7.732E-01   1.777E+00   0.000E+00   0.000E+00   0.000E+00   0.000E+00      9.979E+08   5.417E+08   1.000E+00   00000   8.023E-01   6.583E-01  3p2   N/A    N/A    N/A 
   67   9.903072E+03   1.001059E+00   3.478E+14   1.149E+34   2.030E-01      7.070E-01   4.617E-01   7.673E-01   1.771E+00   0.000E+00   0.000E+00   0.000E+00   0.000E+00      9.967E+08   6.789E+08   1.000E+00   00000   8.068E-01   6.607E-01  3p2   N/A    N/A    N/A 
   68   9.952098E+03   1.011624E+00   3.441E+14   1.112E+34   2.009E-01      7.029E-01   4.554E-01   7.616E-01   1.766E+00   0.000E+00   0.000E+00   0.000E+00   0.000E+00      9.953E+08   8.100E+08   1.000E+00   00000   8.113E-01   6.630E-01  3p2   N/A    N/A    N/A 
   69   1.000065E+04   1.022087E+00   3.404E+14   1.075E+34   1.988E-01      6.988E-01   4.491E-01   7.559E-01   1.760E+00   0.000E+00   0.000E+00   0.000E+00   0.000E+00      9.937E+08   9.313E+08   1.000E+00   00000   8.158E-01   6.654E-01  3p2   N/A    N/A    N/A 
   70   1.004873E+04   1.032449E+00   3.367E+14   1.039E+34   1.967E-01      6.948E-01   4.427E-01   7.502E-01   1.755E+00   0.000E+00   0.000E+00   0.000E+00   0.000E+00      9.918E+08   1.041E+09   1.000E+00   00000   8.202E-01   6.678E-01  3p2   N/A    N/A    N/A 
   71   1.009635E+04   1.042713E+00   3.331E+14   1.003E+34   1.947E-01      6.907E-01   4.364E-01   7.445E-01   1.749E+00   0.000E+00   0.000E+00   0.000E+00   0.000E+00      9.897E+08   1.141E+09   1.000E+00   00000   8.247E-01   6.702E-01  3p2   N/A    N/A    N/A 
   72   1.014353E+04   1.052880E+00   3.295E+14   9.673E+33   1.926E-01      6.867E-01   4.300E-01   7.388E-01   1.744E+00   0.000E+00   0.000E+00   0.000E+00   0.000E+00      9.873E+08   1.233E+09   1.000E+00   00000   8.291E-01   6.726E-01  3p2   N/A    N/A    N/A 
   73   1.019028E+04   1.062954E+00   3.259E+14   9.320E+33   1.906E-01      6.827E-01   4.236E-01   7.332E-01   1.738E+00   0.000E+00   0.000E+00   0.000E+00   0.000E+00      9.847E+08   1.317E+09   1.000E+00   00000   8.335E-01   6.749E-01  3p2   N/A    N/A    N/A 
   74   1.023660E+04   1.072834E+00   3.222E+14   8.986E+33   1.885E-01      6.785E-01   4.168E-01   7.274E-01   1.732E+00   0.000E+00   0.000E+00   0.000E+00   0.000E+00      9.817E+08   1.401E+09   1.000E+00   00000   8.381E-01   6.774E-01  3p2   N/A    N/A    N/A 
   75   1.028250E+04   1.082434E+00   3.182E+14   8.686E+33   1.863E-01      6.740E-01   4.094E-01   7.210E-01   1.726E+00   0.000E+00   0.000E+00   0.000E+00   0.000E+00      9.782E+08   1.487E+09   1.000E+00   00000   8.431E-01   6.801E-01  3p2   N/A    N/A    N/A 
   76   1.032800E+04   1.091948E+00   3.143E+14   8.388E+33   1.840E-01      6.695E-01   4.019E-01   7.147E-01   1.719E+00   0.000E+00   0.000E+00   0.000E+00   0.000E+00      9.744E+08   1.570E+09   1.000E+00   00000   8.480E-01   6.828E-01  3p2   N/A    N/A    N/A 
   77   1.037310E+04   1.101380E+00   3.104E+14   8.093E+33   1.818E-01      6.650E-01   3.944E-01   7.083E-01   1.713E+00   0.000E+00   0.000E+00   0.000E+00   0.000E+00      9.702E+08   1.650E+09   1.000E+00   00000   8.530E-01   6.855E-01  3p2   N/A    N/A    N/A 
   78   1.041781E+04   1.110729E+00   3.065E+14   7.800E+33   1.796E-01      6.605E-01   3.868E-01   7.021E-01   1.707E+00   0.000E+00   0.000E+00   0.000E+00   0.000E+00      9.657E+08   1.729E+09   1.000E+00   00000   8.579E-01   6.882E-01  3p2   N/A    N/A    N/A 
   79   1.046214E+04   1.120000E+00   3.026E+14   7.510E+33   1.774E-01      6.561E-01   3.791E-01   6.958E-01   1.700E+00   0.000E+00   0.000E+00   0.000E+00   0.000E+00      9.610E+08   1.806E+09   1.000E+00   00000   8.628E-01   6.909E-01  3p2   N/A    N/A    N/A 
   80   1.050610E+04   1.129193E+00   2.988E+14   7.222E+33   1.752E-01      6.516E-01   3.713E-01   6.895E-01   1.694E+00   0.000E+00   0.000E+00   0.000E+00   0.000E+00      9.559E+08   1.881E+09   1.000E+00   00000   8.676E-01   6.936E-01  3p2   N/A    N/A    N/A 
   81   1.054970E+04   1.138309E+00   2.950E+14   6.937E+33   1.730E-01      6.471E-01   3.635E-01   6.833E-01   1.687E+00   0.000E+00   0.000E+00   0.000E+00   0.000E+00      9.505E+08   1.955E+09   1.000E+00   00000   8.725E-01   6.963E-01  3p2   N/A    N/A    N/A 
   82   1.059293E+04   1.147350E+00   2.913E+14   6.654E+33   1.709E-01      6.427E-01   3.555E-01   6.771E-01   1.681E+00   0.000E+00   0.000E+00   0.000E+00   0.000E+00      9.448E+08   2.028E+09   1.000E+00   00000   8.773E-01   6.990E-01  3p2   N/A    N/A    N/A 
   83   1.063582E+04   1.156319E+00   2.875E+14   6.373E+33   1.687E-01      6.383E-01   3.474E-01   6.709E-01   1.674E+00   0.000E+00   0.000E+00   0.000E+00   0.000E+00      9.388E+08   2.100E+09   1.000E+00   00000   8.821E-01   7.018E-01  3p2   N/A    N/A    N/A 
   84   1.067837E+04   1.165215E+00   2.838E+14   6.095E+33   1.666E-01      6.339E-01   3.392E-01   6.647E-01   1.668E+00   0.000E+00   0.000E+00   0.000E+00   0.000E+00      9.325E+08   2.171E+09   1.000E+00   00000   8.869E-01   7.045E-01  3p2   N/A    N/A    N/A 
   85   1.072057E+04   1.174041E+00   2.802E+14   5.819E+33   1.645E-01      6.295E-01   3.309E-01   6.586E-01   1.661E+00   0.000E+00   0.000E+00   0.000E+00   0.000E+00      9.260E+08   2.241E+09   1.000E+00   00000   8.916E-01   7.072E-01  3p2   N/A    N/A    N/A 
   86   1.076245E+04   1.182409E+00   2.761E+14   5.574E+33   1.622E-01      6.246E-01   3.215E-01   6.518E-01   1.654E+00   0.000E+00   0.000E+00   0.000E+00   0.000E+00      9.184E+08   2.318E+09   1.000E+00   00000   8.968E-01   7.102E-01  3p2   N/A    N/A    N/A 
   87   1.080400E+04   1.190533E+00   2.719E+14   5.343E+33   1.598E-01      6.194E-01   3.114E-01   6.446E-01   1.646E+00   0.000E+00   0.000E+00   0.000E+00   0.000E+00      9.100E+08   2.397E+09   1.000E+00   00000   9.023E-01   7.134E-01  3p2   N/A    N/A    N/A 
   88   1.084524E+04   1.198595E+00   2.677E+14   5.115E+33   1.574E-01      6.143E-01   3.011E-01   6.375E-01   1.639E+00   0.000E+00   0.000E+00   0.000E+00   0.000E+00      9.012E+08   2.473E+09   1.000E+00   00000   9.077E-01   7.165E-01  3p2   N/A    N/A    N/A 
   89   1.088617E+04   1.206596E+00   2.636E+14   4.888E+33   1.550E-01      6.091E-01   2.904E-01   6.304E-01   1.631E+00   0.000E+00   0.000E+00   0.000E+00   0.000E+00      8.920E+08   2.546E+09   1.000E+00   00000   9.131E-01   7.197E-01  3p2   N/A    N/A    N/A 
   90   1.092679E+04   1.214537E+00   2.595E+14   4.663E+33   1.526E-01      6.040E-01   2.795E-01   6.233E-01   1.623E+00   0.000E+00   0.000E+00   0.000E+00   0.000E+00      8.824E+08   2.616E+09   1.000E+00   00000   9.184E-01   7.229E-01  3p2   N/A    N/A    N/A 
   91   1.096711E+04   1.222420E+00   2.554E+14   4.440E+33   1.503E-01      5.989E-01   2.682E-01   6.163E-01   1.615E+00   0.000E+00   0.000E+00   0.000E+00   0.000E+00      8.725E+08   2.683E+09   1.000E+00   00000   9.237E-01   7.261E-01  3p2   N/A    N/A    N/A 
   92   1.100713E+04   1.230245E+00   2.513E+14   4.218E+33   1.479E-01      5.937E-01   2.565E-01   6.093E-01   1.607E+00   0.000E+00   0.000E+00   0.000E+00   0.000E+00      8.622E+08   2.747E+09   1.000E+00   00000   9.290E-01   7.293E-01  3p2   N/A    N/A    N/A 
   93   1.104687E+04   1.238014E+00   2.473E+14   3.998E+33   1.456E-01      5.886E-01   2.444E-01   6.023E-01   1.600E+00   0.000E+00   0.000E+00   0.000E+00   0.000E+00      8.515E+08   2.809E+09   1.000E+00   00000   9.342E-01   7.325E-01  3p2   N/A    N/A    N/A 
   94   1.108633E+04   1.245727E+00   2.433E+14   3.779E+33   1.433E-01      5.834E-01   2.317E-01   5.953E-01   1.592E+00   0.000E+00   0.000E+00   0.000E+00   0.000E+00      8.404E+08   2.870E+09   1.000E+00   00000   9.393E-01   7.358E-01  3p2   N/A    N/A    N/A 
   95   1.112550E+04   1.253385E+00   2.393E+14   3.562E+33   1.410E-01      5.782E-01   2.183E-01   5.884E-01   1.583E+00   0.000E+00   0.000E+00   0.000E+00   0.000E+00      8.290E+08   2.929E+09   1.000E+00   00000   9.445E-01   7.390E-01  3p2   N/A    N/A    N/A 
   96   1.116440E+04   1.260590E+00   2.350E+14   3.367E+33   1.385E-01      5.725E-01   2.026E-01   5.808E-01   1.575E+00   0.000E+00   0.000E+00   0.000E+00   0.000E+00      8.160E+08   2.993E+09   1.000E+00   00000   9.501E-01   7.426E-01  3p2   N/A    N/A    N/A 
   97   1.120303E+04   1.267418E+00   2.303E+14   3.189E+33   1.357E-01      5.663E-01   1.844E-01   5.727E-01   1.565E+00   0.000E+00   0.000E+00   0.000E+00   0.000E+00      8.015E+08   3.061E+09   1.000E+00   00000   9.560E-01   7.465E-01  3p2   N/A    N/A    N/A 
   98   1.124140E+04   1.274200E+00   2.257E+14   3.012E+33   1.331E-01      5.600E-01   1.643E-01   5.647E-01   1.555E+00   0.000E+00   0.000E+00   0.000E+00   0.000E+00      7.864E+08   3.126E+09   1.000E+00   00000   9.619E-01   7.504E-01  3p2   N/A    N/A    N/A 
   99   1.127951E+04   1.280936E+00   2.211E+14   2.836E+33   1.304E-01      5.537E-01   1.415E-01   5.568E-01   1.545E+00   0.000E+00   0.000E+00   0.000E+00   0.000E+00      7.709E+08   3.183E+09   1.000E+00   00000   9.677E-01   7.543E-01  3p2   N/A    N/A    N/A 
  100   1.131736E+04   1.287626E+00   2.165E+14   2.662E+33   1.277E-01      5.474E-01   1.144E-01   5.491E-01   1.535E+00   0.000E+00   0.000E+00   0.000E+00   0.000E+00      7.549E+08   3.230E+09   1.000E+00   00000   9.734E-01   7.583E-01  3p2   N/A    N/A    N/A 
  101   1.135496E+04   1.294272E+00   2.120E+14   2.488E+33   1.251E-01      5.411E-01   7.870E-02   5.416E-01   1.525E+00   0.000E+00   0.000E+00   0.000E+00   0.000E+00      7.384E+08   3.264E+09   1.000E+00   00000   9.791E-01   7.623E-01  3p2   N/A    N/A    N/A 
  102   1.139231E+04   1.300875E+00   2.075E+14   2.316E+33   1.224E-01      5.347E-01  -0.000E+00   5.347E-01   1.514E+00   0.000E+00   0.000E+00   0.000E+00   0.000E+00      7.214E+08   3.284E+09   1.000E+00   00000   9.845E-01   7.663E-01  3p2   N/A    N/A    N/A 
  103   1.142942E+04   1.307434E+00   2.030E+14   2.145E+33   1.198E-01      5.283E-01  -0.000E+00   5.283E-01   1.504E+00   0.000E+00   0.000E+00   0.000E+00   0.000E+00      7.040E+08   3.290E+09   1.000E+00   00000   9.899E-01   7.704E-01  3p2   N/A    N/A    N/A 
  104   1.146629E+04   1.313710E+00   1.982E+14   1.985E+33   1.171E-01      5.214E-01  -0.000E+00   5.214E-01   1.492E+00   0.000E+00   0.000E+00   0.000E+00   0.000E+00      6.850E+08   3.283E+09   1.000E+00   00000   9.955E-01   7.748E-01  3p2   N/A    N/A    N/A 
  105   1.150292E+04   1.319394E+00   1.929E+14   1.846E+33   1.139E-01      5.135E-01  -0.000E+00   5.135E-01   1.479E+00   0.000E+00   0.000E+00   0.000E+00   0.000E+00      6.628E+08   3.259E+09   1.000E+00   00000   1.002E+00   7.798E-01  3p2   N/A    N/A    N/A 
  106   1.153932E+04   1.325042E+00   1.875E+14   1.708E+33   1.108E-01      5.055E-01  -0.000E+00   5.055E-01   1.466E+00   0.000E+00   0.000E+00   0.000E+00   0.000E+00      6.402E+08   3.221E+09   1.000E+00   00000   1.008E+00   7.848E-01  3p2   N/A    N/A    N/A 
  107   1.157550E+04   1.330654E+00   1.822E+14   1.572E+33   1.077E-01      4.974E-01  -0.000E+00   4.974E-01   1.453E+00   0.000E+00   0.000E+00   0.000E+00   0.000E+00      6.172E+08   3.169E+09   1.000E+00   00000   1.014E+00   7.899E-01  3p2   N/A    N/A    N/A 
  108   1.161144E+04   1.336232E+00   1.769E+14   1.436E+33   1.046E-01      4.892E-01  -0.000E+00   4.892E-01   1.439E+00   0.000E+00   0.000E+00   0.000E+00   0.000E+00      5.938E+08   3.107E+09   1.000E+00   00000   1.020E+00   7.950E-01  3p2   N/A    N/A    N/A 
  109   1.164717E+04   1.341776E+00   1.717E+14   1.300E+33   1.015E-01      4.809E-01  -0.000E+00   4.809E-01   1.425E+00   0.000E+00   0.000E+00   0.000E+00   0.000E+00      5.701E+08   3.038E+09   1.000E+00   00000   1.025E+00   8.001E-01  3p2   N/A    N/A    N/A 
  110   1.168268E+04   1.347285E+00   1.665E+14   1.166E+33   9.847E-02      4.725E-01  -0.000E+00   4.725E-01   1.411E+00   0.000E+00   0.000E+00   0.000E+00   0.000E+00      5.462E+08   2.962E+09   1.000E+00   00000   1.031E+00   8.053E-01  3p2   N/A    N/A    N/A 
  111   1.171798E+04   1.352016E+00   1.600E+14   1.056E+33   9.465E-02      4.618E-01  -0.000E+00   4.618E-01   1.393E+00   0.000E+00   0.000E+00   0.000E+00   0.000E+00      5.158E+08   2.861E+09   1.000E+00   00000   1.038E+00   8.118E-01  3p2   N/A    N/A    N/A 
  112   1.174634E+04   1.355778E+00   1.540E+14   9.692E+32   9.108E-02      4.532E-01   0.000E+00   0.000E+00   1.264E+00   0.000E+00   0.000E+00   0.000E+00   0.000E+00      1.666E+09   0.000E+00   0.000E+00   00000   9.509E-01   0.000E+00  1s0  926.9  232.0   32.0
  113   1.177730E+04   1.359885E+00   1.482E+14   8.742E+32   8.765E-02      4.450E-01   0.000E+00   0.000E+00   1.251E+00   0.000E+00   0.000E+00   0.000E+00   0.000E+00      1.837E+09   0.000E+00   0.000E+00   00000   9.524E-01   0.000E+00  1s0  942.4  232.0   32.0
  114   1.180826E+04   1.363991E+00   1.426E+14   7.792E+32   8.434E-02      4.370E-01   0.000E+00   0.000E+00   1.237E+00   0.000E+00   0.000E+00   0.000E+00   0.000E+00      2.022E+09   0.000E+00   0.000E+00   00000   9.539E-01   0.000E+00  1s0  957.4  232.0   32.0
  115   1.183921E+04   1.368098E+00   1.372E+14   6.842E+32   8.116E-02      4.293E-01   0.000E+00   0.000E+00   1.223E+00   0.000E+00   0.000E+00   0.000E+00   0.000E+00      2.217E+09   0.000E+00   0.000E+00   00000   9.555E-01   0.000E+00  1s0  971.8  232.0   32.0
  116   1.185882E+04   1.370437E+00   1.320E+14   6.309E+32   7.810E-02      4.205E-01   0.000E+00   0.000E+00   1.210E+00   0.000E+00   0.000E+00   0.000E+00   0.000E+00      2.399E+09   0.000E+00   0.000E+00   00000   9.569E-01   0.000E+00  1s0  995.2  232.0   32.0
  117   1.187262E+04   1.371872E+00   1.271E+14   5.990E+32   7.517E-02      4.087E-01   0.000E+00   0.000E+00   1.201E+00   0.000E+00   0.000E+00   0.000E+00   0.000E+00      2.541E+09   0.000E+00   0.000E+00   00000   9.579E-01   0.000E+00  1s0 1043.5  232.0   32.0
  118   1.188642E+04   1.373308E+00   1.223E+14   5.671E+32   7.235E-02      3.977E-01   0.000E+00   0.000E+00   1.190E+00   0.000E+00   0.000E+00   0.000E+00   0.000E+00      2.690E+09   0.000E+00   0.000E+00   00000   9.591E-01   0.000E+00  1s0 1090.1  232.0   32.0
  119   1.190022E+04   1.374743E+00   1.177E+14   5.352E+32   6.963E-02      3.874E-01   0.000E+00   0.000E+00   1.179E+00   0.000E+00   0.000E+00   0.000E+00   0.000E+00      2.842E+09   0.000E+00   0.000E+00   00000   9.603E-01   0.000E+00  1s0 1134.9  232.0   32.0
  120   1.191402E+04   1.376179E+00   1.132E+14   5.032E+32   6.702E-02      3.778E-01   0.000E+00   0.000E+00   1.168E+00   0.000E+00   0.000E+00   0.000E+00   0.000E+00      2.993E+09   0.000E+00   0.000E+00   00000   9.615E-01   0.000E+00  1s0 1178.0  232.0   32.0
  121   1.192783E+04   1.377614E+00   1.090E+14   4.713E+32   6.451E-02      3.687E-01   0.000E+00   0.000E+00   1.156E+00   0.000E+00   0.000E+00   0.000E+00   0.000E+00      3.139E+09   0.000E+00   0.000E+00   00000   9.628E-01   0.000E+00  1s0 1219.4  232.0   32.0
  122   1.194163E+04   1.379049E+00   1.049E+14   4.394E+32   6.209E-02      3.601E-01   0.000E+00   0.000E+00   1.145E+00   0.000E+00   0.000E+00   0.000E+00   0.000E+00      3.280E+09   0.000E+00   0.000E+00   00000   9.641E-01   0.000E+00  1s0 1259.3  232.0   32.0
  123   1.195543E+04   1.380485E+00   1.009E+14   4.075E+32   5.976E-02      3.520E-01   0.000E+00   0.000E+00   1.133E+00   0.000E+00   0.000E+00   0.000E+00   0.000E+00      3.416E+09   0.000E+00   0.000E+00   00000   9.654E-01   0.000E+00  1s0 1297.8  232.0   32.0
  124   1.196884E+04   1.381836E+00   9.711E+13   3.775E+32   5.752E-02      3.443E-01   0.000E+00   0.000E+00   1.121E+00   0.000E+00   0.000E+00   0.000E+00   0.000E+00      3.547E+09   0.000E+00   0.000E+00   00000   9.667E-01   0.000E+00  1s0 1334.7  232.0   32.0
  125   1.197985E+04   1.382675E+00   9.345E+13   3.595E+32   5.536E-02      3.370E-01   0.000E+00   0.000E+00   1.108E+00   0.000E+00   0.000E+00   0.000E+00   0.000E+00      3.674E+09   0.000E+00   0.000E+00   00000   9.681E-01   0.000E+00  1s0 1370.3  232.0   32.0
  126   1.199087E+04   1.383513E+00   8.993E+13   3.414E+32   5.329E-02      3.300E-01   0.000E+00   0.000E+00   1.096E+00   0.000E+00   0.000E+00   0.000E+00   0.000E+00      3.796E+09   0.000E+00   0.000E+00   00000   9.694E-01   0.000E+00  1s0 1404.5  232.0   32.0
  127   1.200189E+04   1.384351E+00   8.655E+13   3.234E+32   5.129E-02      3.234E-01   0.000E+00   0.000E+00   1.084E+00   0.000E+00   0.000E+00   0.000E+00   0.000E+00      3.915E+09   0.000E+00   0.000E+00   00000   9.708E-01   0.000E+00  1s0 1437.4  232.0   32.0
  128   1.201290E+04   1.385189E+00   8.328E+13   3.054E+32   4.937E-02      3.169E-01   0.000E+00   0.000E+00   1.072E+00   0.000E+00   0.000E+00   0.000E+00   0.000E+00      4.029E+09   0.000E+00   0.000E+00   00000   9.721E-01   0.000E+00  1s0 1469.1  232.0   32.0
  129   1.202392E+04   1.386027E+00   8.015E+13   2.873E+32   4.752E-02      3.108E-01   0.000E+00   0.000E+00   1.060E+00   0.000E+00   0.000E+00   0.000E+00   0.000E+00      4.139E+09   0.000E+00   0.000E+00   00000   9.735E-01   0.000E+00  1s0 1499.6  232.0   32.0
  130   1.203494E+04   1.386865E+00   7.713E+13   2.693E+32   4.573E-02      3.291E-01   0.000E+00   0.000E+00   1.060E+00   0.000E+00   0.000E+00   0.000E+00   0.000E+00      4.135E+09   0.000E+00   0.000E+00   00000   9.734E-01   0.000E+00  1s0 1519.5  183.0   40.0
  131   1.204595E+04   1.387704E+00   7.422E+13   2.513E+32   4.401E-02      3.236E-01   0.000E+00   0.000E+00   1.047E+00   0.000E+00   0.000E+00   0.000E+00   0.000E+00      4.247E+09   0.000E+00   0.000E+00   00000   9.748E-01   0.000E+00  1s0 1538.6  183.0   40.0
  132   1.205697E+04   1.388542E+00   7.142E+13   2.332E+32   4.236E-02      3.182E-01   0.000E+00   0.000E+00   1.034E+00   0.000E+00   0.000E+00   0.000E+00   0.000E+00      4.353E+09   0.000E+00   0.000E+00   00000   9.762E-01   0.000E+00  1s0 1556.9  183.0   40.0
  133   1.206732E+04   1.389271E+00   6.873E+13   2.176E+32   4.077E-02      3.130E-01   0.000E+00   0.000E+00   1.022E+00   0.000E+00   0.000E+00   0.000E+00   0.000E+00      4.453E+09   0.000E+00   0.000E+00   00000   9.776E-01   0.000E+00  1s0 1574.5  183.0   40.0
  134   1.207617E+04   1.389754E+00   6.614E+13   2.075E+32   3.923E-02      3.079E-01   0.000E+00   0.000E+00   1.009E+00   0.000E+00   0.000E+00   0.000E+00   0.000E+00      4.548E+09   0.000E+00   0.000E+00   00000   9.790E-01   0.000E+00  1s0 1591.5  183.0   40.0
  135   1.208503E+04   1.390236E+00   6.365E+13   1.974E+32   3.776E-02      3.030E-01   0.000E+00   0.000E+00   9.969E-01   0.000E+00   0.000E+00   0.000E+00   0.000E+00      4.637E+09   0.000E+00   0.000E+00   00000   9.803E-01   0.000E+00  1s0 1607.8  183.0   40.0
  136   1.209388E+04   1.390719E+00   6.125E+13   1.873E+32   3.634E-02      2.982E-01   0.000E+00   0.000E+00   9.847E-01   0.000E+00   0.000E+00   0.000E+00   0.000E+00      4.720E+09   0.000E+00   0.000E+00   00000   9.817E-01   0.000E+00  1s0 1623.5  183.0   40.0
  137   1.210273E+04   1.391202E+00   5.894E+13   1.772E+32   3.497E-02      2.935E-01   0.000E+00   0.000E+00   9.725E-01   0.000E+00   0.000E+00   0.000E+00   0.000E+00      4.798E+09   0.000E+00   0.000E+00   00000   9.830E-01   0.000E+00  1s0 1638.7  183.0   40.0
  138   1.211159E+04   1.391685E+00   5.672E+13   1.671E+32   3.366E-02      2.889E-01   0.000E+00   0.000E+00   9.606E-01   0.000E+00   0.000E+00   0.000E+00   0.000E+00      4.869E+09   0.000E+00   0.000E+00   00000   9.843E-01   0.000E+00  1s0 1653.2  183.0   40.0
  139   1.212044E+04   1.392168E+00   5.459E+13   1.570E+32   3.239E-02      2.844E-01   0.000E+00   0.000E+00   9.487E-01   0.000E+00   0.000E+00   0.000E+00   0.000E+00      4.934E+09   0.000E+00   0.000E+00   00000   9.856E-01   0.000E+00  1s0 1667.2  183.0   40.0
  140   1.212930E+04   1.392651E+00   5.253E+13   1.469E+32   3.118E-02      2.801E-01   0.000E+00   0.000E+00   9.370E-01   0.000E+00   0.000E+00   0.000E+00   0.000E+00      4.994E+09   0.000E+00   0.000E+00   00000   9.869E-01   0.000E+00  1s0 1680.7  183.0   40.0
  141   1.213815E+04   1.393134E+00   5.055E+13   1.368E+32   3.001E-02      2.758E-01   0.000E+00   0.000E+00   9.254E-01   0.000E+00   0.000E+00   0.000E+00   0.000E+00      5.047E+09   0.000E+00   0.000E+00   00000   9.882E-01   0.000E+00  1s0 1693.7  183.0   40.0
  142   1.214676E+04   1.393584E+00   4.865E+13   1.275E+32   2.888E-02      2.717E-01   0.000E+00   0.000E+00   9.139E-01   0.000E+00   0.000E+00   0.000E+00   0.000E+00      5.094E+09   0.000E+00   0.000E+00   00000   9.895E-01   0.000E+00  1s0 1706.1  183.0   40.0
  143   1.215417E+04   1.393872E+00   4.681E+13   1.216E+32   2.779E-02      2.676E-01   0.000E+00   0.000E+00   9.026E-01   0.000E+00   0.000E+00   0.000E+00   0.000E+00      5.134E+09   0.000E+00   0.000E+00   00000   9.907E-01   0.000E+00  1s0 1718.2  183.0   40.0
  144   1.216158E+04   1.394159E+00   4.505E+13   1.157E+32   2.675E-02      2.636E-01   0.000E+00   0.000E+00   8.914E-01   0.000E+00   0.000E+00   0.000E+00   0.000E+00      5.169E+09   0.000E+00   0.000E+00   00000   9.919E-01   0.000E+00  1s0 1729.7  183.0   40.0
  145   1.216899E+04   1.394447E+00   4.335E+13   1.099E+32   2.575E-02      2.597E-01   0.000E+00   0.000E+00   8.803E-01   0.000E+00   0.000E+00   0.000E+00   0.000E+00      5.197E+09   0.000E+00   0.000E+00   00000   9.932E-01   0.000E+00  1s0 1740.8  183.0   40.0
  146   1.217640E+04   1.394735E+00   4.172E+13   1.040E+32   2.478E-02      2.559E-01   0.000E+00   0.000E+00   8.693E-01   0.000E+00   0.000E+00   0.000E+00   0.000E+00      5.219E+09   0.000E+00   0.000E+00   00000   9.944E-01   0.000E+00  1s0 1751.5  183.0   40.0
  147   1.218382E+04   1.395023E+00   4.015E+13   9.811E+31   2.385E-02      2.521E-01   0.000E+00   0.000E+00   8.585E-01   0.000E+00   0.000E+00   0.000E+00   0.000E+00      5.235E+09   0.000E+00   0.000E+00   00000   9.956E-01   0.000E+00  1s0 1761.8  183.0   40.0
  148   1.219123E+04   1.395311E+00   3.863E+13   9.224E+31   2.295E-02      2.485E-01   0.000E+00   0.000E+00   8.478E-01   0.000E+00   0.000E+00   0.000E+00   0.000E+00      5.244E+09   0.000E+00   0.000E+00   00000   9.967E-01   0.000E+00  1s0 1771.7  183.0   40.0
  149   1.219864E+04   1.395599E+00   3.718E+13   8.636E+31   2.209E-02      2.449E-01   0.000E+00   0.000E+00   8.372E-01   0.000E+00   0.000E+00   0.000E+00   0.000E+00      5.248E+09   0.000E+00   0.000E+00   00000   9.979E-01   0.000E+00  1s0 1781.3  183.0   40.0
  150   1.220605E+04   1.395887E+00   3.578E+13   8.049E+31   2.126E-02      2.414E-01   0.000E+00   0.000E+00   8.268E-01   0.000E+00   0.000E+00   0.000E+00   0.000E+00      5.245E+09   0.000E+00   0.000E+00   00000   9.991E-01   0.000E+00  1s0 1790.5  183.0   40.0
  151   1.221346E+04   1.396175E+00   3.443E+13   7.462E+31   2.046E-02      2.379E-01   0.000E+00   0.000E+00   8.165E-01   0.000E+00   0.000E+00   0.000E+00   0.000E+00      5.236E+09   0.000E+00   0.000E+00   00000   1.000E+00   0.000E+00  1s0 1799.3  183.0   40.0
  152   1.221960E+04   1.396344E+00   3.313E+13   7.125E+31   1.969E-02      2.543E-01   0.000E+00   0.000E+00   8.040E-01   0.000E+00   0.000E+00   0.000E+00   0.000E+00      5.217E+09   0.000E+00   0.000E+00   00000   1.000E+00   0.000E+00  1s0 1772.4  193.0   50.0
  153   1.222572E+04   1.396513E+00   3.188E+13   6.788E+31   1.895E-02      2.525E-01   0.000E+00   0.000E+00   7.932E-01   0.000E+00   0.000E+00   0.000E+00   0.000E+00      5.193E+09   0.000E+00   0.000E+00   00000   1.000E+00   0.000E+00  1s0 1743.4  193.0   50.0
  154   1.223185E+04   1.396682E+00   3.068E+13   6.452E+31   1.824E-02      2.506E-01   0.000E+00   0.000E+00   7.826E-01   0.000E+00   0.000E+00   0.000E+00   0.000E+00      5.162E+09   0.000E+00   0.000E+00   00000   1.000E+00   0.000E+00  1s0 1715.4  193.0   50.0
  155   1.223798E+04   1.396851E+00   2.953E+13   6.115E+31   1.755E-02      2.487E-01   0.000E+00   0.000E+00   7.722E-01   0.000E+00   0.000E+00   0.000E+00   0.000E+00      5.126E+09   0.000E+00   0.000E+00   00000   1.000E+00   0.000E+00  1s0 1688.6  193.0   50.0
  156   1.224411E+04   1.397020E+00   2.841E+13   5.778E+31   1.689E-02      2.469E-01   0.000E+00   0.000E+00   7.618E-01   0.000E+00   0.000E+00   0.000E+00   0.000E+00      5.085E+09   0.000E+00   0.000E+00   00000   1.000E+00   0.000E+00  1s0 1662.7  193.0   50.0
  157   1.225024E+04   1.397188E+00   2.734E+13   5.441E+31   1.626E-02      2.449E-01   0.000E+00   0.000E+00   7.517E-01   0.000E+00   0.000E+00   0.000E+00   0.000E+00      5.039E+09   0.000E+00   0.000E+00   00000   1.000E+00   0.000E+00  1s0 1637.8  193.0   50.0
  158   1.225637E+04   1.397357E+00   2.631E+13   5.104E+31   1.565E-02      2.430E-01   0.000E+00   0.000E+00   7.416E-01   0.000E+00   0.000E+00   0.000E+00   0.000E+00      4.990E+09   0.000E+00   0.000E+00   00000   1.000E+00   0.000E+00  1s0 1613.9  193.0   50.0
  159   1.226250E+04   1.397526E+00   2.532E+13   4.768E+31   1.506E-02      2.411E-01   0.000E+00   0.000E+00   7.317E-01   0.000E+00   0.000E+00   0.000E+00   0.000E+00      4.938E+09   0.000E+00   0.000E+00   00000   1.000E+00   0.000E+00  1s0 1590.8  193.0   50.0
  160   1.226863E+04   1.397695E+00   2.437E+13   4.431E+31   1.449E-02      2.392E-01   0.000E+00   0.000E+00   7.220E-01   0.000E+00   0.000E+00   0.000E+00   0.000E+00      4.882E+09   0.000E+00   0.000E+00   00000   1.000E+00   0.000E+00  1s0 1568.7  193.0   50.0
  161   1.227406E+04   1.397815E+00   2.345E+13   4.194E+31   1.395E-02      2.372E-01   0.000E+00   0.000E+00   7.124E-01   0.000E+00   0.000E+00   0.000E+00   0.000E+00      4.825E+09   0.000E+00   0.000E+00   00000   1.000E+00   0.000E+00  1s0 1547.3  193.0   50.0
  162   1.227919E+04   1.397915E+00   2.257E+13   3.999E+31   1.342E-02      2.352E-01   0.000E+00   0.000E+00   7.029E-01   0.000E+00   0.000E+00   0.000E+00   0.000E+00      4.765E+09   0.000E+00   0.000E+00   00000   1.000E+00   0.000E+00  1s0 1526.8  193.0   50.0
  163   1.228433E+04   1.398014E+00   2.172E+13   3.803E+31   1.292E-02      2.333E-01   0.000E+00   0.000E+00   6.935E-01   0.000E+00   0.000E+00   0.000E+00   0.000E+00      4.705E+09   0.000E+00   0.000E+00   00000   1.000E+00   0.000E+00  1s0 1507.0  193.0   50.0
  164   1.228946E+04   1.398114E+00   2.090E+13   3.608E+31   1.243E-02      2.313E-01   0.000E+00   0.000E+00   6.843E-01   0.000E+00   0.000E+00   0.000E+00   0.000E+00      4.643E+09   0.000E+00   0.000E+00   00000   1.000E+00   0.000E+00  1s0 1488.0  193.0   50.0
  165   1.229460E+04   1.398214E+00   2.011E+13   3.412E+31   1.197E-02      2.293E-01   0.000E+00   0.000E+00   6.752E-01   0.000E+00   0.000E+00   0.000E+00   0.000E+00      4.580E+09   0.000E+00   0.000E+00   00000   1.000E+00   0.000E+00  1s0 1469.7  193.0   50.0
  166   1.229973E+04   1.398314E+00   1.935E+13   3.217E+31   1.152E-02      2.273E-01   0.000E+00   0.000E+00   6.662E-01   0.000E+00   0.000E+00   0.000E+00   0.000E+00      4.516E+09   0.000E+00   0.000E+00   00000   1.000E+00   0.000E+00  1s0 1452.1  193.0   50.0
  167   1.230487E+04   1.398414E+00   1.862E+13   3.021E+31   1.108E-02      2.253E-01   0.000E+00   0.000E+00   6.573E-01   0.000E+00   0.000E+00   0.000E+00   0.000E+00      4.453E+09   0.000E+00   0.000E+00   00000   1.000E+00   0.000E+00  1s0 1435.1  193.0   50.0
  168   1.231000E+04   1.398513E+00   1.792E+13   2.826E+31   1.067E-02      2.233E-01   0.000E+00   0.000E+00   6.486E-01   0.000E+00   0.000E+00   0.000E+00   0.000E+00      4.389E+09   0.000E+00   0.000E+00   00000   1.000E+00   0.000E+00  1s0 1418.8  193.0   50.0
  169   1.231514E+04   1.398613E+00   1.725E+13   2.631E+31   1.027E-02      2.213E-01   0.000E+00   0.000E+00   6.400E-01   0.000E+00   0.000E+00   0.000E+00   0.000E+00      4.325E+09   0.000E+00   0.000E+00   00000   1.000E+00   0.000E+00  1s0 1403.1  193.0   50.0
  170   1.231990E+04   1.398696E+00   1.660E+13   2.469E+31   9.881E-03      2.192E-01   0.000E+00   0.000E+00   6.315E-01   0.000E+00   0.000E+00   0.000E+00   0.000E+00      4.261E+09   0.000E+00   0.000E+00   00000   1.000E+00   0.000E+00  1s0 1388.0  193.0   50.0
  171   1.232410E+04   1.398754E+00   1.597E+13   2.358E+31   9.510E-03      2.172E-01   0.000E+00   0.000E+00   6.232E-01   0.000E+00   0.000E+00   0.000E+00   0.000E+00      4.198E+09   0.000E+00   0.000E+00   00000   1.000E+00   0.000E+00  1s0 1373.5  193.0   50.0
  172   1.232831E+04   1.398811E+00   1.537E+13   2.248E+31   9.153E-03      2.152E-01   0.000E+00   0.000E+00   6.149E-01   0.000E+00   0.000E+00   0.000E+00   0.000E+00      4.136E+09   0.000E+00   0.000E+00   00000   1.000E+00   0.000E+00  1s0 1359.5  193.0   50.0
  173   1.233251E+04   1.398868E+00   1.479E+13   2.137E+31   8.809E-03      2.134E-01   0.000E+00   0.000E+00   6.118E-01   0.000E+00   0.000E+00   0.000E+00   0.000E+00      4.111E+09   0.000E+00   0.000E+00   00000   1.000E+00   0.000E+00  1s0 1341.9  164.0   50.0
  174   1.233671E+04   1.398926E+00   1.423E+13   2.026E+31   8.477E-03      2.121E-01   0.000E+00   0.000E+00   6.034E-01   0.000E+00   0.000E+00   0.000E+00   0.000E+00      4.048E+09   0.000E+00   0.000E+00   00000   1.000E+00   0.000E+00  1s0 1315.5  164.0   50.0
  175   1.234092E+04   1.398983E+00   1.370E+13   1.916E+31   8.158E-03      2.108E-01   0.000E+00   0.000E+00   5.952E-01   0.000E+00   0.000E+00   0.000E+00   0.000E+00      3.985E+09   0.000E+00   0.000E+00   00000   1.000E+00   0.000E+00  1s0 1290.1  164.0   50.0
  176   1.234512E+04   1.399041E+00   1.318E+13   1.805E+31   7.851E-03      2.094E-01   0.000E+00   0.000E+00   5.871E-01   0.000E+00   0.000E+00   0.000E+00   0.000E+00      3.923E+09   0.000E+00   0.000E+00   00000   1.000E+00   0.000E+00  1s0 1265.7  164.0   50.0
  177   1.234932E+04   1.399098E+00   1.268E+13   1.694E+31   7.555E-03      2.080E-01   0.000E+00   0.000E+00   5.791E-01   0.000E+00   0.000E+00   0.000E+00   0.000E+00      3.862E+09   0.000E+00   0.000E+00   00000   1.000E+00   0.000E+00  1s0 1242.1  164.0   50.0
  178   1.235353E+04   1.399155E+00   1.221E+13   1.584E+31   7.271E-03      2.067E-01   0.000E+00   0.000E+00   5.712E-01   0.000E+00   0.000E+00   0.000E+00   0.000E+00      3.802E+09   0.000E+00   0.000E+00   00000   1.000E+00   0.000E+00  1s0 1219.5  164.0   50.0
  179   1.235773E+04   1.399213E+00   1.175E+13   1.473E+31   6.997E-03      2.053E-01   0.000E+00   0.000E+00   5.634E-01   0.000E+00   0.000E+00   0.000E+00   0.000E+00      3.742E+09   0.000E+00   0.000E+00   00000   1.000E+00   0.000E+00  1s0 1197.7  164.0   50.0
  180   1.236119E+04   1.399248E+00   1.130E+13   1.406E+31   6.733E-03      2.039E-01   0.000E+00   0.000E+00   5.557E-01   0.000E+00   0.000E+00   0.000E+00   0.000E+00      3.682E+09   0.000E+00   0.000E+00   00000   1.000E+00   0.000E+00  1s0 1176.7  164.0   50.0
  181   1.236454E+04   1.399280E+00   1.088E+13   1.346E+31   6.480E-03      2.024E-01   0.000E+00   0.000E+00   5.481E-01   0.000E+00   0.000E+00   0.000E+00   0.000E+00      3.623E+09   0.000E+00   0.000E+00   00000   1.000E+00   0.000E+00  1s0 1156.5  164.0   50.0
  182   1.236790E+04   1.399311E+00   1.047E+13   1.285E+31   6.236E-03      2.010E-01   0.000E+00   0.000E+00   5.406E-01   0.000E+00   0.000E+00   0.000E+00   0.000E+00      3.564E+09   0.000E+00   0.000E+00   00000   1.000E+00   0.000E+00  1s0 1137.1  164.0   50.0
  183   1.237125E+04   1.399343E+00   1.007E+13   1.225E+31   6.001E-03      1.995E-01   0.000E+00   0.000E+00   5.332E-01   0.000E+00   0.000E+00   0.000E+00   0.000E+00      3.505E+09   0.000E+00   0.000E+00   00000   1.000E+00   0.000E+00  1s0 1118.4  164.0   50.0
  184   1.237460E+04   1.399375E+00   9.694E+12   1.164E+31   5.775E-03      1.981E-01   0.000E+00   0.000E+00   5.260E-01   0.000E+00   0.000E+00   0.000E+00   0.000E+00      3.447E+09   0.000E+00   0.000E+00   00000   1.000E+00   0.000E+00  1s0 1100.4  164.0   50.0
  185   1.237796E+04   1.399407E+00   9.328E+12   1.104E+31   5.558E-03      1.965E-01   0.000E+00   0.000E+00   5.194E-01   0.000E+00   0.000E+00   0.000E+00   0.000E+00      3.393E+09   0.000E+00   0.000E+00   00000   1.000E+00   0.000E+00  1s0 1084.4  161.0   50.0
  186   1.238131E+04   1.399439E+00   8.977E+12   1.043E+31   5.349E-03      1.949E-01   0.000E+00   0.000E+00   5.124E-01   0.000E+00   0.000E+00   0.000E+00   0.000E+00      3.335E+09   0.000E+00   0.000E+00   00000   1.000E+00   0.000E+00  1s0 1069.0  161.0   50.0
  187   1.238466E+04   1.399470E+00   8.639E+12   9.830E+30   5.147E-03      1.934E-01   0.000E+00   0.000E+00   5.054E-01   0.000E+00   0.000E+00   0.000E+00   0.000E+00      3.277E+09   0.000E+00   0.000E+00   00000   1.000E+00   0.000E+00  1s0 1054.2  161.0   50.0
  188   1.238802E+04   1.399502E+00   8.313E+12   9.225E+30   4.954E-03      1.918E-01   0.000E+00   0.000E+00   4.986E-01   0.000E+00   0.000E+00   0.000E+00   0.000E+00      3.219E+09   0.000E+00   0.000E+00   00000   1.000E+00   0.000E+00  1s0 1040.0  161.0   50.0
  189   1.239137E+04   1.399534E+00   8.000E+12   8.621E+30   4.767E-03      1.902E-01   0.000E+00   0.000E+00   4.919E-01   0.000E+00   0.000E+00   0.000E+00   0.000E+00      3.161E+09   0.000E+00   0.000E+00   00000   1.000E+00   0.000E+00  1s0 1026.3  161.0   50.0
  190   1.239405E+04   1.399553E+00   7.699E+12   8.259E+30   4.588E-03      1.886E-01   0.000E+00   0.000E+00   4.852E-01   0.000E+00   0.000E+00   0.000E+00   0.000E+00      3.102E+09   0.000E+00   0.000E+00   00000   1.000E+00   0.000E+00  1s0 1013.1  161.0   50.0
  191   1.239655E+04   1.399569E+00   7.408E+12   7.961E+30   4.415E-03      1.870E-01   0.000E+00   0.000E+00   4.787E-01   0.000E+00   0.000E+00   0.000E+00   0.000E+00      3.044E+09   0.000E+00   0.000E+00   00000   1.000E+00   0.000E+00  1s0 1000.4  161.0   50.0
  192   1.239905E+04   1.399585E+00   7.129E+12   7.663E+30   4.249E-03      1.853E-01   0.000E+00   0.000E+00   4.722E-01   0.000E+00   0.000E+00   0.000E+00   0.000E+00      2.986E+09   0.000E+00   0.000E+00   00000   1.000E+00   0.000E+00  1s0  988.2  161.0   50.0
  193   1.240155E+04   1.399601E+00   6.861E+12   7.365E+30   4.089E-03      1.837E-01   0.000E+00   0.000E+00   4.659E-01   0.000E+00   0.000E+00   0.000E+00   0.000E+00      2.928E+09   0.000E+00   0.000E+00   00000   1.000E+00   0.000E+00  1s0  976.4  161.0   50.0
  194   1.240405E+04   1.399617E+00   6.602E+12   7.067E+30   3.935E-03      1.821E-01   0.000E+00   0.000E+00   4.596E-01   0.000E+00   0.000E+00   0.000E+00   0.000E+00      2.871E+09   0.000E+00   0.000E+00   00000   1.000E+00   0.000E+00  1s0  965.1  161.0   50.0
  195   1.240655E+04   1.399632E+00   6.353E+12   6.769E+30   3.787E-03      1.805E-01   0.000E+00   0.000E+00   4.534E-01   0.000E+00   0.000E+00   0.000E+00   0.000E+00      2.813E+09   0.000E+00   0.000E+00   00000   1.000E+00   0.000E+00  1s0  954.2  161.0   50.0
  196   1.240906E+04   1.399648E+00   6.114E+12   6.471E+30   3.645E-03      1.796E-01   0.000E+00   0.000E+00   4.473E-01   0.000E+00   0.000E+00   0.000E+00   0.000E+00      2.757E+09   0.000E+00   0.000E+00   00000   1.000E+00   0.000E+00  1s0  932.1  159.0   50.0
  197   1.241156E+04   1.399664E+00   5.884E+12   6.173E+30   3.508E-03      1.791E-01   0.000E+00   0.000E+00   4.407E-01   0.000E+00   0.000E+00   0.000E+00   0.000E+00      2.694E+09   0.000E+00   0.000E+00   00000   1.000E+00   0.000E+00  1s0  903.2  159.0   50.0
  198   1.241406E+04   1.399680E+00   5.662E+12   5.875E+30   3.376E-03      1.787E-01   0.000E+00   0.000E+00   4.341E-01   0.000E+00   0.000E+00   0.000E+00   0.000E+00      2.632E+09   0.000E+00   0.000E+00   00000   1.000E+00   0.000E+00  1s0  875.5  159.0   50.0
  199   1.241656E+04   1.399696E+00   5.449E+12   5.577E+30   3.248E-03      1.783E-01   0.000E+00   0.000E+00   4.276E-01   0.000E+00   0.000E+00   0.000E+00   0.000E+00      2.571E+09   0.000E+00   0.000E+00   00000   1.000E+00   0.000E+00  1s0  848.7  159.0   50.0
  200   1.241906E+04   1.399712E+00   5.243E+12   5.278E+30   3.126E-03      1.778E-01   0.000E+00   0.000E+00   4.211E-01   0.000E+00   0.000E+00   0.000E+00   0.000E+00      2.509E+09   0.000E+00   0.000E+00   00000   1.000E+00   0.000E+00  1s0  823.0  159.0   50.0
  201   1.242151E+04   1.399726E+00   5.046E+12   4.999E+30   3.008E-03      1.774E-01   0.000E+00   0.000E+00   4.147E-01   0.000E+00   0.000E+00   0.000E+00   0.000E+00      2.448E+09   0.000E+00   0.000E+00   00000   1.000E+00   0.000E+00  1s0  798.3  159.0   50.0
  202   1.242360E+04   1.399735E+00   4.856E+12   4.847E+30   2.895E-03      1.769E-01   0.000E+00   0.000E+00   4.084E-01   0.000E+00   0.000E+00   0.000E+00   0.000E+00      2.388E+09   0.000E+00   0.000E+00   00000   1.000E+00   0.000E+00  1s0  774.4  159.0   50.0
  203   1.242570E+04   1.399743E+00   4.673E+12   4.695E+30   2.786E-03      1.764E-01   0.000E+00   0.000E+00   4.022E-01   0.000E+00   0.000E+00   0.000E+00   0.000E+00      2.328E+09   0.000E+00   0.000E+00   00000   1.000E+00   0.000E+00  1s0  751.5  159.0   50.0
  204   1.242779E+04   1.399751E+00   4.497E+12   4.543E+30   2.681E-03      1.759E-01   0.000E+00   0.000E+00   3.960E-01   0.000E+00   0.000E+00   0.000E+00   0.000E+00      2.269E+09   0.000E+00   0.000E+00   00000   1.000E+00   0.000E+00  1s0  729.5  159.0   50.0
  205   1.242988E+04   1.399759E+00   4.327E+12   4.392E+30   2.580E-03      1.754E-01   0.000E+00   0.000E+00   3.898E-01   0.000E+00   0.000E+00   0.000E+00   0.000E+00      2.211E+09   0.000E+00   0.000E+00   00000   1.000E+00   0.000E+00  1s0  708.2  159.0   50.0
  206   1.243198E+04   1.399767E+00   4.164E+12   4.240E+30   2.483E-03      1.748E-01   0.000E+00   0.000E+00   3.838E-01   0.000E+00   0.000E+00   0.000E+00   0.000E+00      2.153E+09   0.000E+00   0.000E+00   00000   1.000E+00   0.000E+00  1s0  687.8  159.0   50.0
  207   1.243407E+04   1.399775E+00   4.007E+12   4.088E+30   2.390E-03      1.743E-01   0.000E+00   0.000E+00   3.778E-01   0.000E+00   0.000E+00   0.000E+00   0.000E+00      2.096E+09   0.000E+00   0.000E+00   00000   1.000E+00   0.000E+00  1s0  668.2  159.0   50.0
  208   1.243616E+04   1.399784E+00   3.856E+12   3.936E+30   2.300E-03      1.737E-01   0.000E+00   0.000E+00   3.719E-01   0.000E+00   0.000E+00   0.000E+00   0.000E+00      2.039E+09   0.000E+00   0.000E+00   00000   1.000E+00   0.000E+00  1s0  649.2  159.0   50.0
  209   1.243826E+04   1.399792E+00   3.711E+12   3.784E+30   2.213E-03      1.732E-01   0.000E+00   0.000E+00   3.660E-01   0.000E+00   0.000E+00   0.000E+00   0.000E+00      1.984E+09   0.000E+00   0.000E+00   00000   1.000E+00   0.000E+00  1s0  631.0  159.0   50.0
  210   1.244035E+04   1.399800E+00   3.571E+12   3.632E+30   2.130E-03      1.726E-01   0.000E+00   0.000E+00   3.602E-01   0.000E+00   0.000E+00   0.000E+00   0.000E+00      1.929E+09   0.000E+00   0.000E+00   00000   1.000E+00   0.000E+00  1s0  613.5  159.0   50.0
  211   1.244244E+04   1.399808E+00   3.437E+12   3.481E+30   2.050E-03      1.720E-01   0.000E+00   0.000E+00   3.544E-01   0.000E+00   0.000E+00   0.000E+00   0.000E+00      1.875E+09   0.000E+00   0.000E+00   00000   1.000E+00   0.000E+00  1s0  596.7  159.0   50.0
  212   1.244454E+04   1.399816E+00   3.307E+12   3.329E+30   1.973E-03      1.714E-01   0.000E+00   0.000E+00   3.487E-01   0.000E+00   0.000E+00   0.000E+00   0.000E+00      1.822E+09   0.000E+00   0.000E+00   00000   1.000E+00   0.000E+00  1s0  580.4  159.0   50.0
  213   1.244663E+04   1.399824E+00   3.183E+12   3.177E+30   1.898E-03      1.707E-01   0.000E+00   0.000E+00   3.431E-01   0.000E+00   0.000E+00   0.000E+00   0.000E+00      1.769E+09   0.000E+00   0.000E+00   00000   1.000E+00   0.000E+00  1s0  564.8  159.0   50.0
  214   1.244867E+04   1.399832E+00   3.063E+12   3.037E+30   1.827E-03      1.701E-01   0.000E+00   0.000E+00   3.375E-01   0.000E+00   0.000E+00   0.000E+00   0.000E+00      1.718E+09   0.000E+00   0.000E+00   00000   1.000E+00   0.000E+00  1s0  549.8  159.0   50.0
  215   1.245044E+04   1.399836E+00   2.947E+12   2.962E+30   1.758E-03      1.694E-01   0.000E+00   0.000E+00   3.320E-01   0.000E+00   0.000E+00   0.000E+00   0.000E+00      1.668E+09   0.000E+00   0.000E+00   00000   1.000E+00   0.000E+00  1s0  535.4  159.0   50.0
  216   1.245221E+04   1.399840E+00   2.836E+12   2.887E+30   1.692E-03      1.687E-01   0.000E+00   0.000E+00   3.266E-01   0.000E+00   0.000E+00   0.000E+00   0.000E+00      1.618E+09   0.000E+00   0.000E+00   00000   1.000E+00   0.000E+00  1s0  521.4  159.0   50.0
  217   1.245398E+04   1.399844E+00   2.729E+12   2.812E+30   1.628E-03      1.680E-01   0.000E+00   0.000E+00   3.212E-01   0.000E+00   0.000E+00   0.000E+00   0.000E+00      1.570E+09   0.000E+00   0.000E+00   00000   1.000E+00   0.000E+00  1s0  508.1  159.0   50.0
  218   1.245575E+04   1.399848E+00   2.626E+12   2.737E+30   1.567E-03      1.554E-01   0.000E+00   0.000E+00   3.284E-01   0.000E+00   0.000E+00   0.000E+00   0.000E+00      1.635E+09   0.000E+00   0.000E+00   00000   1.000E+00   0.000E+00  1s0  494.2  117.0   40.0
  219   1.245752E+04   1.399852E+00   2.528E+12   2.661E+30   1.508E-03      1.550E-01   0.000E+00   0.000E+00   3.232E-01   0.000E+00   0.000E+00   0.000E+00   0.000E+00      1.588E+09   0.000E+00   0.000E+00   00000   1.000E+00   0.000E+00  1s0  479.3  117.0   40.0
  220   1.245929E+04   1.399856E+00   2.432E+12   2.586E+30   1.451E-03      1.546E-01   0.000E+00   0.000E+00   3.180E-01   0.000E+00   0.000E+00   0.000E+00   0.000E+00      1.542E+09   0.000E+00   0.000E+00   00000   1.000E+00   0.000E+00  1s0  464.9  117.0   40.0
  221   1.246106E+04   1.399860E+00   2.341E+12   2.511E+30   1.397E-03      1.542E-01   0.000E+00   0.000E+00   3.129E-01   0.000E+00   0.000E+00   0.000E+00   0.000E+00      1.496E+09   0.000E+00   0.000E+00   00000   1.000E+00   0.000E+00  1s0  451.1  117.0   40.0
  222   1.246284E+04   1.399865E+00   2.252E+12   2.436E+30   1.344E-03      1.538E-01   0.000E+00   0.000E+00   3.078E-01   0.000E+00   0.000E+00   0.000E+00   0.000E+00      1.452E+09   0.000E+00   0.000E+00   00000   1.000E+00   0.000E+00  1s0  437.8  117.0   40.0
  223   1.246461E+04   1.399869E+00   2.168E+12   2.361E+30   1.294E-03      1.533E-01   0.000E+00   0.000E+00   3.028E-01   0.000E+00   0.000E+00   0.000E+00   0.000E+00      1.408E+09   0.000E+00   0.000E+00   00000   1.000E+00   0.000E+00  1s0  424.9  117.0   40.0
  224   1.246638E+04   1.399873E+00   2.086E+12   2.286E+30   1.245E-03      1.529E-01   0.000E+00   0.000E+00   2.978E-01   0.000E+00   0.000E+00   0.000E+00   0.000E+00      1.366E+09   0.000E+00   0.000E+00   00000   1.000E+00   0.000E+00  1s0  412.6  117.0   40.0
  225   1.246815E+04   1.399877E+00   2.007E+12   2.210E+30   1.198E-03      1.524E-01   0.000E+00   0.000E+00   2.929E-01   0.000E+00   0.000E+00   0.000E+00   0.000E+00      1.324E+09   0.000E+00   0.000E+00   00000   1.000E+00   0.000E+00  1s0  400.8  117.0   40.0
  226   1.246992E+04   1.399881E+00   1.932E+12   2.135E+30   1.153E-03      1.519E-01   0.000E+00   0.000E+00   2.880E-01   0.000E+00   0.000E+00   0.000E+00   0.000E+00      1.283E+09   0.000E+00   0.000E+00   00000   1.000E+00   0.000E+00  1s0  389.4  117.0   40.0
  227   1.247169E+04   1.399885E+00   1.859E+12   2.060E+30   1.110E-03      1.514E-01   0.000E+00   0.000E+00   2.831E-01   0.000E+00   0.000E+00   0.000E+00   0.000E+00      1.243E+09   0.000E+00   0.000E+00   00000   1.000E+00   0.000E+00  1s0  378.4  117.0   40.0
  228   1.247346E+04   1.399889E+00   1.789E+12   1.985E+30   1.068E-03      1.509E-01   0.000E+00   0.000E+00   2.783E-01   0.000E+00   0.000E+00   0.000E+00   0.000E+00      1.203E+09   0.000E+00   0.000E+00   00000   1.000E+00   0.000E+00  1s0  367.8  117.0   40.0
  229   1.247523E+04   1.399893E+00   1.721E+12   1.910E+30   1.028E-03      1.504E-01   0.000E+00   0.000E+00   2.736E-01   0.000E+00   0.000E+00   0.000E+00   0.000E+00      1.165E+09   0.000E+00   0.000E+00   00000   1.000E+00   0.000E+00  1s0  357.6  117.0   40.0
  230   1.247716E+04   1.399896E+00   1.657E+12   1.857E+30   9.890E-04      1.499E-01   0.000E+00   0.000E+00   2.689E-01   0.000E+00   0.000E+00   0.000E+00   0.000E+00      1.126E+09   0.000E+00   0.000E+00   00000   1.000E+00   0.000E+00  1s0  347.9  117.0   40.0
  231   1.247915E+04   1.399898E+00   1.594E+12   1.812E+30   9.518E-04      1.493E-01   0.000E+00   0.000E+00   2.642E-01   0.000E+00   0.000E+00   0.000E+00   0.000E+00      1.089E+09   0.000E+00   0.000E+00   00000   1.000E+00   0.000E+00  1s0  338.4  117.0   40.0
  232   1.248113E+04   1.399901E+00   1.534E+12   1.766E+30   9.160E-04      1.488E-01   0.000E+00   0.000E+00   2.596E-01   0.000E+00   0.000E+00   0.000E+00   0.000E+00      1.052E+09   0.000E+00   0.000E+00   00000   1.000E+00   0.000E+00  1s0  329.4  117.0   40.0
  233   1.248312E+04   1.399903E+00   1.476E+12   1.721E+30   8.816E-04      1.482E-01   0.000E+00   0.000E+00   2.550E-01   0.000E+00   0.000E+00   0.000E+00   0.000E+00      1.016E+09   0.000E+00   0.000E+00   00000   1.000E+00   0.000E+00  1s0  320.6  117.0   40.0
  234   1.248511E+04   1.399906E+00   1.421E+12   1.676E+30   8.484E-04      1.476E-01   0.000E+00   0.000E+00   2.509E-01   0.000E+00   0.000E+00   0.000E+00   0.000E+00      9.839E+08   0.000E+00   0.000E+00   00000   1.000E+00   0.000E+00  1s0  312.3  116.0   40.0
  235   1.248709E+04   1.399908E+00   1.367E+12   1.630E+30   8.165E-04      1.470E-01   0.000E+00   0.000E+00   2.464E-01   0.000E+00   0.000E+00   0.000E+00   0.000E+00      9.489E+08   0.000E+00   0.000E+00   00000   1.000E+00   0.000E+00  1s0  304.3  116.0   40.0
  236   1.248908E+04   1.399911E+00   1.316E+12   1.585E+30   7.858E-04      1.464E-01   0.000E+00   0.000E+00   2.420E-01   0.000E+00   0.000E+00   0.000E+00   0.000E+00      9.145E+08   0.000E+00   0.000E+00   00000   1.000E+00   0.000E+00  1s0  296.6  116.0   40.0
  237   1.249106E+04   1.399913E+00   1.266E+12   1.540E+30   7.562E-04      1.458E-01   0.000E+00   0.000E+00   2.376E-01   0.000E+00   0.000E+00   0.000E+00   0.000E+00      8.805E+08   0.000E+00   0.000E+00   00000   1.000E+00   0.000E+00  1s0  289.2  116.0   40.0
  238   1.249305E+04   1.399916E+00   1.218E+12   1.494E+30   7.278E-04      1.451E-01   0.000E+00   0.000E+00   2.332E-01   0.000E+00   0.000E+00   0.000E+00   0.000E+00      8.470E+08   0.000E+00   0.000E+00   00000   1.000E+00   0.000E+00  1s0  282.1  116.0   40.0
  239   1.249504E+04   1.399918E+00   1.172E+12   1.449E+30   7.004E-04      1.445E-01   0.000E+00   0.000E+00   2.289E-01   0.000E+00   0.000E+00   0.000E+00   0.000E+00      8.139E+08   0.000E+00   0.000E+00   00000   1.000E+00   0.000E+00  1s0  275.2  116.0   40.0
  240   1.249702E+04   1.399921E+00   1.128E+12   1.404E+30   6.741E-04      1.438E-01   0.000E+00   0.000E+00   2.247E-01   0.000E+00   0.000E+00   0.000E+00   0.000E+00      7.812E+08   0.000E+00   0.000E+00   00000   1.000E+00   0.000E+00  1s0  268.6  116.0   40.0
  241   1.249901E+04   1.399923E+00   1.086E+12   1.358E+30   6.487E-04      1.431E-01   0.000E+00   0.000E+00   2.204E-01   0.000E+00   0.000E+00   0.000E+00   0.000E+00      7.490E+08   0.000E+00   0.000E+00   00000   1.000E+00   0.000E+00  1s0  262.2  116.0   40.0
  242   1.250100E+04   1.399926E+00   1.045E+12   1.313E+30   6.244E-04      1.424E-01   0.000E+00   0.000E+00   2.163E-01   0.000E+00   0.000E+00   0.000E+00   0.000E+00      7.171E+08   0.000E+00   0.000E+00   00000   1.000E+00   0.000E+00  1s0  256.1  116.0   40.0
  243   1.250298E+04   1.399928E+00   1.005E+12   1.268E+30   6.009E-04      1.417E-01   0.000E+00   0.000E+00   2.121E-01   0.000E+00   0.000E+00   0.000E+00   0.000E+00      6.855E+08   0.000E+00   0.000E+00   00000   1.000E+00   0.000E+00  1s0  250.2  116.0   40.0
  244   1.250497E+04   1.399931E+00   9.676E+11   1.222E+30   5.783E-04      1.410E-01   0.000E+00   0.000E+00   2.080E-01   0.000E+00   0.000E+00   0.000E+00   0.000E+00      6.543E+08   0.000E+00   0.000E+00   00000   1.000E+00   0.000E+00  1s0  244.6  116.0   40.0
  245   1.250713E+04   1.399933E+00   9.311E+11   1.180E+30   5.565E-04      1.402E-01   0.000E+00   0.000E+00   2.040E-01   0.000E+00   0.000E+00   0.000E+00   0.000E+00      6.234E+08   0.000E+00   0.000E+00   00000   1.000E+00   0.000E+00  1s0  239.1  116.0   40.0
  246   1.250977E+04   1.399935E+00   8.961E+11   1.145E+30   5.355E-04      1.395E-01   0.000E+00   0.000E+00   1.999E-01   0.000E+00   0.000E+00   0.000E+00   0.000E+00      5.929E+08   0.000E+00   0.000E+00   00000   1.000E+00   0.000E+00  1s0  233.9  116.0   40.0
  247   1.251241E+04   1.399937E+00   8.623E+11   1.111E+30   5.154E-04      1.387E-01   0.000E+00   0.000E+00   1.960E-01   0.000E+00   0.000E+00   0.000E+00   0.000E+00      5.626E+08   0.000E+00   0.000E+00   00000   1.000E+00   0.000E+00  1s0  228.8  116.0   40.0
  248   1.251505E+04   1.399939E+00   8.298E+11   1.077E+30   4.959E-04      1.379E-01   0.000E+00   0.000E+00   1.920E-01   0.000E+00   0.000E+00   0.000E+00   0.000E+00      5.327E+08   0.000E+00   0.000E+00   00000   1.000E+00   0.000E+00  1s0  224.0  116.0   40.0
  249   1.251769E+04   1.399941E+00   7.985E+11   1.042E+30   4.773E-04      1.371E-01   0.000E+00   0.000E+00   1.881E-01   0.000E+00   0.000E+00   0.000E+00   0.000E+00      5.032E+08   0.000E+00   0.000E+00   00000   1.000E+00   0.000E+00  1s0  219.3  116.0   40.0
  250   1.252033E+04   1.399943E+00   7.685E+11   1.008E+30   4.593E-04      1.363E-01   0.000E+00   0.000E+00   1.843E-01   0.000E+00   0.000E+00   0.000E+00   0.000E+00      4.742E+08   0.000E+00   0.000E+00   00000   1.000E+00   0.000E+00  1s0  214.8  116.0   40.0
  251   1.252297E+04   1.399944E+00   7.395E+11   9.737E+29   4.420E-04      1.355E-01   0.000E+00   0.000E+00   1.804E-01   0.000E+00   0.000E+00   0.000E+00   0.000E+00      4.458E+08   0.000E+00   0.000E+00   00000   1.000E+00   0.000E+00  1s0  210.5  116.0   40.0
  252   1.252561E+04   1.399946E+00   7.116E+11   9.393E+29   4.254E-04      1.347E-01   0.000E+00   0.000E+00   1.767E-01   0.000E+00   0.000E+00   0.000E+00   0.000E+00      4.179E+08   0.000E+00   0.000E+00   00000   1.000E+00   0.000E+00  1s0  206.3  116.0   40.0
  253   1.252825E+04   1.399948E+00   6.848E+11   9.050E+29   4.093E-04      1.338E-01   0.000E+00   0.000E+00   1.729E-01   0.000E+00   0.000E+00   0.000E+00   0.000E+00      3.906E+08   0.000E+00   0.000E+00   00000   1.000E+00   0.000E+00  1s0  202.3  116.0   40.0
  254   1.253089E+04   1.399950E+00   6.590E+11   8.706E+29   3.939E-04      1.330E-01   0.000E+00   0.000E+00   1.692E-01   0.000E+00   0.000E+00   0.000E+00   0.000E+00      3.638E+08   0.000E+00   0.000E+00   00000   1.000E+00   0.000E+00  1s0  198.4  116.0   40.0
  255   1.253353E+04   1.399952E+00   6.342E+11   8.363E+29   3.791E-04      1.322E-01   0.000E+00   0.000E+00   1.655E-01   0.000E+00   0.000E+00   0.000E+00   0.000E+00      3.374E+08   0.000E+00   0.000E+00   00000   1.000E+00   0.000E+00  1s0  194.5  116.0   40.0
  256   1.253617E+04   1.399954E+00   6.103E+11   8.019E+29   3.648E-04      1.313E-01   0.000E+00   0.000E+00   1.618E-01   0.000E+00   0.000E+00   0.000E+00   0.000E+00      3.118E+08   0.000E+00   0.000E+00   00000   1.000E+00   0.000E+00  1s0  190.8  116.0   40.0
  257   1.253881E+04   1.399956E+00   5.873E+11   7.676E+29   3.511E-04      1.305E-01   0.000E+00   0.000E+00   1.581E-01   0.000E+00   0.000E+00   0.000E+00   0.000E+00      2.869E+08   0.000E+00   0.000E+00   00000   1.000E+00   0.000E+00  1s0  187.2  116.0   40.0
  258   1.254145E+04   1.399958E+00   5.652E+11   7.332E+29   3.379E-04      1.296E-01   0.000E+00   0.000E+00   1.545E-01   0.000E+00   0.000E+00   0.000E+00   0.000E+00      2.628E+08   0.000E+00   0.000E+00   00000   1.000E+00   0.000E+00  1s0  183.8  116.0   40.0
  259   1.254357E+04   1.399959E+00   5.439E+11   7.181E+29   3.252E-04      1.287E-01   0.000E+00   0.000E+00   1.509E-01   0.000E+00   0.000E+00   0.000E+00   0.000E+00      2.395E+08   0.000E+00   0.000E+00   00000   1.000E+00   0.000E+00  1s0  180.5  116.0   40.0
  260   1.254565E+04   1.399959E+00   5.234E+11   7.047E+29   3.130E-04      1.287E-01   0.000E+00   0.000E+00   1.457E-01   0.000E+00   0.000E+00   0.000E+00   0.000E+00      2.064E+08   0.000E+00   0.000E+00   00000   1.000E+00   0.000E+00  1s0  174.1  116.0   40.0
  261   1.254772E+04   1.399960E+00   5.037E+11   6.913E+29   3.012E-04      1.287E-01   0.000E+00   0.000E+00   1.399E-01   0.000E+00   0.000E+00   0.000E+00   0.000E+00      1.719E+08   0.000E+00   0.000E+00   00000   1.000E+00   0.000E+00  1s0  167.4  116.0   40.0
  262   1.254980E+04   1.399961E+00   4.847E+11   6.779E+29   2.899E-04      1.287E-01   0.000E+00   0.000E+00   1.338E-01   0.000E+00   0.000E+00   0.000E+00   0.000E+00      1.379E+08   0.000E+00   0.000E+00   00000   1.000E+00   0.000E+00  1s0  160.9  116.0   40.0
  263   1.255187E+04   1.399962E+00   4.664E+11   6.645E+29   2.790E-04      1.288E-01   0.000E+00   0.000E+00   1.274E-01   0.000E+00   0.000E+00   0.000E+00   0.000E+00      1.046E+08   0.000E+00   0.000E+00   00000   1.000E+00   0.000E+00  1s0  154.7  116.0   40.0
  264   1.255394E+04   1.399962E+00   4.488E+11   6.511E+29   2.685E-04      1.288E-01   0.000E+00   0.000E+00   1.205E-01   0.000E+00   0.000E+00   0.000E+00   0.000E+00      7.237E+07   0.000E+00   0.000E+00   00000   1.000E+00   0.000E+00  1s0  148.8  116.0   40.0
  265   1.255602E+04   1.399963E+00   4.319E+11   6.377E+29   2.584E-04      1.289E-01   0.000E+00   0.000E+00   1.131E-01   0.000E+00   0.000E+00   0.000E+00   0.000E+00      4.172E+07   0.000E+00   0.000E+00   00000   1.000E+00   0.000E+00  1s0  143.0  116.0   40.0
  266   1.255809E+04   1.399964E+00   4.157E+11   6.244E+29   2.487E-04      1.289E-01   0.000E+00   0.000E+00   1.048E-01   0.000E+00   0.000E+00   0.000E+00   0.000E+00      1.351E+07   0.000E+00   0.000E+00   00000   1.000E+00   0.000E+00  1s0  137.5  116.0   40.0
  267   1.256017E+04   1.399965E+00   4.000E+11   6.110E+29   2.394E-04      1.290E-01   0.000E+00   0.000E+00   9.542E-02   0.000E+00   0.000E+00   0.000E+00   0.000E+00      8.963E+03   0.000E+00   0.000E+00   00000   1.000E+00   0.000E+00  1s0  132.2  116.0   40.0
  268   1.256224E+04   1.399965E+00   3.849E+11   5.976E+29   2.304E-04      1.280E-01   0.000E+00   0.000E+00   0.000E+00   0.000E+00   0.000E+00   0.000E+00   0.000E+00      0.000E+00   0.000E+00   0.000E+00   00000   0.000E+00   0.000E+00       130.0  130.0   40.0
  269   1.256432E+04   1.399966E+00   3.704E+11   5.842E+29   2.217E-04      1.264E-01   0.000E+00   0.000E+00   0.000E+00   0.000E+00   0.000E+00   0.000E+00   0.000E+00      0.000E+00   0.000E+00   0.000E+00   00000   0.000E+00   0.000E+00       130.0  130.0   40.0
  270   1.256639E+04   1.399967E+00   3.564E+11   5.708E+29   2.133E-04      1.248E-01   0.000E+00   0.000E+00   0.000E+00   0.000E+00   0.000E+00   0.000E+00   0.000E+00      0.000E+00   0.000E+00   0.000E+00   00000   0.000E+00   0.000E+00       130.0  130.0   40.0
  271   1.256847E+04   1.399968E+00   3.430E+11   5.574E+29   2.053E-04      1.232E-01   0.000E+00   0.000E+00   0.000E+00   0.000E+00   0.000E+00   0.000E+00   0.000E+00      0.000E+00   0.000E+00   0.000E+00   00000   0.000E+00   0.000E+00       130.0  130.0   40.0
  272   1.257054E+04   1.399968E+00   3.301E+11   5.440E+29   1.975E-04      1.216E-01   0.000E+00   0.000E+00   0.000E+00   0.000E+00   0.000E+00   0.000E+00   0.000E+00      0.000E+00   0.000E+00   0.000E+00   00000   0.000E+00   0.000E+00       130.0  130.0   40.0
  273   1.257262E+04   1.399969E+00   3.176E+11   5.306E+29   1.901E-04      1.214E-01   0.000E+00   0.000E+00   0.000E+00   0.000E+00   0.000E+00   0.000E+00   0.000E+00      0.000E+00   0.000E+00   0.000E+00   00000   0.000E+00   0.000E+00        88.0   88.0   28.0
  274   1.257469E+04   1.399970E+00   3.057E+11   5.172E+29   1.830E-04      1.199E-01   0.000E+00   0.000E+00   0.000E+00   0.000E+00   0.000E+00   0.000E+00   0.000E+00      0.000E+00   0.000E+00   0.000E+00   00000   0.000E+00   0.000E+00        88.0   88.0   28.0
  275   1.257677E+04   1.399971E+00   2.941E+11   5.038E+29   1.761E-04      1.184E-01   0.000E+00   0.000E+00   0.000E+00   0.000E+00   0.000E+00   0.000E+00   0.000E+00      0.000E+00   0.000E+00   0.000E+00   00000   0.000E+00   0.000E+00        88.0   88.0   28.0
  276   1.257971E+04   1.399972E+00   2.831E+11   4.887E+29   1.695E-04      1.169E-01   0.000E+00   0.000E+00   0.000E+00   0.000E+00   0.000E+00   0.000E+00   0.000E+00      0.000E+00   0.000E+00   0.000E+00   00000   0.000E+00   0.000E+00        88.0   88.0   28.0
  277   1.258414E+04   1.399973E+00   2.724E+11   4.704E+29   1.631E-04      1.154E-01   0.000E+00   0.000E+00   0.000E+00   0.000E+00   0.000E+00   0.000E+00   0.000E+00      0.000E+00   0.000E+00   0.000E+00   00000   0.000E+00   0.000E+00        88.0   88.0   28.0
  278   1.258857E+04   1.399974E+00   2.621E+11   4.522E+29   1.570E-04      1.148E-01   0.000E+00   0.000E+00   0.000E+00   0.000E+00   0.000E+00   0.000E+00   0.000E+00      0.000E+00   0.000E+00   0.000E+00   00000   0.000E+00   0.000E+00        86.0   86.0   28.0
  279   1.259300E+04   1.399975E+00   2.522E+11   4.339E+29   1.511E-04      1.133E-01   0.000E+00   0.000E+00   0.000E+00   0.000E+00   0.000E+00   0.000E+00   0.000E+00      0.000E+00   0.000E+00   0.000E+00   00000   0.000E+00   0.000E+00        86.0   86.0   28.0
  280   1.259743E+04   1.399976E+00   2.427E+11   4.157E+29   1.454E-04      1.119E-01   0.000E+00   0.000E+00   0.000E+00   0.000E+00   0.000E+00   0.000E+00   0.000E+00      0.000E+00   0.000E+00   0.000E+00   00000   0.000E+00   0.000E+00        86.0   86.0   28.0
  281   1.260186E+04   1.399977E+00   2.336E+11   3.974E+29   1.399E-04      1.105E-01   0.000E+00   0.000E+00   0.000E+00   0.000E+00   0.000E+00   0.000E+00   0.000E+00      0.000E+00   0.000E+00   0.000E+00   00000   0.000E+00   0.000E+00        86.0   86.0   28.0
  282   1.260629E+04   1.399978E+00   2.248E+11   3.792E+29   1.346E-04      1.091E-01   0.000E+00   0.000E+00   0.000E+00   0.000E+00   0.000E+00   0.000E+00   0.000E+00      0.000E+00   0.000E+00   0.000E+00   00000   0.000E+00   0.000E+00        86.0   86.0   28.0
  283   1.261072E+04   1.399979E+00   2.163E+11   3.610E+29   1.295E-04      1.077E-01   0.000E+00   0.000E+00   0.000E+00   0.000E+00   0.000E+00   0.000E+00   0.000E+00      0.000E+00   0.000E+00   0.000E+00   00000   0.000E+00   0.000E+00        86.0   86.0   28.0
  284   1.261515E+04   1.399980E+00   2.081E+11   3.427E+29   1.246E-04      1.063E-01   0.000E+00   0.000E+00   0.000E+00   0.000E+00   0.000E+00   0.000E+00   0.000E+00      0.000E+00   0.000E+00   0.000E+00   00000   0.000E+00   0.000E+00        86.0   86.0   28.0
  285   1.261958E+04   1.399981E+00   2.003E+11   3.245E+29   1.200E-04      1.058E-01   0.000E+00   0.000E+00   0.000E+00   0.000E+00   0.000E+00   0.000E+00   0.000E+00      0.000E+00   0.000E+00   0.000E+00   00000   0.000E+00   0.000E+00        84.0   84.0   28.0
  286   1.262401E+04   1.399982E+00   1.927E+11   3.062E+29   1.155E-04      1.045E-01   0.000E+00   0.000E+00   0.000E+00   0.000E+00   0.000E+00   0.000E+00   0.000E+00      0.000E+00   0.000E+00   0.000E+00   00000   0.000E+00   0.000E+00        84.0   84.0   28.0
  287   1.262829E+04   1.399983E+00   1.855E+11   2.906E+29   1.111E-04      1.031E-01   0.000E+00   0.000E+00   0.000E+00   0.000E+00   0.000E+00   0.000E+00   0.000E+00      0.000E+00   0.000E+00   0.000E+00   00000   0.000E+00   0.000E+00        84.0   84.0   28.0
  288   1.263229E+04   1.399983E+00   1.785E+11   2.799E+29   1.069E-04      1.018E-01   0.000E+00   0.000E+00   0.000E+00   0.000E+00   0.000E+00   0.000E+00   0.000E+00      0.000E+00   0.000E+00   0.000E+00   00000   0.000E+00   0.000E+00        84.0   84.0   28.0
  289   1.263629E+04   1.399984E+00   1.718E+11   2.692E+29   1.029E-04      1.005E-01   0.000E+00   0.000E+00   0.000E+00   0.000E+00   0.000E+00   0.000E+00   0.000E+00      0.000E+00   0.000E+00   0.000E+00   00000   0.000E+00   0.000E+00        84.0   84.0   28.0
  290   1.264030E+04   1.399985E+00   1.653E+11   2.584E+29   9.902E-05      9.924E-02   0.000E+00   0.000E+00   0.000E+00   0.000E+00   0.000E+00   0.000E+00   0.000E+00      0.000E+00   0.000E+00   0.000E+00   00000   0.000E+00   0.000E+00        84.0   84.0   28.0
  291   1.264430E+04   1.399985E+00   1.591E+11   2.477E+29   9.530E-05      9.798E-02   0.000E+00   0.000E+00   0.000E+00   0.000E+00   0.000E+00   0.000E+00   0.000E+00      0.000E+00   0.000E+00   0.000E+00   00000   0.000E+00   0.000E+00        84.0   84.0   28.0
  292   1.264831E+04   1.399986E+00   1.531E+11   2.370E+29   9.171E-05      9.673E-02   0.000E+00   0.000E+00   0.000E+00   0.000E+00   0.000E+00   0.000E+00   0.000E+00      0.000E+00   0.000E+00   0.000E+00   00000   0.000E+00   0.000E+00        84.0   84.0   28.0
  293   1.265231E+04   1.399987E+00   1.473E+11   2.262E+29   8.827E-05      9.551E-02   0.000E+00   0.000E+00   0.000E+00   0.000E+00   0.000E+00   0.000E+00   0.000E+00      0.000E+00   0.000E+00   0.000E+00   00000   0.000E+00   0.000E+00        84.0   84.0   28.0
  294   1.265631E+04   1.399987E+00   1.417E+11   2.155E+29   8.495E-05      9.429E-02   0.000E+00   0.000E+00   0.000E+00   0.000E+00   0.000E+00   0.000E+00   0.000E+00      0.000E+00   0.000E+00   0.000E+00   00000   0.000E+00   0.000E+00        84.0   84.0   28.0
  295   1.266032E+04   1.399988E+00   1.364E+11   2.048E+29   8.175E-05      9.385E-02   0.000E+00   0.000E+00   0.000E+00   0.000E+00   0.000E+00   0.000E+00   0.000E+00      0.000E+00   0.000E+00   0.000E+00   00000   0.000E+00   0.000E+00        82.0   82.0   28.0
  296   1.266432E+04   1.399988E+00   1.313E+11   1.940E+29   7.868E-05      9.266E-02   0.000E+00   0.000E+00   0.000E+00   0.000E+00   0.000E+00   0.000E+00   0.000E+00      0.000E+00   0.000E+00   0.000E+00   00000   0.000E+00   0.000E+00        82.0   82.0   28.0
  297   1.266832E+04   1.399989E+00   1.263E+11   1.833E+29   7.572E-05      9.148E-02   0.000E+00   0.000E+00   0.000E+00   0.000E+00   0.000E+00   0.000E+00   0.000E+00      0.000E+00   0.000E+00   0.000E+00   00000   0.000E+00   0.000E+00        82.0   82.0   28.0
  298   1.267227E+04   1.399990E+00   1.215E+11   1.734E+29   7.288E-05      9.032E-02   0.000E+00   0.000E+00   0.000E+00   0.000E+00   0.000E+00   0.000E+00   0.000E+00      0.000E+00   0.000E+00   0.000E+00   00000   0.000E+00   0.000E+00        82.0   82.0   28.0
  299   1.267595E+04   1.399990E+00   1.170E+11   1.670E+29   7.014E-05      8.918E-02   0.000E+00   0.000E+00   0.000E+00   0.000E+00   0.000E+00   0.000E+00   0.000E+00      0.000E+00   0.000E+00   0.000E+00   00000   0.000E+00   0.000E+00        82.0   82.0   28.0
  300   1.267964E+04   1.399990E+00   1.126E+11   1.607E+29   6.751E-05      8.805E-02   0.000E+00   0.000E+00   0.000E+00   0.000E+00   0.000E+00   0.000E+00   0.000E+00      0.000E+00   0.000E+00   0.000E+00   00000   0.000E+00   0.000E+00        82.0   82.0   28.0
  301   1.268332E+04   1.399991E+00   1.083E+11   1.543E+29   6.497E-05      8.693E-02   0.000E+00   0.000E+00   0.000E+00   0.000E+00   0.000E+00   0.000E+00   0.000E+00      0.000E+00   0.000E+00   0.000E+00   00000   0.000E+00   0.000E+00        82.0   82.0   28.0
  302   1.268701E+04   1.399991E+00   1.042E+11   1.480E+29   6.253E-05      8.653E-02   0.000E+00   0.000E+00   0.000E+00   0.000E+00   0.000E+00   0.000E+00   0.000E+00      0.000E+00   0.000E+00   0.000E+00   00000   0.000E+00   0.000E+00        80.0   80.0   28.0
  303   1.269070E+04   1.399991E+00   1.003E+11   1.416E+29   6.017E-05      8.543E-02   0.000E+00   0.000E+00   0.000E+00   0.000E+00   0.000E+00   0.000E+00   0.000E+00      0.000E+00   0.000E+00   0.000E+00   00000   0.000E+00   0.000E+00        80.0   80.0   28.0
  304   1.269438E+04   1.399992E+00   9.652E+10   1.353E+29   5.791E-05      8.435E-02   0.000E+00   0.000E+00   0.000E+00   0.000E+00   0.000E+00   0.000E+00   0.000E+00      0.000E+00   0.000E+00   0.000E+00   00000   0.000E+00   0.000E+00        80.0   80.0   28.0
  305   1.269807E+04   1.399992E+00   9.288E+10   1.289E+29   5.573E-05      8.327E-02   0.000E+00   0.000E+00   0.000E+00   0.000E+00   0.000E+00   0.000E+00   0.000E+00      0.000E+00   0.000E+00   0.000E+00   00000   0.000E+00   0.000E+00        80.0   80.0   28.0
  306   1.270175E+04   1.399993E+00   8.938E+10   1.225E+29   5.363E-05      8.222E-02   0.000E+00   0.000E+00   0.000E+00   0.000E+00   0.000E+00   0.000E+00   0.000E+00      0.000E+00   0.000E+00   0.000E+00   00000   0.000E+00   0.000E+00        80.0   80.0   28.0
  307   1.270544E+04   1.399993E+00   8.601E+10   1.162E+29   5.161E-05      8.117E-02   0.000E+00   0.000E+00   0.000E+00   0.000E+00   0.000E+00   0.000E+00   0.000E+00      0.000E+00   0.000E+00   0.000E+00   00000   0.000E+00   0.000E+00        80.0   80.0   28.0
  308   1.270912E+04   1.399993E+00   8.277E+10   1.098E+29   4.966E-05      8.082E-02   0.000E+00   0.000E+00   0.000E+00   0.000E+00   0.000E+00   0.000E+00   0.000E+00      0.000E+00   0.000E+00   0.000E+00   00000   0.000E+00   0.000E+00        78.0   78.0   28.0
  309   1.271281E+04   1.399994E+00   7.965E+10   1.036E+29   4.779E-05      7.979E-02   0.000E+00   0.000E+00   0.000E+00   0.000E+00   0.000E+00   0.000E+00   0.000E+00      0.000E+00   0.000E+00   0.000E+00   00000   0.000E+00   0.000E+00        78.0   78.0   28.0
  310   1.271645E+04   1.399994E+00   7.664E+10   9.946E+28   4.599E-05      7.877E-02   0.000E+00   0.000E+00   0.000E+00   0.000E+00   0.000E+00   0.000E+00   0.000E+00      0.000E+00   0.000E+00   0.000E+00   00000   0.000E+00   0.000E+00        78.0   78.0   28.0
  311   1.272009E+04   1.399994E+00   7.375E+10   9.534E+28   4.426E-05      7.777E-02   0.000E+00   0.000E+00   0.000E+00   0.000E+00   0.000E+00   0.000E+00   0.000E+00      0.000E+00   0.000E+00   0.000E+00   00000   0.000E+00   0.000E+00        78.0   78.0   28.0
  312   1.272373E+04   1.399994E+00   7.097E+10   9.122E+28   4.259E-05      7.678E-02   0.000E+00   0.000E+00   0.000E+00   0.000E+00   0.000E+00   0.000E+00   0.000E+00      0.000E+00   0.000E+00   0.000E+00   00000   0.000E+00   0.000E+00        78.0   78.0   28.0
  313   1.272737E+04   1.399995E+00   6.830E+10   8.710E+28   4.099E-05      7.581E-02   0.000E+00   0.000E+00   0.000E+00   0.000E+00   0.000E+00   0.000E+00   0.000E+00      0.000E+00   0.000E+00   0.000E+00   00000   0.000E+00   0.000E+00        78.0   78.0   28.0
  314   1.273100E+04   1.399995E+00   6.572E+10   8.298E+28   3.944E-05      7.484E-02   0.000E+00   0.000E+00   0.000E+00   0.000E+00   0.000E+00   0.000E+00   0.000E+00      0.000E+00   0.000E+00   0.000E+00   00000   0.000E+00   0.000E+00        78.0   78.0   28.0
  315   1.273464E+04   1.399995E+00   6.325E+10   7.886E+28   3.796E-05      7.389E-02   0.000E+00   0.000E+00   0.000E+00   0.000E+00   0.000E+00   0.000E+00   0.000E+00      0.000E+00   0.000E+00   0.000E+00   00000   0.000E+00   0.000E+00        78.0   78.0   28.0
  316   1.273828E+04   1.399995E+00   6.086E+10   7.474E+28   3.653E-05      7.295E-02   0.000E+00   0.000E+00   0.000E+00   0.000E+00   0.000E+00   0.000E+00   0.000E+00      0.000E+00   0.000E+00   0.000E+00   00000   0.000E+00   0.000E+00        78.0   78.0   28.0
  317   1.274192E+04   1.399996E+00   5.857E+10   7.062E+28   3.515E-05      7.202E-02   0.000E+00   0.000E+00   0.000E+00   0.000E+00   0.000E+00   0.000E+00   0.000E+00      0.000E+00   0.000E+00   0.000E+00   00000   0.000E+00   0.000E+00        78.0   78.0   28.0
  318   1.274556E+04   1.399996E+00   5.636E+10   6.650E+28   3.383E-05      7.111E-02   0.000E+00   0.000E+00   0.000E+00   0.000E+00   0.000E+00   0.000E+00   0.000E+00      0.000E+00   0.000E+00   0.000E+00   00000   0.000E+00   0.000E+00        78.0   78.0   28.0
  319   1.274920E+04   1.399996E+00   5.423E+10   6.238E+28   3.255E-05      7.020E-02   0.000E+00   0.000E+00   0.000E+00   0.000E+00   0.000E+00   0.000E+00   0.000E+00      0.000E+00   0.000E+00   0.000E+00   00000   0.000E+00   0.000E+00        78.0   78.0   28.0
  320   1.275242E+04   1.399996E+00   5.219E+10   5.952E+28   3.133E-05      6.931E-02   0.000E+00   0.000E+00   0.000E+00   0.000E+00   0.000E+00   0.000E+00   0.000E+00      0.000E+00   0.000E+00   0.000E+00   00000   0.000E+00   0.000E+00        78.0   78.0   28.0
  321   1.275542E+04   1.399996E+00   5.022E+10   5.732E+28   3.015E-05      6.843E-02   0.000E+00   0.000E+00   0.000E+00   0.000E+00   0.000E+00   0.000E+00   0.000E+00      0.000E+00   0.000E+00   0.000E+00   00000   0.000E+00   0.000E+00        78.0   78.0   28.0
  322   1.275843E+04   1.399997E+00   4.833E+10   5.512E+28   2.902E-05      6.756E-02   0.000E+00   0.000E+00   0.000E+00   0.000E+00   0.000E+00   0.000E+00   0.000E+00      0.000E+00   0.000E+00   0.000E+00   00000   0.000E+00   0.000E+00        78.0   78.0   28.0
  323   1.276143E+04   1.399997E+00   4.651E+10   5.291E+28   2.793E-05      6.671E-02   0.000E+00   0.000E+00   0.000E+00   0.000E+00   0.000E+00   0.000E+00   0.000E+00      0.000E+00   0.000E+00   0.000E+00   00000   0.000E+00   0.000E+00        78.0   78.0   28.0
  324   1.276443E+04   1.399997E+00   4.475E+10   5.071E+28   2.688E-05      6.586E-02   0.000E+00   0.000E+00   0.000E+00   0.000E+00   0.000E+00   0.000E+00   0.000E+00      0.000E+00   0.000E+00   0.000E+00   00000   0.000E+00   0.000E+00        78.0   78.0   28.0
  325   1.276744E+04   1.399997E+00   4.307E+10   4.851E+28   2.587E-05      6.502E-02   0.000E+00   0.000E+00   0.000E+00   0.000E+00   0.000E+00   0.000E+00   0.000E+00      0.000E+00   0.000E+00   0.000E+00   00000   0.000E+00   0.000E+00        78.0   78.0   28.0
  326   1.277044E+04   1.399997E+00   4.144E+10   4.631E+28   2.489E-05      6.514E-02   0.000E+00   0.000E+00   0.000E+00   0.000E+00   0.000E+00   0.000E+00   0.000E+00      0.000E+00   0.000E+00   0.000E+00   00000   0.000E+00   0.000E+00        80.0   80.0   30.0
  327   1.277344E+04   1.399997E+00   3.988E+10   4.411E+28   2.395E-05      6.431E-02   0.000E+00   0.000E+00   0.000E+00   0.000E+00   0.000E+00   0.000E+00   0.000E+00      0.000E+00   0.000E+00   0.000E+00   00000   0.000E+00   0.000E+00        80.0   80.0   30.0
  328   1.277644E+04   1.399997E+00   3.838E+10   4.191E+28   2.305E-05      6.349E-02   0.000E+00   0.000E+00   0.000E+00   0.000E+00   0.000E+00   0.000E+00   0.000E+00      0.000E+00   0.000E+00   0.000E+00   00000   0.000E+00   0.000E+00        80.0   80.0   30.0
  329   1.277945E+04   1.399998E+00   3.693E+10   3.971E+28   2.218E-05      6.268E-02   0.000E+00   0.000E+00   0.000E+00   0.000E+00   0.000E+00   0.000E+00   0.000E+00      0.000E+00   0.000E+00   0.000E+00   00000   0.000E+00   0.000E+00        80.0   80.0   30.0
  330   1.278245E+04   1.399998E+00   3.554E+10   3.750E+28   2.134E-05      6.188E-02   0.000E+00   0.000E+00   0.000E+00   0.000E+00   0.000E+00   0.000E+00   0.000E+00      0.000E+00   0.000E+00   0.000E+00   00000   0.000E+00   0.000E+00        80.0   80.0   30.0
  331   1.278538E+04   1.399998E+00   3.420E+10   3.575E+28   2.054E-05      6.109E-02   0.000E+00   0.000E+00   0.000E+00   0.000E+00   0.000E+00   0.000E+00   0.000E+00      0.000E+00   0.000E+00   0.000E+00   00000   0.000E+00   0.000E+00        80.0   80.0   30.0
  332   1.278824E+04   1.399998E+00   3.291E+10   3.435E+28   1.976E-05      6.032E-02   0.000E+00   0.000E+00   0.000E+00   0.000E+00   0.000E+00   0.000E+00   0.000E+00      0.000E+00   0.000E+00   0.000E+00   00000   0.000E+00   0.000E+00        80.0   80.0   30.0
  333   1.279111E+04   1.399998E+00   3.167E+10   3.295E+28   1.902E-05      5.955E-02   0.000E+00   0.000E+00   0.000E+00   0.000E+00   0.000E+00   0.000E+00   0.000E+00      0.000E+00   0.000E+00   0.000E+00   00000   0.000E+00   0.000E+00        80.0   80.0   30.0
  334   1.279397E+04   1.399998E+00   3.048E+10   3.155E+28   1.830E-05      5.879E-02   0.000E+00   0.000E+00   0.000E+00   0.000E+00   0.000E+00   0.000E+00   0.000E+00      0.000E+00   0.000E+00   0.000E+00   00000   0.000E+00   0.000E+00        80.0   80.0   30.0
  335   1.279684E+04   1.399998E+00   2.933E+10   3.015E+28   1.762E-05      5.805E-02   0.000E+00   0.000E+00   0.000E+00   0.000E+00   0.000E+00   0.000E+00   0.000E+00      0.000E+00   0.000E+00   0.000E+00   00000   0.000E+00   0.000E+00        80.0   80.0   30.0
  336   1.279970E+04   1.399998E+00   2.822E+10   2.875E+28   1.695E-05      5.731E-02   0.000E+00   0.000E+00   0.000E+00   0.000E+00   0.000E+00   0.000E+00   0.000E+00      0.000E+00   0.000E+00   0.000E+00   00000   0.000E+00   0.000E+00        80.0   80.0   30.0
  337   1.280257E+04   1.399998E+00   2.716E+10   2.736E+28   1.632E-05      5.659E-02   0.000E+00   0.000E+00   0.000E+00   0.000E+00   0.000E+00   0.000E+00   0.000E+00      0.000E+00   0.000E+00   0.000E+00   00000   0.000E+00   0.000E+00        80.0   80.0   30.0
  338   1.280543E+04   1.399998E+00   2.613E+10   2.596E+28   1.570E-05      5.587E-02   0.000E+00   0.000E+00   0.000E+00   0.000E+00   0.000E+00   0.000E+00   0.000E+00      0.000E+00   0.000E+00   0.000E+00   00000   0.000E+00   0.000E+00        80.0   80.0   30.0
  339   1.280830E+04   1.399998E+00   2.515E+10   2.456E+28   1.511E-05      5.516E-02   0.000E+00   0.000E+00   0.000E+00   0.000E+00   0.000E+00   0.000E+00   0.000E+00      0.000E+00   0.000E+00   0.000E+00   00000   0.000E+00   0.000E+00        80.0   80.0   30.0
  340   1.281116E+04   1.399999E+00   2.420E+10   2.316E+28   1.454E-05      5.445E-02   0.000E+00   0.000E+00   0.000E+00   0.000E+00   0.000E+00   0.000E+00   0.000E+00      0.000E+00   0.000E+00   0.000E+00   00000   0.000E+00   0.000E+00        80.0   80.0   30.0
  341   1.281402E+04   1.399999E+00   2.329E+10   2.176E+28   1.399E-05      5.376E-02   0.000E+00   0.000E+00   0.000E+00   0.000E+00   0.000E+00   0.000E+00   0.000E+00      0.000E+00   0.000E+00   0.000E+00   00000   0.000E+00   0.000E+00        80.0   80.0   30.0
  342   1.281658E+04   1.399999E+00   2.241E+10   2.086E+28   1.347E-05      5.308E-02   0.000E+00   0.000E+00   0.000E+00   0.000E+00   0.000E+00   0.000E+00   0.000E+00      0.000E+00   0.000E+00   0.000E+00   00000   0.000E+00   0.000E+00        80.0   80.0   30.0
  343   1.281905E+04   1.399999E+00   2.157E+10   2.007E+28   1.296E-05      5.240E-02   0.000E+00   0.000E+00   0.000E+00   0.000E+00   0.000E+00   0.000E+00   0.000E+00      0.000E+00   0.000E+00   0.000E+00   00000   0.000E+00   0.000E+00        80.0   80.0   30.0
  344   1.282153E+04   1.399999E+00   2.075E+10   1.928E+28   1.247E-05      5.217E-02   0.000E+00   0.000E+00   0.000E+00   0.000E+00   0.000E+00   0.000E+00   0.000E+00      0.000E+00   0.000E+00   0.000E+00   00000   0.000E+00   0.000E+00        78.0   78.0   30.0
  345   1.282400E+04   1.399999E+00   1.997E+10   1.850E+28   1.200E-05      5.151E-02   0.000E+00   0.000E+00   0.000E+00   0.000E+00   0.000E+00   0.000E+00   0.000E+00      0.000E+00   0.000E+00   0.000E+00   00000   0.000E+00   0.000E+00        78.0   78.0   30.0
  346   1.282648E+04   1.399999E+00   1.922E+10   1.771E+28   1.155E-05      5.086E-02   0.000E+00   0.000E+00   0.000E+00   0.000E+00   0.000E+00   0.000E+00   0.000E+00      0.000E+00   0.000E+00   0.000E+00   00000   0.000E+00   0.000E+00        78.0   78.0   30.0
  347   1.282895E+04   1.399999E+00   1.849E+10   1.693E+28   1.112E-05      5.021E-02   0.000E+00   0.000E+00   0.000E+00   0.000E+00   0.000E+00   0.000E+00   0.000E+00      0.000E+00   0.000E+00   0.000E+00   00000   0.000E+00   0.000E+00        78.0   78.0   30.0
  348   1.283143E+04   1.399999E+00   1.780E+10   1.614E+28   1.070E-05      4.957E-02   0.000E+00   0.000E+00   0.000E+00   0.000E+00   0.000E+00   0.000E+00   0.000E+00      0.000E+00   0.000E+00   0.000E+00   00000   0.000E+00   0.000E+00        78.0   78.0   30.0
  349   1.283391E+04   1.399999E+00   1.713E+10   1.536E+28   1.030E-05      4.894E-02   0.000E+00   0.000E+00   0.000E+00   0.000E+00   0.000E+00   0.000E+00   0.000E+00      0.000E+00   0.000E+00   0.000E+00   00000   0.000E+00   0.000E+00        78.0   78.0   30.0
  350   1.283638E+04   1.399999E+00   1.648E+10   1.457E+28   9.909E-06      4.850E-02   0.000E+00   0.000E+00   0.000E+00   0.000E+00   0.000E+00   0.000E+00   0.000E+00      0.000E+00   0.000E+00   0.000E+00   00000   0.000E+00   0.000E+00        72.0   72.0   28.0
  351   1.283886E+04   1.399999E+00   1.586E+10   1.378E+28   9.535E-06      4.788E-02   0.000E+00   0.000E+00   0.000E+00   0.000E+00   0.000E+00   0.000E+00   0.000E+00      0.000E+00   0.000E+00   0.000E+00   00000   0.000E+00   0.000E+00        72.0   72.0   28.0
  352   1.284133E+04   1.399999E+00   1.526E+10   1.300E+28   9.175E-06      4.727E-02   0.000E+00   0.000E+00   0.000E+00   0.000E+00   0.000E+00   0.000E+00   0.000E+00      0.000E+00   0.000E+00   0.000E+00   00000   0.000E+00   0.000E+00        72.0   72.0   28.0
  353   1.284372E+04   1.399999E+00   1.469E+10   1.242E+28   8.829E-06      4.667E-02   0.000E+00   0.000E+00   0.000E+00   0.000E+00   0.000E+00   0.000E+00   0.000E+00      0.000E+00   0.000E+00   0.000E+00   00000   0.000E+00   0.000E+00        72.0   72.0   28.0
  354   1.284606E+04   1.399999E+00   1.413E+10   1.193E+28   8.496E-06      4.608E-02   0.000E+00   0.000E+00   0.000E+00   0.000E+00   0.000E+00   0.000E+00   0.000E+00      0.000E+00   0.000E+00   0.000E+00   00000   0.000E+00   0.000E+00        72.0   72.0   28.0
  355   1.284840E+04   1.399999E+00   1.360E+10   1.145E+28   8.176E-06      4.549E-02   0.000E+00   0.000E+00   0.000E+00   0.000E+00   0.000E+00   0.000E+00   0.000E+00      0.000E+00   0.000E+00   0.000E+00   00000   0.000E+00   0.000E+00        72.0   72.0   28.0
  356   1.285075E+04   1.399999E+00   1.309E+10   1.097E+28   7.867E-06      4.491E-02   0.000E+00   0.000E+00   0.000E+00   0.000E+00   0.000E+00   0.000E+00   0.000E+00      0.000E+00   0.000E+00   0.000E+00   00000   0.000E+00   0.000E+00        72.0   72.0   28.0
  357   1.285309E+04   1.399999E+00   1.259E+10   1.049E+28   7.571E-06      4.493E-02   0.000E+00   0.000E+00   0.000E+00   0.000E+00   0.000E+00   0.000E+00   0.000E+00      0.000E+00   0.000E+00   0.000E+00   00000   0.000E+00   0.000E+00        84.0   84.0   34.0
  358   1.285543E+04   1.399999E+00   1.212E+10   1.001E+28   7.285E-06      4.436E-02   0.000E+00   0.000E+00   0.000E+00   0.000E+00   0.000E+00   0.000E+00   0.000E+00      0.000E+00   0.000E+00   0.000E+00   00000   0.000E+00   0.000E+00        84.0   84.0   34.0
  359   1.285778E+04   1.399999E+00   1.166E+10   9.526E+27   7.010E-06      4.380E-02   0.000E+00   0.000E+00   0.000E+00   0.000E+00   0.000E+00   0.000E+00   0.000E+00      0.000E+00   0.000E+00   0.000E+00   00000   0.000E+00   0.000E+00        84.0   84.0   34.0
  360   1.286012E+04   1.399999E+00   1.122E+10   9.044E+27   6.746E-06      4.324E-02   0.000E+00   0.000E+00   0.000E+00   0.000E+00   0.000E+00   0.000E+00   0.000E+00      0.000E+00   0.000E+00   0.000E+00   00000   0.000E+00   0.000E+00        84.0   84.0   34.0
  361   1.286246E+04   1.399999E+00   1.080E+10   8.562E+27   6.491E-06      4.269E-02   0.000E+00   0.000E+00   0.000E+00   0.000E+00   0.000E+00   0.000E+00   0.000E+00      0.000E+00   0.000E+00   0.000E+00   00000   0.000E+00   0.000E+00        84.0   84.0   34.0
  362   1.286480E+04   1.399999E+00   1.039E+10   8.080E+27   6.246E-06      4.215E-02   0.000E+00   0.000E+00   0.000E+00   0.000E+00   0.000E+00   0.000E+00   0.000E+00      0.000E+00   0.000E+00   0.000E+00   00000   0.000E+00   0.000E+00        84.0   84.0   34.0
  363   1.286715E+04   1.400000E+00   1.000E+10   7.598E+27   6.011E-06      4.161E-02   0.000E+00   0.000E+00   0.000E+00   0.000E+00   0.000E+00   0.000E+00   0.000E+00      0.000E+00   0.000E+00   0.000E+00   00000   0.000E+00   0.000E+00        84.0   84.0   34.0
