
 EOS                                                                            

              Mstar     = 2.000E+00    Rstar     = 1.513E+06
              Mexo      = 0.000E+00    Rexo      = 0.000E+00
              Mcore     = 1.454E+00    Rcore     = 1.146E+06
              Mincrust  = 5.463E-01    Rincrust  = 3.395E+05
              Moutcrust = 5.856E-05    Routcrust = 2.731E+04

  icore= 111   sfn1s0= 1.                 emnco= 5.   rhoexo=   1.200E+25
  idrip= 281   sfn3p2=***  fn3p2= 1.00    emncr= 5.     cexo=   1.000E+25
   imax= 377   sfp1s0= 3.  fp1s0= 1.00      emp= 3.     pexo=   6.000E+00

            DUrca not possible
          e-ion bremstrahlung:  1             bubble neutrinos:  0
             plasma neutrinos:  1              neutron 1S0 pbf:  1
               pair neutrinos:  0              neutron 3P2 pbf:  1
              photo neutrinos:  0               proton 1S0 pbf:  1

        Accreted envelope from Potekhin et al. with Eta = 0.00E+00


    Step      Time            Teff       L_phot       L_nu        L_heat 
             [years]      at inf [K]    [erg/sec]   [erg/sec]   [erg/sec]

       1   1.000E-12        6.327E+06   4.301E+36   2.395E+46   0.000E+00
       2   2.500E-12        6.327E+06   4.301E+36   2.395E+46   0.000E+00
       3   4.750E-12        6.327E+06   4.301E+36   2.395E+46   0.000E+00
       4   8.125E-12        6.327E+06   4.301E+36   2.395E+46   0.000E+00
       5   1.319E-11        6.327E+06   4.301E+36   2.395E+46   0.000E+00
       6   2.078E-11        6.327E+06   4.301E+36   2.395E+46   0.000E+00
       7   3.217E-11        6.327E+06   4.301E+36   2.395E+46   0.000E+00
       8   4.926E-11        6.327E+06   4.301E+36   2.394E+46   0.000E+00
       9   7.489E-11        6.327E+06   4.301E+36   2.394E+46   0.000E+00
      10   1.133E-10        6.327E+06   4.301E+36   2.394E+46   0.000E+00
      11   1.710E-10        6.327E+06   4.301E+36   2.394E+46   0.000E+00
      12   2.575E-10        6.327E+06   4.301E+36   2.394E+46   0.000E+00
      13   3.872E-10        6.327E+06   4.301E+36   2.394E+46   0.000E+00
      14   5.819E-10        6.327E+06   4.301E+36   2.394E+46   0.000E+00
      15   8.738E-10        6.327E+06   4.301E+36   2.394E+46   0.000E+00
      16   1.312E-09        6.327E+06   4.301E+36   2.394E+46   0.000E+00
      17   1.969E-09        6.327E+06   4.301E+36   2.394E+46   0.000E+00
      18   2.954E-09        6.327E+06   4.301E+36   2.394E+46   0.000E+00
      19   4.432E-09        6.327E+06   4.301E+36   2.393E+46   0.000E+00
      20   6.649E-09        6.327E+06   4.301E+36   2.393E+46   0.000E+00
      21   9.974E-09        6.327E+06   4.301E+36   2.392E+46   0.000E+00
      22   1.496E-08        6.327E+06   4.301E+36   2.391E+46   0.000E+00
      23   2.244E-08        6.327E+06   4.301E+36   2.389E+46   0.000E+00
      24   3.367E-08        6.327E+06   4.301E+36   2.387E+46   0.000E+00
      25   5.050E-08        6.327E+06   4.301E+36   2.383E+46   0.000E+00
      26   7.575E-08        6.327E+06   4.301E+36   2.377E+46   0.000E+00
      27   1.136E-07        6.327E+06   4.301E+36   2.369E+46   0.000E+00
      28   1.704E-07        6.327E+06   4.301E+36   2.356E+46   0.000E+00
      29   2.557E-07        6.327E+06   4.301E+36   2.337E+46   0.000E+00
      30   3.835E-07        6.327E+06   4.301E+36   2.309E+46   0.000E+00
      31   5.753E-07        6.327E+06   4.301E+36   2.269E+46   0.000E+00
      32   8.629E-07        6.327E+06   4.301E+36   2.211E+46   0.000E+00
      33   1.294E-06        6.327E+06   4.300E+36   2.130E+46   0.000E+00
      34   1.941E-06        6.327E+06   4.300E+36   2.020E+46   0.000E+00
      35   2.912E-06        6.326E+06   4.299E+36   1.876E+46   0.000E+00
      36   4.368E-06        6.326E+06   4.297E+36   1.696E+46   0.000E+00
      37   6.552E-06        6.325E+06   4.295E+36   1.485E+46   0.000E+00
      38   9.829E-06        6.324E+06   4.292E+36   1.255E+46   0.000E+00
      39   1.474E-05        6.322E+06   4.288E+36   1.021E+46   0.000E+00
      40   2.211E-05        6.320E+06   4.281E+36   8.012E+45   0.000E+00
      41   3.317E-05        6.316E+06   4.271E+36   6.078E+45   0.000E+00
      42   4.976E-05        6.311E+06   4.256E+36   4.472E+45   0.000E+00
      43   7.464E-05        6.302E+06   4.234E+36   3.198E+45   0.000E+00
      44   1.120E-04        6.290E+06   4.201E+36   2.224E+45   0.000E+00
      45   1.679E-04        6.272E+06   4.153E+36   1.506E+45   0.000E+00
      46   2.519E-04        6.245E+06   4.082E+36   9.931E+44   0.000E+00
      47   3.778E-04        6.206E+06   3.981E+36   6.397E+44   0.000E+00
      48   5.668E-04        6.150E+06   3.838E+36   4.037E+44   0.000E+00
      49   7.210E-04        6.105E+06   3.728E+36   2.990E+44   0.000E+00
      50   7.459E-04        6.098E+06   3.711E+36   2.851E+44   0.000E+00
      51   7.832E-04        6.087E+06   3.685E+36   2.665E+44   0.000E+00
      52   8.392E-04        6.071E+06   3.646E+36   2.426E+44   0.000E+00
      53   9.232E-04        6.048E+06   3.590E+36   2.135E+44   0.000E+00
      54   1.049E-03        6.014E+06   3.510E+36   1.805E+44   0.000E+00
      55   1.203E-03        5.973E+06   3.416E+36   1.510E+44   0.000E+00
      56   1.287E-03        5.951E+06   3.366E+36   1.379E+44   0.000E+00
      57   1.413E-03        5.919E+06   3.294E+36   1.219E+44   0.000E+00
      58   1.602E-03        5.873E+06   3.192E+36   1.036E+44   0.000E+00
      59   1.886E-03        5.806E+06   3.050E+36   8.422E+43   0.000E+00
      60   1.970E-03        5.787E+06   3.010E+36   7.941E+43   0.000E+00
      61   2.096E-03        5.759E+06   2.951E+36   7.312E+43   0.000E+00
      62   2.284E-03        5.717E+06   2.867E+36   6.531E+43   0.000E+00
      63   2.568E-03        5.658E+06   2.750E+36   5.622E+43   0.000E+00
      64   2.757E-03        5.620E+06   2.677E+36   5.123E+43   0.000E+00
      65   2.883E-03        5.595E+06   2.629E+36   4.829E+43   0.000E+00
      66   3.072E-03        5.558E+06   2.561E+36   4.445E+43   0.000E+00
      67   3.355E-03        5.506E+06   2.466E+36   3.969E+43   0.000E+00
      68   3.780E-03        5.432E+06   2.336E+36   3.416E+43   0.000E+00
      69   4.205E-03        5.362E+06   2.219E+36   2.987E+43   0.000E+00
      70   4.529E-03        5.311E+06   2.136E+36   2.717E+43   0.000E+00
      71   4.917E-03        5.253E+06   2.044E+36   2.448E+43   0.000E+00
      72   5.104E-03        5.226E+06   2.002E+36   2.332E+43   0.000E+00
      73   5.328E-03        5.194E+06   1.953E+36   2.207E+43   0.000E+00
      74   5.458E-03        5.176E+06   1.926E+36   2.139E+43   0.000E+00
      75   5.614E-03        5.154E+06   1.894E+36   2.062E+43   0.000E+00
      76   5.801E-03        5.129E+06   1.858E+36   1.977E+43   0.000E+00
      77   6.026E-03        5.100E+06   1.816E+36   1.883E+43   0.000E+00
      78   6.295E-03        5.066E+06   1.767E+36   1.781E+43   0.000E+00
      79   6.565E-03        5.033E+06   1.722E+36   1.689E+43   0.000E+00
      80   6.888E-03        4.994E+06   1.670E+36   1.590E+43   0.000E+00
      81   7.276E-03        4.950E+06   1.612E+36   1.484E+43   0.000E+00
      82   7.742E-03        4.899E+06   1.546E+36   1.374E+43   0.000E+00
      83   8.301E-03        4.842E+06   1.475E+36   1.261E+43   0.000E+00
      84   8.971E-03        4.777E+06   1.397E+36   1.145E+43   0.000E+00
      85   9.706E-03        4.715E+06   1.327E+36   1.040E+43   0.000E+00
      86   1.059E-02        4.645E+06   1.249E+36   9.349E+42   0.000E+00
      87   1.164E-02        4.564E+06   1.165E+36   8.325E+42   0.000E+00
      88   1.291E-02        4.477E+06   1.078E+36   7.340E+42   0.000E+00
      89   1.444E-02        4.383E+06   9.903E+35   6.409E+42   0.000E+00
      90   1.627E-02        4.283E+06   9.033E+35   5.541E+42   0.000E+00
      91   1.846E-02        4.180E+06   8.192E+35   4.745E+42   0.000E+00
      92   2.109E-02        4.073E+06   7.386E+35   4.026E+42   0.000E+00
      93   2.372E-02        3.980E+06   6.733E+35   3.474E+42   0.000E+00
      94   2.688E-02        3.884E+06   6.106E+35   2.967E+42   0.000E+00
      95   3.067E-02        3.786E+06   5.514E+35   2.509E+42   0.000E+00
      96   3.522E-02        3.688E+06   4.962E+35   2.104E+42   0.000E+00
      97   4.068E-02        3.590E+06   4.457E+35   1.749E+42   0.000E+00
      98   4.666E-02        3.501E+06   4.031E+35   1.464E+42   0.000E+00
      99   5.383E-02        3.413E+06   3.642E+35   1.214E+42   0.000E+00
     100   6.244E-02        3.327E+06   3.290E+35   9.992E+41   0.000E+00
     101   7.277E-02        3.245E+06   2.976E+35   8.168E+41   0.000E+00
     102   7.994E-02        3.195E+06   2.797E+35   7.187E+41   0.000E+00
     103   8.855E-02        3.144E+06   2.622E+35   6.258E+41   0.000E+00
     104   9.888E-02        3.092E+06   2.453E+35   5.393E+41   0.000E+00
     105   1.113E-01        3.040E+06   2.292E+35   4.603E+41   0.000E+00
     106   1.262E-01        2.988E+06   2.140E+35   3.892E+41   0.000E+00
     107   1.440E-01        2.938E+06   1.999E+35   3.265E+41   0.000E+00
     108   1.603E-01        2.899E+06   1.895E+35   2.826E+41   0.000E+00
     109   1.799E-01        2.860E+06   1.795E+35   2.422E+41   0.000E+00
     110   2.033E-01        2.821E+06   1.701E+35   2.056E+41   0.000E+00
     111   2.157E-01        2.803E+06   1.657E+35   1.894E+41   0.000E+00
     112   2.306E-01        2.783E+06   1.611E+35   1.727E+41   0.000E+00
     113   2.485E-01        2.763E+06   1.563E+35   1.559E+41   0.000E+00
     114   2.699E-01        2.741E+06   1.515E+35   1.393E+41   0.000E+00
     115   2.956E-01        2.719E+06   1.466E+35   1.232E+41   0.000E+00
     116   3.264E-01        2.696E+06   1.418E+35   1.080E+41   0.000E+00
     117   3.602E-01        2.675E+06   1.375E+35   9.481E+40   0.000E+00
     118   4.008E-01        2.655E+06   1.333E+35   8.251E+40   0.000E+00
     119   4.494E-01        2.634E+06   1.293E+35   7.122E+40   0.000E+00
     120   5.078E-01        2.615E+06   1.255E+35   6.104E+40   0.000E+00
     121   5.779E-01        2.597E+06   1.221E+35   5.251E+40   0.000E+00
     122   6.620E-01        2.580E+06   1.190E+35   4.453E+40   0.000E+00
     123   7.629E-01        2.565E+06   1.162E+35   3.778E+40   0.000E+00
     124   8.840E-01        2.552E+06   1.138E+35   3.186E+40   0.000E+00
     125   1.017E+00        2.541E+06   1.118E+35   2.712E+40   0.000E+00
     126   1.176E+00        2.530E+06   1.100E+35   2.323E+40   0.000E+00
     127   1.367E+00        2.521E+06   1.083E+35   2.020E+40   0.000E+00
     128   1.596E+00        2.511E+06   1.068E+35   1.782E+40   0.000E+00
     129   1.871E+00        2.502E+06   1.052E+35   1.502E+40   0.000E+00
     130   2.201E+00        2.493E+06   1.037E+35   1.223E+40   0.000E+00
     131   2.597E+00        2.484E+06   1.021E+35   1.001E+40   0.000E+00
     132   3.072E+00        2.474E+06   1.005E+35   8.697E+39   0.000E+00
     133   3.643E+00        2.464E+06   9.891E+34   7.815E+39   0.000E+00
     134   4.213E+00        2.455E+06   9.750E+34   6.701E+39   0.000E+00
     135   4.898E+00        2.446E+06   9.606E+34   5.151E+39   0.000E+00
     136   5.719E+00        2.437E+06   9.459E+34   3.634E+39   0.000E+00
     137   6.469E+00        2.429E+06   9.340E+34   2.703E+39   0.000E+00
     138   7.368E+00        2.421E+06   9.213E+34   2.589E+39   0.000E+00
     139   8.354E+00        2.412E+06   9.084E+34   2.728E+39   0.000E+00
     140   9.433E+00        2.403E+06   8.952E+34   2.392E+39   0.000E+00
     141   1.062E+01        2.394E+06   8.811E+34   1.980E+39   0.000E+00
     142   1.204E+01        2.382E+06   8.647E+34   1.603E+39   0.000E+00
     143   1.374E+01        2.369E+06   8.451E+34   1.289E+39   0.000E+00
     144   1.578E+01        2.352E+06   8.217E+34   8.864E+38   0.000E+00
     145   1.700E+01        2.342E+06   8.077E+34   6.694E+38   0.000E+00
     146   1.822E+01        2.332E+06   7.935E+34   5.293E+38   0.000E+00
     147   1.968E+01        2.319E+06   7.762E+34   4.079E+38   0.000E+00
     148   2.144E+01        2.303E+06   7.555E+34   3.089E+38   0.000E+00
     149   2.355E+01        2.284E+06   7.308E+34   2.332E+38   0.000E+00
     150   2.607E+01        2.261E+06   7.017E+34   1.768E+38   0.000E+00
     151   2.911E+01        2.233E+06   6.674E+34   1.340E+38   0.000E+00
     152   3.243E+01        2.202E+06   6.305E+34   1.020E+38   0.000E+00
     153   3.642E+01        2.164E+06   5.887E+34   7.674E+37   0.000E+00
     154   4.006E+01        2.130E+06   5.522E+34   6.071E+37   0.000E+00
     155   4.443E+01        2.090E+06   5.122E+34   4.791E+37   0.000E+00
     156   4.967E+01        2.044E+06   4.685E+34   3.718E+37   0.000E+00
     157   5.596E+01        1.993E+06   4.233E+34   2.821E+37   0.000E+00
     158   6.351E+01        1.935E+06   3.766E+34   2.097E+37   0.000E+00
     159   7.256E+01        1.874E+06   3.307E+34   1.537E+37   0.000E+00
     160   8.343E+01        1.807E+06   2.860E+34   1.119E+37   0.000E+00
     161   9.648E+01        1.731E+06   2.408E+34   8.160E+36   0.000E+00
     162   1.121E+02        1.644E+06   1.958E+34   5.981E+36   0.000E+00
     163   1.309E+02        1.541E+06   1.515E+34   4.383E+36   0.000E+00
     164   1.535E+02        1.430E+06   1.121E+34   3.177E+36   0.000E+00
     165   1.805E+02        1.328E+06   8.350E+33   2.271E+36   0.000E+00
     166   2.130E+02        1.253E+06   6.612E+33   1.612E+36   0.000E+00
     167   2.519E+02        1.203E+06   5.616E+33   1.144E+36   0.000E+00
     168   2.986E+02        1.169E+06   5.020E+33   8.176E+35   0.000E+00
     169   3.547E+02        1.145E+06   4.610E+33   5.894E+35   0.000E+00
     170   4.220E+02        1.124E+06   4.290E+33   4.288E+35   0.000E+00
     171   5.028E+02        1.106E+06   4.015E+33   3.146E+35   0.000E+00
     172   5.997E+02        1.089E+06   3.773E+33   2.325E+35   0.000E+00
     173   7.160E+02        1.073E+06   3.556E+33   1.729E+35   0.000E+00
     174   8.556E+02        1.058E+06   3.358E+33   1.292E+35   0.000E+00
     175   1.023E+03        1.043E+06   3.176E+33   9.701E+34   0.000E+00
     176   1.224E+03        1.029E+06   3.007E+33   7.308E+34   0.000E+00
     177   1.465E+03        1.015E+06   2.851E+33   5.519E+34   0.000E+00
     178   1.755E+03        1.002E+06   2.705E+33   4.176E+34   0.000E+00
     179   2.102E+03        9.890E+05   2.568E+33   3.165E+34   0.000E+00
     180   2.519E+03        9.764E+05   2.439E+33   2.400E+34   0.000E+00
     181   3.019E+03        9.640E+05   2.317E+33   1.820E+34   0.000E+00
     182   3.619E+03        9.518E+05   2.202E+33   1.379E+34   0.000E+00
     183   4.339E+03        9.397E+05   2.093E+33   1.043E+34   0.000E+00
     184   5.203E+03        9.277E+05   1.988E+33   7.850E+33   0.000E+00
     185   6.240E+03        9.157E+05   1.887E+33   5.875E+33   0.000E+00
     186   7.484E+03        9.036E+05   1.790E+33   4.364E+33   0.000E+00
     187   8.977E+03        8.915E+05   1.695E+33   3.210E+33   0.000E+00
     188   1.077E+04        8.791E+05   1.603E+33   2.331E+33   0.000E+00
     189   1.292E+04        8.664E+05   1.512E+33   1.666E+33   0.000E+00
     190   1.550E+04        8.532E+05   1.422E+33   1.165E+33   0.000E+00
     191   1.860E+04        8.394E+05   1.332E+33   7.931E+32   0.000E+00
     192   2.231E+04        8.247E+05   1.242E+33   5.210E+32   0.000E+00
     193   2.677E+04        8.090E+05   1.149E+33   3.269E+32   0.000E+00
     194   3.212E+04        7.917E+05   1.055E+33   1.934E+32   0.000E+00
     195   3.854E+04        7.726E+05   9.565E+32   1.061E+32   0.000E+00
     196   4.625E+04        7.512E+05   8.545E+32   5.316E+31   0.000E+00
     197   5.549E+04        7.268E+05   7.491E+32   2.408E+31   0.000E+00
     198   6.659E+04        6.992E+05   6.414E+32   9.949E+30   0.000E+00
     199   7.990E+04        6.682E+05   5.349E+32   3.917E+30   0.000E+00
     200   9.587E+04        6.335E+05   4.324E+32   1.556E+30   0.000E+00
     201   1.150E+05        5.951E+05   3.366E+32   6.343E+29   0.000E+00
     202   1.381E+05        5.531E+05   2.511E+32   2.448E+29   0.000E+00
     203   1.657E+05        5.080E+05   1.788E+32   8.251E+28   0.000E+00
     204   1.988E+05        4.606E+05   1.208E+32   2.262E+28   0.000E+00
     205   2.385E+05        4.118E+05   7.718E+31   4.709E+27   0.000E+00
     206   2.804E+05        3.676E+05   4.899E+31   8.870E+26   0.000E+00
     207   3.236E+05        3.286E+05   3.128E+31   1.726E+26   0.000E+00
     208   3.685E+05        2.938E+05   2.001E+31   4.434E+25   0.000E+00
     209   4.149E+05        2.627E+05   1.278E+31   1.292E+25   0.000E+00
     210   4.621E+05        2.350E+05   8.192E+30   3.258E+24   0.000E+00
     211   5.100E+05        2.105E+05   5.274E+30   6.810E+23   0.000E+00
     212   5.582E+05        1.888E+05   3.412E+30   1.241E+23   0.000E+00
     213   6.064E+05        1.696E+05   2.221E+30   2.222E+22   0.000E+00
     214   6.543E+05        1.526E+05   1.455E+30   4.328E+21   0.000E+00
     215   7.015E+05        1.375E+05   9.598E+29   9.006E+20   0.000E+00
     216   7.476E+05        1.242E+05   6.378E+29   1.890E+20   0.000E+00
     217   7.920E+05        1.123E+05   4.270E+29   3.914E+19   0.000E+00
     218   8.343E+05        1.018E+05   2.881E+29   7.965E+18   0.000E+00
     219   8.742E+05        9.242E+04   1.958E+29   1.593E+18   0.000E+00
     220   9.112E+05        8.406E+04   1.340E+29   3.131E+17   0.000E+00
     221   9.452E+05        7.659E+04   9.234E+28   6.056E+16   0.000E+00
     222   9.761E+05        6.988E+04   6.400E+28   1.155E+16   0.000E+00
     223   1.004E+06        6.384E+04   4.458E+28   2.174E+15   0.000E+00
     224   1.029E+06        5.838E+04   3.117E+28   4.053E+14   0.000E+00
     225   1.050E+06        5.342E+04   2.186E+28   7.500E+13   0.000E+00
     226   1.070E+06        4.891E+04   1.535E+28   1.382E+13   0.000E+00
     227   1.087E+06        4.478E+04   1.079E+28   2.541E+12   0.000E+00
     228   1.101E+06        4.100E+04   7.583E+27   4.678E+11   0.000E+00
     229   1.114E+06        3.752E+04   5.319E+27   8.648E+10   0.000E+00
     230   1.126E+06        3.432E+04   3.721E+27   1.610E+10   0.000E+00
     231   1.136E+06        3.135E+04   2.593E+27   3.029E+09   0.000E+00
     232   1.145E+06        2.861E+04   1.797E+27   5.779E+08   0.000E+00
     233   1.153E+06        2.606E+04   1.237E+27   1.122E+08   0.000E+00
     234   1.161E+06        2.368E+04   8.436E+26   2.229E+07   0.000E+00
     235   1.167E+06        2.145E+04   5.687E+26   4.554E+06   0.000E+00
     236   1.174E+06        1.937E+04   3.776E+26   9.638E+05   0.000E+00
     237   1.180E+06        1.740E+04   2.459E+26   2.133E+05   0.000E+00
     238   1.186E+06        1.553E+04   1.559E+26   4.995E+04   0.000E+00
     239   1.193E+06        1.373E+04   9.541E+25   1.258E+04   0.000E+00
     240   1.200E+06        1.199E+04   5.548E+25   3.481E+03   0.000E+00
     241   1.208E+06        1.028E+04   2.992E+25   1.091E+03   0.000E+00
     242   1.218E+06        8.666E+03   1.513E+25   4.280E+02   0.000E+00
     243   1.231E+06        7.224E+03   7.308E+24   2.192E+02   0.000E+00
     244   1.245E+06        5.973E+03   3.417E+24   1.423E+02   0.000E+00
     245   1.263E+06        4.911E+03   1.561E+24   1.099E+02   0.000E+00
     246   1.284E+06        4.021E+03   7.013E+23   9.496E+01   0.000E+00
     247   1.309E+06        3.280E+03   3.108E+23   8.766E+01   0.000E+00
     248   1.339E+06        2.669E+03   1.362E+23   8.400E+01   0.000E+00
     249   1.376E+06        2.166E+03   5.907E+22   8.214E+01   0.000E+00
     250   1.420E+06        1.754E+03   2.541E+22   8.119E+01   0.000E+00
     251   1.472E+06        1.418E+03   1.084E+22   8.071E+01   0.000E+00
     252   1.535E+06        1.144E+03   4.598E+21   8.047E+01   0.000E+00
     253   1.610E+06        9.219E+02   1.938E+21   8.034E+01   0.000E+00
