       6     138      38      53

     EOS file :  Prof_BSk26_1.8.dat                                          

  step        radius       baryon#       density        pressure       encl. mass            phi     encl. bar. mass 
                (m)        (#/fm3)       (g/cm3)        (dyn/cm2)      (sol. mass)                     (sol. mass)   

     0       0.000000   6.564828E-01   1.254700E+15    2.81945E+35   0.000000000E+00  -6.776054E-01   0.000000000E+00
     1     100.000001   6.564411E-01   1.254600E+15    2.81890E+35   2.642163156E-06  -6.775662E-01   2.315295735E-06
     2     116.664782   6.564278E-01   1.254568E+15    2.81872E+35   4.195431719E-06  -6.775539E-01   3.676443376E-06
     3     136.106296   6.564099E-01   1.254525E+15    2.81848E+35   6.661710378E-06  -6.775370E-01   5.837721865E-06
     4     158.786803   6.563854E-01   1.254467E+15    2.81816E+35   1.057752001E-05  -6.775141E-01   9.269376990E-06
     5     185.245321   6.563521E-01   1.254387E+15    2.81772E+35   1.679449316E-05  -6.774829E-01   1.471790769E-05
     6     216.110245   6.563068E-01   1.254279E+15    2.81712E+35   2.666425033E-05  -6.774404E-01   2.336822115E-05
     7     252.113971   6.562452E-01   1.254131E+15    2.81631E+35   4.233151536E-05  -6.773826E-01   3.710081402E-05
     8     294.109792   6.561613E-01   1.253930E+15    2.81520E+35   6.719857605E-05  -6.773039E-01   5.889948645E-05
     9     343.091359   6.560472E-01   1.253657E+15    2.81369E+35   1.066606818E-04  -6.771969E-01   9.349730849E-05
    10     400.214989   6.558919E-01   1.253285E+15    2.81164E+35   1.692691940E-04  -6.770514E-01   1.483992226E-04
    11     466.825046   6.556807E-01   1.252780E+15    2.80885E+35   2.685686425E-04  -6.768534E-01   2.354990672E-04
    12     544.482553   6.553935E-01   1.252092E+15    2.80506E+35   4.259924139E-04  -6.765842E-01   3.736326339E-04
    13     634.996975   6.550031E-01   1.251158E+15    2.79991E+35   6.754148196E-04  -6.762183E-01   5.926001598E-04
    14     740.460814   6.544725E-01   1.249889E+15    2.79293E+35   1.070280580E-03  -6.757213E-01   9.394858651E-04
    15     863.286024   6.537520E-01   1.248165E+15    2.78346E+35   1.694714404E-03  -6.750467E-01   1.488547311E-03
    16    1006.240365   6.527743E-01   1.245827E+15    2.77065E+35   2.680711599E-03  -6.741317E-01   2.356607669E-03
    17    1172.480182   6.514499E-01   1.242684E+15    2.75335E+35   4.234495251E-03  -6.728925E-01   3.726835061E-03
    18    1365.571127   6.496574E-01   1.238432E+15    2.73005E+35   6.676309367E-03  -6.712172E-01   5.885061274E-03
    19    1589.497676   6.472360E-01   1.232693E+15    2.69879E+35   1.049949016E-02  -6.689575E-01   9.274575016E-03
    20    1848.632630   6.439739E-01   1.224969E+15    2.65706E+35   1.645561981E-02  -6.659197E-01   1.457692572E-02
    21    2147.654167   6.395956E-01   1.214632E+15    2.60173E+35   2.567242192E-02  -6.618534E-01   2.282766469E-02
    22    2491.373327   6.337502E-01   1.200932E+15    2.52903E+35   3.980731707E-02  -6.564424E-01   3.557470150E-02
    23    2884.426080   6.259932E-01   1.182836E+15    2.43467E+35   6.122493672E-02  -6.492986E-01   5.507940777E-02
    24    3330.820605   6.157897E-01   1.159232E+15    2.31414E+35   9.316652453E-02  -6.399646E-01   8.454403080E-02
    25    3833.211257   6.025195E-01   1.128885E+15    2.16336E+35   1.398203617E-01  -6.279361E-01   1.283025383E-01
    26    4391.929161   5.855089E-01   1.090506E+15    1.97979E+35   2.061448796E-01  -6.127122E-01   1.918463061E-01
    27    5003.813738   5.641044E-01   1.043037E+15    1.76384E+35   2.972403632E-01  -5.938868E-01   2.814645423E-01
    28    5660.941980   5.377859E-01   9.858756E+14    1.52040E+35   4.170697164E-01  -5.712852E-01   4.032011496E-01
    29    6349.633438   5.063241E-01   9.192134E+14    1.25984E+35   5.665901605E-01  -5.451292E-01   5.609206346E-01
    30    7050.229836   4.699441E-01   8.442372E+14    9.97481E+34   7.417998366E-01  -5.161804E-01   7.536713466E-01
    31    7738.261058   4.294428E-01   7.632189E+14    7.50983E+34   9.328066377E-01  -4.857764E-01   9.733423128E-01
    32    8387.251793   3.861783E-01   6.792660E+14    5.36207E+34   1.125030873E+00  -4.556778E-01   1.204324020E+00
    33    8972.818124   3.418747E-01   5.957410E+14    3.63135E+34   1.302724044E+00  -4.277181E-01   1.426567463E+00
    34    9476.937355   2.983058E-01   5.157068E+14    2.33981E+34   1.453387918E+00  -4.033716E-01   1.621426533E+00
    35    9890.804807   2.569473E-01   4.413717E+14    1.44257E+34   1.570815080E+00  -3.834438E-01   1.777233268E+00
    36   10215.437775   2.187565E-01   3.739170E+14    8.57461E+33   1.655425944E+00  -3.680119E-01   1.891509324E+00
    37   10459.923038   1.841250E-01   3.135560E+14    4.95603E+33   1.712281000E+00  -3.565961E-01   1.969166181E+00
    38   10638.192073   1.529803E-01   2.598017E+14    2.81015E+33   1.748309928E+00  -3.484296E-01   2.018698164E+00
    39   10765.542535   1.250580E-01   2.119469E+14    1.57635E+33   1.770116387E+00  -3.426988E-01   2.048780353E+00
    40   10855.941306   1.008066E-01   1.705862E+14    8.79968E+32   1.782912743E+00  -3.386930E-01   2.066461653E+00
    41   10920.116729   7.587075E-02   1.282092E+14    4.93645E+32   1.790220562E+00  -3.358851E-01   2.076565947E+00
    42   10968.822962   5.018995E-02   8.466964E+13    3.00658E+32   1.793950816E+00  -3.337767E-01   2.081727192E+00
    43   11014.300930   3.538876E-02   5.963259E+13    1.74106E+32   1.796445130E+00  -3.318279E-01   2.085178961E+00
    44   11052.150672   2.486891E-02   4.186259E+13    1.00884E+32   1.797914193E+00  -3.302213E-01   2.087211498E+00
    45   11083.713228   1.743372E-02   2.931862E+13    5.84182E+31   1.798779206E+00  -3.288927E-01   2.088408120E+00
    46   11110.034479   1.219370E-02   2.048880E+13    3.38427E+31   1.799286245E+00  -3.277925E-01   2.089109427E+00
    47   11132.011577   8.512341E-03   1.429188E+13    1.96001E+31   1.799583284E+00  -3.268794E-01   2.089520248E+00
    48   11150.368535   5.882803E-03   9.874473E+12    1.13894E+31   1.799756079E+00  -3.261206E-01   2.089759173E+00
    49   11165.885046   3.949218E-03   6.625266E+12    6.68223E+30   1.799855898E+00  -3.254820E-01   2.089897152E+00
    50   11179.510332   2.426326E-03   4.068425E+12    4.02624E+30   1.799912583E+00  -3.249233E-01   2.089975505E+00
    51   11192.927102   1.441897E-03   2.416415E+12    2.45159E+30   1.799946388E+00  -3.243751E-01   2.090022230E+00
    52   11206.729426   7.809344E-04   1.307463E+12    1.54659E+30   1.799965930E+00  -3.238131E-01   2.090049246E+00
    53   11222.876682   4.466650E-04   7.473111E+11    9.65690E+29   1.799978553E+00  -3.231582E-01   2.090066704E+00
    54   11240.588100   2.018951E-04   3.373738E+11    6.00356E+29   1.799986549E+00  -3.224430E-01   2.090077761E+00
    55   11265.077056   1.309989E-04   2.187562E+11    3.57150E+29   1.799991920E+00  -3.214594E-01   2.090085192E+00
    56   11287.691029   8.592643E-05   1.433757E+11    2.10863E+29   1.799995184E+00  -3.205567E-01   2.090089707E+00
    57   11308.184474   5.575346E-05   9.292430E+10    1.25351E+29   1.799997111E+00  -3.197431E-01   2.090092372E+00
    58   11327.083160   3.714170E-05   6.188544E+10    7.39829E+28   1.799998278E+00  -3.189966E-01   2.090093986E+00
    59   11343.915596   2.400644E-05   3.996836E+10    4.37060E+28   1.799998971E+00  -3.183347E-01   2.090094945E+00
    60   11359.380326   1.610480E-05   2.680213E+10    2.56557E+28   1.799999388E+00  -3.177292E-01   2.090095521E+00
    61   11372.973049   1.052792E-05   1.751167E+10    1.52456E+28   1.799999630E+00  -3.171988E-01   2.090095855E+00
    62   11385.379621   6.862258E-06   1.141549E+10    9.05936E+27   1.799999774E+00  -3.167164E-01   2.090096055E+00
    63   11396.725546   4.604388E-06   7.654937E+09    5.31581E+27   1.799999862E+00  -3.162765E-01   2.090096176E+00
    64   11406.683267   3.058314E-06   5.082866E+09    3.12449E+27   1.799999914E+00  -3.158915E-01   2.090096248E+00
    65   11415.520857   2.039623E-06   3.388655E+09    1.84143E+27   1.799999944E+00  -3.155506E-01   2.090096290E+00
    66   11423.351453   1.369194E-06   2.274400E+09    1.07991E+27   1.799999962E+00  -3.152492E-01   2.090096315E+00
    67   11430.207578   9.195150E-07   1.527173E+09    6.33166E+26   1.799999973E+00  -3.149858E-01   2.090096329E+00
    68   11436.205006   5.851029E-07   9.714324E+08    3.74268E+26   1.799999979E+00  -3.147557E-01   2.090096338E+00
    69   11441.786829   3.934257E-07   6.531050E+08    2.19310E+26   1.799999983E+00  -3.145419E-01   2.090096343E+00
    70   11446.658902   2.646925E-07   4.394044E+08    1.28486E+26   1.799999985E+00  -3.143556E-01   2.090096346E+00
    71   11450.906875   1.753872E-07   2.911386E+08    7.53769E+25   1.799999986E+00  -3.141933E-01   2.090096348E+00
    72   11454.672261   1.172395E-07   1.945736E+08    4.44143E+25   1.799999987E+00  -3.140495E-01   2.090096349E+00
    73   11457.995301   7.911796E-08   1.312974E+08    2.59848E+25   1.799999987E+00  -3.139228E-01   2.090096349E+00
    74   11460.878908   5.356348E-08   8.886958E+07    1.51855E+25   1.799999987E+00  -3.138129E-01   2.090096350E+00
    75   11463.370492   3.630349E-08   6.022454E+07    8.87286E+24   1.799999988E+00  -3.137180E-01   2.090096350E+00
    76   11465.520167   2.467917E-08   4.094672E+07    5.17662E+24   1.799999988E+00  -3.136362E-01   2.090096350E+00
    77   11467.365836   1.682666E-08   2.791914E+07    3.01913E+24   1.799999988E+00  -3.135660E-01   2.090096350E+00
    78   11468.945324   1.150524E-08   1.908774E+07    1.75783E+24   1.799999988E+00  -3.135060E-01   2.090096350E+00
    79   11470.290997   7.901394E-09   1.310725E+07    1.02261E+24   1.799999988E+00  -3.134548E-01   2.090096350E+00
    80   11471.431420   5.437082E-09   9.018197E+06    5.94011E+23   1.799999988E+00  -3.134115E-01   2.090096350E+00
    81   11472.394525   3.672059E-09   6.090464E+06    3.47446E+23   1.799999988E+00  -3.133749E-01   2.090096350E+00
    82   11473.228869   2.554229E-09   4.236267E+06    2.01026E+23   1.799999988E+00  -3.133432E-01   2.090096350E+00
    83   11473.923049   1.776670E-09   2.946545E+06    1.16309E+23   1.799999988E+00  -3.133168E-01   2.090096350E+00
    84   11474.500589   1.244864E-09   2.064626E+06    6.71825E+22   1.799999988E+00  -3.132949E-01   2.090096350E+00
    85   11474.976760   8.745614E-10   1.450568E+06    3.87274E+22   1.799999988E+00  -3.132768E-01   2.090096350E+00
    86   11475.367496   6.148225E-10   1.019815E+06    2.23221E+22   1.799999988E+00  -3.132620E-01   2.090096350E+00
    87   11475.687873   4.357451E-10   7.227276E+05    1.28268E+22   1.799999988E+00  -3.132499E-01   2.090096350E+00
    88   11475.947666   3.088261E-10   5.121845E+05    7.37051E+21   1.799999988E+00  -3.132400E-01   2.090096350E+00
    89   11476.158328   2.195733E-10   3.641309E+05    4.23366E+21   1.799999988E+00  -3.132320E-01   2.090096350E+00
    90   11476.328543   1.567271E-10   2.598842E+05    2.42641E+21   1.799999988E+00  -3.132255E-01   2.090096350E+00
    91   11476.465234   1.118686E-10   1.854819E+05    1.39063E+21   1.799999988E+00  -3.132204E-01   2.090096350E+00
    92   11476.575004   8.019988E-11   1.329769E+05    7.96232E+20   1.799999988E+00  -3.132162E-01   2.090096350E+00
    93   11476.662674   5.759629E-11   9.550649E+04    4.55277E+20   1.799999988E+00  -3.132129E-01   2.090096350E+00
    94   11476.732472   4.136328E-11   6.859446E+04    2.60322E+20   1.799999988E+00  -3.132102E-01   2.090096350E+00
    95   11476.788040   2.985440E-11   4.951009E+04    1.48610E+20   1.799999988E+00  -3.132081E-01   2.090096350E+00
    96   11476.831990   2.156018E-11   3.575573E+04    8.48000E+19   1.799999988E+00  -3.132064E-01   2.090096350E+00
    97   11476.866717   1.557584E-11   2.583167E+04    4.83859E+19   1.799999988E+00  -3.132051E-01   2.090096350E+00
    98   11476.894145   1.132617E-11   1.878388E+04    2.75397E+19   1.799999988E+00  -3.132041E-01   2.090096350E+00
    99   11476.915613   8.235963E-12   1.365897E+04    1.56747E+19   1.799999988E+00  -3.132033E-01   2.090096350E+00
   100   11476.932417   5.991307E-12   9.936472E+03    8.92108E+18   1.799999988E+00  -3.132026E-01   2.090096350E+00
   101   11476.945564   4.366621E-12   7.242581E+03    5.07312E+18   1.799999988E+00  -3.132021E-01   2.090096350E+00
   102   11476.955820   3.182507E-12   5.279034E+03    2.88491E+18   1.799999988E+00  -3.132017E-01   2.090096350E+00
   103   11476.963823   2.319494E-12   3.847827E+03    1.64055E+18   1.799999988E+00  -3.132014E-01   2.090096350E+00
   104   11476.970066   1.690507E-12   2.804636E+03    9.32925E+17   1.799999988E+00  -3.132012E-01   2.090096350E+00
   105   11476.974937   1.232085E-12   2.044267E+03    5.30523E+17   1.799999988E+00  -3.132010E-01   2.090096350E+00
   106   11476.978737   8.979753E-13   1.490042E+03    3.01690E+17   1.799999988E+00  -3.132009E-01   2.090096350E+00
   107   11476.981702   6.591134E-13   1.093958E+03    1.71406E+17   1.799999988E+00  -3.132008E-01   2.090096350E+00
   108   11476.983996   4.974766E-13   8.264923E+02    9.61665E+16   1.799999988E+00  -3.132007E-01   2.090096350E+00
   109   11476.985700   3.754785E-13   6.244203E+02    5.39537E+16   1.799999988E+00  -3.132006E-01   2.090096350E+00
   110   11476.986965   2.833985E-13   4.717535E+02    3.02704E+16   1.799999988E+00  -3.132006E-01   2.090096350E+00
   111   11476.987905   2.138996E-13   3.564128E+02    1.69831E+16   1.799999988E+00  -3.132005E-01   2.090096350E+00
   112   11476.988602   1.614442E-13   2.692722E+02    9.52826E+15   1.799999988E+00  -3.132005E-01   2.090096350E+00
   113   11476.989120   1.223521E-13   2.042080E+02    5.34313E+15   1.799999988E+00  -3.132005E-01   2.090096350E+00
   114   11476.989504   9.472254E-14   1.579170E+02    2.97115E+15   1.799999988E+00  -3.132005E-01   2.090096350E+00
   115   11476.989779   7.333231E-14   1.221196E+02    1.65216E+15   1.799999988E+00  -3.132005E-01   2.090096350E+00
   116   11476.989977   5.677242E-14   9.443686E+01    9.18715E+14   1.799999988E+00  -3.132004E-01   2.090096350E+00
   117   11476.990120   4.395208E-14   7.302942E+01    5.10868E+14   1.799999988E+00  -3.132004E-01   2.090096350E+00
   118   11476.990222   3.402683E-14   5.647472E+01    2.84078E+14   1.799999988E+00  -3.132004E-01   2.090096350E+00
   119   11476.990296   2.640025E-14   4.377276E+01    1.57918E+14   1.799999988E+00  -3.132004E-01   2.090096350E+00
   120   11476.990349   2.076358E-14   3.441940E+01    8.72487E+13   1.799999988E+00  -3.132004E-01   2.090096350E+00
   121   11476.990386   1.633038E-14   2.706466E+01    4.82044E+13   1.799999988E+00  -3.132004E-01   2.090096350E+00
   122   11476.990412   1.284371E-14   2.128149E+01    2.66327E+13   1.799999988E+00  -3.132004E-01   2.090096350E+00
   123   11476.990430   1.010147E-14   1.673406E+01    1.47144E+13   1.799999988E+00  -3.132004E-01   2.090096350E+00
   124   11476.990443   9.098414E-15   1.507862E+01    7.72985E+12   1.799999988E+00  -3.132004E-01   2.090096350E+00
   125   11476.990451   8.291607E-15   1.374804E+01    4.02240E+12   1.799999988E+00  -3.132004E-01   2.090096350E+00
   126   11476.990455   7.556344E-15   1.253487E+01    2.09314E+12   1.799999988E+00  -3.132004E-01   2.090096350E+00
   127   11476.990457   6.886232E-15   1.142790E+01    1.08923E+12   1.799999988E+00  -3.132004E-01   2.090096350E+00
   128   11476.990459   6.275423E-15   1.041485E+01    5.66909E+11   1.799999988E+00  -3.132004E-01   2.090096350E+00
   129   11476.990459   5.718793E-15   9.491598E+00    2.95058E+11   1.799999988E+00  -3.132004E-01   2.090096350E+00
   130   11476.990460   5.211536E-15   8.650192E+00    1.53569E+11   1.799999988E+00  -3.132004E-01   2.090096350E+00
   131   11476.990460   4.894245E-15   8.123741E+00    7.95676E+10   1.799999988E+00  -3.132004E-01   2.090096350E+00
   132   11476.990460   4.849016E-15   8.048356E+00    3.99482E+10   1.799999988E+00  -3.132004E-01   2.090096350E+00
   133   11476.990460   4.804205E-15   7.973671E+00    2.00566E+10   1.799999988E+00  -3.132004E-01   2.090096350E+00
   134   11476.990460   4.759961E-15   7.899948E+00    1.00697E+10   1.799999988E+00  -3.132004E-01   2.090096350E+00
   135   11476.990460   4.750919E-15   7.887897E+00    5.03824E+09   1.799999988E+00  -3.132004E-01   2.090096350E+00
   136   11476.990460   4.741894E-15   7.875865E+00    2.52083E+09   1.799999988E+00  -3.132004E-01   2.090096350E+00
   137   11476.990460   4.732886E-15   7.863851E+00    1.26127E+09   1.799999988E+00  -3.132004E-01   2.090096350E+00
   138   11476.990460   4.723859E-15   7.847711E+00    6.31146E+08   1.799999988E+00  -3.132004E-01   2.090096350E+00
