       6     153      53      68

     EOS file :  /Users/jkopp/cernbox/ns-muons/packages/nscool/EOS/nl3wr_test

  step        radius       baryon#       density        pressure       encl. mass            phi     encl. bar. mass 
                (m)        (#/fm3)       (g/cm3)        (dyn/cm2)      (sol. mass)                     (sol. mass)   

     0       0.000000   3.745872E-01   6.877871E+14    1.37617E+35   0.000000000E+00  -5.969479E-01   0.000000000E+00
     1      10.000000   3.745870E-01   6.877868E+14    1.37617E+35   1.448463780E-09  -5.969477E-01   1.321154161E-09
     2      11.666665   3.745870E-01   6.877867E+14    1.37617E+35   2.300106132E-09  -5.969476E-01   2.097943348E-09
     3      13.611108   3.745870E-01   6.877866E+14    1.37617E+35   3.652481850E-09  -5.969475E-01   3.331455231E-09
     4      15.879624   3.745869E-01   6.877864E+14    1.37617E+35   5.800002684E-09  -5.969474E-01   5.290225169E-09
     5      18.526224   3.745868E-01   6.877862E+14    1.37616E+35   9.210182517E-09  -5.969473E-01   8.400676591E-09
     6      21.613923   3.745866E-01   6.877859E+14    1.37616E+35   1.462541376E-08  -5.969470E-01   1.333995243E-08
     7      25.216234   3.745865E-01   6.877855E+14    1.37616E+35   2.322458306E-08  -5.969467E-01   2.118332694E-08
     8      29.418926   3.745862E-01   6.877849E+14    1.37616E+35   3.687970792E-08  -5.969463E-01   3.363828798E-08
     9      34.322059   3.745859E-01   6.877842E+14    1.37615E+35   5.856345939E-08  -5.969458E-01   5.341624606E-08
    10      40.042367   3.745854E-01   6.877831E+14    1.37615E+35   9.299627844E-08  -5.969450E-01   8.482278395E-08
    11      46.716040   3.745848E-01   6.877817E+14    1.37614E+35   1.476739411E-07  -5.969440E-01   1.346949284E-07
    12      54.501960   3.745839E-01   6.877798E+14    1.37613E+35   2.344992260E-07  -5.969425E-01   2.138894533E-07
    13      63.585481   3.745828E-01   6.877771E+14    1.37611E+35   3.723727937E-07  -5.969406E-01   3.396461433E-07
    14      74.182841   3.745812E-01   6.877735E+14    1.37609E+35   5.913070897E-07  -5.969380E-01   5.393403374E-07
    15      86.546298   3.745790E-01   6.877686E+14    1.37607E+35   9.389583797E-07  -5.969344E-01   8.564413307E-07
    16     100.970126   3.745761E-01   6.877620E+14    1.37603E+35   1.490997893E-06  -5.969296E-01   1.359973015E-06
    17     117.797599   3.745721E-01   6.877529E+14    1.37598E+35   2.367577595E-06  -5.969230E-01   2.159534695E-06
    18     137.429133   3.745666E-01   6.877406E+14    1.37591E+35   3.759470272E-06  -5.969140E-01   3.429148545E-06
    19     160.331766   3.745592E-01   6.877239E+14    1.37582E+35   5.969563999E-06  -5.969018E-01   5.445117593E-06
    20     187.050198   3.745491E-01   6.877011E+14    1.37569E+35   9.478721343E-06  -5.968852E-01   8.646119261E-06
    21     218.219627   3.745353E-01   6.876700E+14    1.37552E+35   1.505029121E-05  -5.968626E-01   1.372858080E-05
    22     254.580666   3.745166E-01   6.876278E+14    1.37529E+35   2.389591828E-05  -5.968318E-01   2.179802209E-05
    23     296.996649   3.744912E-01   6.875703E+14    1.37497E+35   3.793851493E-05  -5.967898E-01   3.460914493E-05
    24     346.473660   3.744565E-01   6.874920E+14    1.37454E+35   6.022914430E-05  -5.967328E-01   5.494657324E-05
    25     404.183657   3.744094E-01   6.873855E+14    1.37396E+35   9.560748967E-05  -5.966552E-01   8.722834731E-05
    26     471.491064   3.743452E-01   6.872407E+14    1.37316E+35   1.517473642E-04  -5.965496E-01   1.384618606E-04
    27     549.983167   3.742579E-01   6.870436E+14    1.37207E+35   2.408098447E-04  -5.964060E-01   2.197566970E-04
    28     641.504597   3.741392E-01   6.867755E+14    1.37060E+35   3.820530989E-04  -5.962107E-01   3.487158458E-04
    29     748.196017   3.739778E-01   6.864110E+14    1.36859E+35   6.059437958E-04  -5.959452E-01   5.532089247E-04
    30     872.536804   3.737583E-01   6.859156E+14    1.36587E+35   9.606151970E-04  -5.955844E-01   8.773124215E-04
    31    1017.390999   3.734600E-01   6.852424E+14    1.36218E+35   1.521970864E-03  -5.950943E-01   1.390631992E-03
    32    1186.054870   3.730550E-01   6.843283E+14    1.35718E+35   2.409405176E-03  -5.944292E-01   2.202868986E-03
    33    1382.302971   3.725107E-01   6.830999E+14    1.35041E+35   3.810087735E-03  -5.935276E-01   3.486453340E-03
    34    1610.423931   3.717747E-01   6.814394E+14    1.34127E+35   6.016045047E-03  -5.923070E-01   5.511385450E-03
    35    1875.247301   3.707785E-01   6.791929E+14    1.32897E+35   9.479992649E-03  -5.906579E-01   8.698306073E-03
    36    2182.134866   3.693762E-01   6.760920E+14    1.31248E+35   1.489738421E-02  -5.884357E-01   1.369764599E-02
    37    2536.948371   3.674920E-01   6.719346E+14    1.29050E+35   2.332446596E-02  -5.854516E-01   2.150614397E-02
    38    2945.846707   3.649979E-01   6.664315E+14    1.26139E+35   3.633910233E-02  -5.814637E-01   3.363146274E-02
    39    3415.007019   3.617238E-01   6.592081E+14    1.22323E+35   5.624507439E-02  -5.761688E-01   5.231282114E-02
    40    3950.134573   3.574911E-01   6.498686E+14    1.17382E+35   8.630203586E-02  -5.691997E-01   8.079437703E-02
    41    4555.641924   3.517809E-01   6.375120E+14    1.11095E+35   1.309051056E-01  -5.601335E-01   1.235951767E-01
    42    5233.900512   3.446078E-01   6.220312E+14    1.03265E+35   1.956417365E-01  -5.485149E-01   1.867305980E-01
    43    5982.979704   3.353793E-01   6.024758E+14    9.37897E+34   2.868799870E-01  -5.339267E-01   2.775576253E-01
    44    6795.716731   3.240214E-01   5.787464E+14    8.27258E+34   4.108113984E-01  -5.160768E-01   4.040995366E-01
    45    7657.041602   3.103016E-01   5.506302E+14    7.03752E+34   5.714132171E-01  -4.949576E-01   5.731402322E-01
    46    8543.037028   2.942208E-01   5.183908E+14    5.73242E+34   7.677968197E-01  -4.710039E-01   7.871909754E-01
    47    9421.024198   2.756746E-01   4.821828E+14    4.43991E+34   9.917636634E-01  -4.452130E-01   1.040825440E+00
    48   10253.297597   2.551394E-01   4.431046E+14    3.25155E+34   1.227259084E+00  -4.190931E-01   1.318212137E+00
    49   11002.160501   2.329943E-01   4.020207E+14    2.24519E+34   1.453223693E+00  -3.944340E-01   1.594548976E+00
    50   11638.652307   2.097168E-01   3.598332E+14    1.46378E+34   1.649704683E+00  -3.728359E-01   1.842834749E+00
    51   12149.404957   1.860362E-01   3.177408E+14    9.06033E+33   1.804588416E+00  -3.552605E-01   2.043709013E+00
    52   12537.745571   1.623915E-01   2.763610E+14    5.37563E+33   1.915880540E+00  -3.418760E-01   2.190765433E+00
    53   12820.470151   1.392650E-01   2.363440E+14    3.09184E+33   1.989746671E+00  -3.321934E-01   2.289564025E+00
    54   13020.346391   1.164682E-01   1.972226E+14    1.74715E+33   2.035647857E+00  -3.254186E-01   2.351409239E+00
    55   13160.793618   9.409162E-02   1.590430E+14    9.81748E+32   2.062884649E+00  -3.207129E-01   2.388257994E+00
    56   13261.336281   7.259135E-02   1.226833E+14    5.53224E+32   2.078630724E+00  -3.173821E-01   2.409593137E+00
    57   13336.263200   5.213622E-02   8.796946E+13    3.20166E+32   2.087412139E+00  -3.149258E-01   2.421498395E+00
    58   13397.656138   3.685897E-02   6.211743E+13    1.85420E+32   2.092597107E+00  -3.129331E-01   2.428532880E+00
    59   13448.652285   2.591663E-02   4.363153E+13    1.07534E+32   2.095649564E+00  -3.112931E-01   2.432674570E+00
    60   13491.213614   1.818414E-02   3.058370E+13    6.23014E+31   2.097450635E+00  -3.099356E-01   2.435118378E+00
    61   13526.713996   1.272179E-02   2.137831E+13    3.61063E+31   2.098507931E+00  -3.088116E-01   2.436552913E+00
    62   13556.373322   8.896507E-03   1.493733E+13    2.09134E+31   2.099128269E+00  -3.078784E-01   2.437394578E+00
    63   13581.118897   6.149086E-03   1.032175E+13    1.21548E+31   2.099489384E+00  -3.071040E-01   2.437884449E+00
    64   13602.044231   4.140522E-03   6.946663E+12    7.11660E+30   2.099698820E+00  -3.064522E-01   2.438168473E+00
    65   13620.330768   2.566971E-03   4.304491E+12    4.25994E+30   2.099818401E+00  -3.058848E-01   2.438330634E+00
    66   13638.063761   1.552167E-03   2.601495E+12    2.59007E+30   2.099888747E+00  -3.053367E-01   2.438426024E+00
    67   13655.969242   8.385878E-04   1.404190E+12    1.63432E+30   2.099929257E+00  -3.047852E-01   2.438480966E+00
    68   13676.975198   4.768425E-04   7.978265E+11    1.02449E+30   2.099955278E+00  -3.041409E-01   2.438516272E+00
    69   13700.248879   2.155492E-04   3.601631E+11    6.39159E+29   2.099971844E+00  -3.034302E-01   2.438538747E+00
    70   13732.551045   1.386361E-04   2.315064E+11    3.82478E+29   2.099982984E+00  -3.024496E-01   2.438553869E+00
    71   13762.828574   9.120526E-05   1.522049E+11    2.26247E+29   2.099989841E+00  -3.015363E-01   2.438563176E+00
    72   13790.245419   5.914543E-05   9.858306E+10    1.34578E+29   2.099993906E+00  -3.007141E-01   2.438568692E+00
    73   13815.569608   3.925357E-05   6.540853E+10    7.96512E+28   2.099996365E+00  -2.999588E-01   2.438572029E+00
    74   13838.280919   2.533133E-05   4.217110E+10    4.69488E+28   2.099997842E+00  -2.992848E-01   2.438574032E+00
    75   13859.142930   1.699189E-05   2.828315E+10    2.75614E+28   2.099998724E+00  -2.986684E-01   2.438575228E+00
    76   13877.484250   1.111168E-05   1.848485E+10    1.63236E+28   2.099999239E+00  -2.981286E-01   2.438575927E+00
    77   13894.168963   7.214416E-06   1.200092E+10    9.68562E+27   2.099999545E+00  -2.976393E-01   2.438576342E+00
    78   13909.470558   4.840580E-06   8.047576E+09    5.68330E+27   2.099999730E+00  -2.971920E-01   2.438576593E+00
    79   13922.902920   3.219918E-06   5.351811E+09    3.33696E+27   2.099999840E+00  -2.968005E-01   2.438576741E+00
    80   13934.795751   2.142236E-06   3.559188E+09    1.96645E+27   2.099999904E+00  -2.964548E-01   2.438576828E+00
    81   13945.360132   1.437996E-06   2.388779E+09    1.15329E+27   2.099999942E+00  -2.961483E-01   2.438576880E+00
    82   13954.612062   9.657165E-07   1.603783E+09    6.76224E+26   2.099999964E+00  -2.958805E-01   2.438576911E+00
    83   13962.707735   6.130792E-07   1.017895E+09    3.98553E+26   2.099999978E+00  -2.956465E-01   2.438576928E+00
    84   13970.238047   4.122364E-07   6.843439E+08    2.33551E+26   2.099999985E+00  -2.954293E-01   2.438576939E+00
    85   13976.811864   2.773148E-07   4.603470E+08    1.36835E+26   2.099999990E+00  -2.952399E-01   2.438576945E+00
    86   13982.545341   1.849806E-07   3.070888E+08    8.02224E+25   2.099999993E+00  -2.950749E-01   2.438576949E+00
    87   13987.590251   1.230474E-07   2.042143E+08    4.74399E+25   2.099999994E+00  -2.949299E-01   2.438576951E+00
    88   13992.081146   8.303796E-08   1.378039E+08    2.77558E+25   2.099999995E+00  -2.948009E-01   2.438576952E+00
    89   13995.978526   5.620012E-08   9.324670E+07    1.62243E+25   2.099999996E+00  -2.946891E-01   2.438576953E+00
    90   13999.348033   3.806780E-08   6.315025E+07    9.48063E+24   2.099999996E+00  -2.945925E-01   2.438576954E+00
    91   14002.257410   2.587879E-08   4.293631E+07    5.53128E+24   2.099999996E+00  -2.945091E-01   2.438576954E+00
    92   14004.755462   1.763007E-08   2.925254E+07    3.22628E+24   2.099999996E+00  -2.944376E-01   2.438576954E+00
    93   14006.895223   1.205465E-08   1.999949E+07    1.87846E+24   2.099999996E+00  -2.943763E-01   2.438576954E+00
    94   14008.718295   8.273395E-09   1.372456E+07    1.09331E+24   2.099999996E+00  -2.943241E-01   2.438576954E+00
    95   14010.265087   5.693091E-09   9.442969E+06    6.35087E+23   2.099999996E+00  -2.942799E-01   2.438576954E+00
    96   14011.571412   3.833160E-09   6.357694E+06    3.70677E+23   2.099999997E+00  -2.942425E-01   2.438576954E+00
    97   14012.704177   2.666298E-09   4.422157E+06    2.14468E+23   2.099999997E+00  -2.942102E-01   2.438576954E+00
    98   14013.646665   1.854628E-09   3.075850E+06    1.24087E+23   2.099999997E+00  -2.941832E-01   2.438576954E+00
    99   14014.430804   1.298216E-09   2.153095E+06    7.17285E+22   2.099999997E+00  -2.941608E-01   2.438576954E+00
   100   14015.078443   9.120449E-10   1.512727E+06    4.13481E+22   2.099999997E+00  -2.941423E-01   2.438576954E+00
   101   14015.609888   6.407426E-10   1.062811E+06    2.38351E+22   2.099999997E+00  -2.941271E-01   2.438576954E+00
   102   14016.045974   4.539470E-10   7.529233E+05    1.36999E+22   2.099999997E+00  -2.941147E-01   2.438576954E+00
   103   14016.399825   3.217266E-10   5.335843E+05    7.87226E+21   2.099999997E+00  -2.941046E-01   2.438576954E+00
   104   14016.686758   2.285245E-10   3.789795E+05    4.52236E+21   2.099999997E+00  -2.940964E-01   2.438576954E+00
   105   14016.918849   1.631164E-10   2.704820E+05    2.59187E+21   2.099999997E+00  -2.940897E-01   2.438576954E+00
   106   14017.105232   1.164292E-10   1.930457E+05    1.48546E+21   2.099999997E+00  -2.940844E-01   2.438576954E+00
   107   14017.254907   8.341877E-11   1.383127E+05    8.50933E+20   2.099999997E+00  -2.940801E-01   2.438576954E+00
   108   14017.374580   5.990800E-11   9.933879E+04    4.86555E+20   2.099999997E+00  -2.940767E-01   2.438576954E+00
   109   14017.469857   4.302346E-11   7.134691E+04    2.78207E+20   2.099999997E+00  -2.940740E-01   2.438576954E+00
   110   14017.545710   3.103525E-11   5.146828E+04    1.58886E+20   2.099999997E+00  -2.940718E-01   2.438576954E+00
   111   14017.605763   2.241296E-11   3.716992E+04    9.06639E+19   2.099999997E+00  -2.940701E-01   2.438576954E+00
   112   14017.653213   1.618614E-11   2.684376E+04    5.17348E+19   2.099999997E+00  -2.940688E-01   2.438576954E+00
   113   14017.690705   1.176500E-11   1.951166E+04    2.94552E+19   2.099999997E+00  -2.940677E-01   2.438576954E+00
   114   14017.720073   8.555067E-12   1.418819E+04    1.67650E+19   2.099999997E+00  -2.940668E-01   2.438576954E+00
   115   14017.743060   6.221504E-12   1.031814E+04    9.54192E+18   2.099999997E+00  -2.940662E-01   2.438576954E+00
   116   14017.761050   4.534395E-12   7.520778E+03    5.42617E+18   2.099999997E+00  -2.940657E-01   2.438576954E+00
   117   14017.775086   3.304785E-12   5.481809E+03    3.08568E+18   2.099999997E+00  -2.940653E-01   2.438576954E+00
   118   14017.786037   2.408613E-12   3.995627E+03    1.75472E+18   2.099999997E+00  -2.940650E-01   2.438576954E+00
   119   14017.794580   1.755460E-12   2.912366E+03    9.97851E+17   2.099999997E+00  -2.940647E-01   2.438576954E+00
   120   14017.801246   1.279424E-12   2.122790E+03    5.67444E+17   2.099999997E+00  -2.940645E-01   2.438576954E+00
   121   14017.806446   9.324773E-13   1.547277E+03    3.22686E+17   2.099999997E+00  -2.940644E-01   2.438576954E+00
   122   14017.810503   6.812365E-13   1.130547E+03    1.83434E+17   2.099999997E+00  -2.940643E-01   2.438576954E+00
   123   14017.813660   5.141744E-13   8.541353E+02    1.02915E+17   2.099999997E+00  -2.940642E-01   2.438576954E+00
   124   14017.816004   3.880815E-13   6.453047E+02    5.77397E+16   2.099999997E+00  -2.940641E-01   2.438576954E+00
   125   14017.817745   2.929108E-13   4.875319E+02    3.23945E+16   2.099999997E+00  -2.940641E-01   2.438576954E+00
   126   14017.819037   2.210792E-13   3.683335E+02    1.81748E+16   2.099999997E+00  -2.940640E-01   2.438576954E+00
   127   14017.819997   1.668631E-13   2.782783E+02    1.01969E+16   2.099999997E+00  -2.940640E-01   2.438576954E+00
   128   14017.820710   1.260447E-13   2.103984E+02    5.72011E+15   2.099999997E+00  -2.940640E-01   2.438576954E+00
   129   14017.821239   9.758132E-14   1.627042E+02    3.18077E+15   2.099999997E+00  -2.940640E-01   2.438576954E+00
   130   14017.821619   7.554552E-14   1.258215E+02    1.76873E+15   2.099999997E+00  -2.940639E-01   2.438576954E+00
   131   14017.821893   5.848584E-14   9.729965E+01    9.83534E+14   2.099999997E+00  -2.940639E-01   2.438576954E+00
   132   14017.822089   4.527858E-14   7.524325E+01    5.46912E+14   2.099999997E+00  -2.940639E-01   2.438576954E+00
   133   14017.822231   3.505377E-14   5.818672E+01    3.04121E+14   2.099999997E+00  -2.940639E-01   2.438576954E+00
   134   14017.822333   2.714184E-14   4.500348E+01    1.69103E+14   2.099999997E+00  -2.940639E-01   2.438576954E+00
   135   14017.822406   2.134683E-14   3.538714E+01    9.34287E+13   2.099999997E+00  -2.940639E-01   2.438576954E+00
   136   14017.822457   1.678911E-14   2.782561E+01    5.16188E+13   2.099999997E+00  -2.940639E-01   2.438576954E+00
   137   14017.822493   1.320449E-14   2.187984E+01    2.85191E+13   2.099999997E+00  -2.940639E-01   2.438576954E+00
   138   14017.822518   1.038522E-14   1.720456E+01    1.57566E+13   2.099999997E+00  -2.940639E-01   2.438576954E+00
   139   14017.822536   9.203969E-15   1.525266E+01    8.38322E+12   2.099999997E+00  -2.940639E-01   2.438576954E+00
   140   14017.822547   8.387802E-15   1.390671E+01    4.36239E+12   2.099999997E+00  -2.940639E-01   2.438576954E+00
   141   14017.822553   7.644008E-15   1.267954E+01    2.27007E+12   2.099999997E+00  -2.940639E-01   2.438576954E+00
   142   14017.822557   6.966160E-15   1.156046E+01    1.18128E+12   2.099999997E+00  -2.940639E-01   2.438576954E+00
   143   14017.822558   6.348262E-15   1.053566E+01    6.14821E+11   2.099999997E+00  -2.940639E-01   2.438576954E+00
   144   14017.822560   5.785171E-15   9.601698E+00    3.19996E+11   2.099999997E+00  -2.940639E-01   2.438576954E+00
   145   14017.822560   5.272026E-15   8.750532E+00    1.66548E+11   2.099999997E+00  -2.940639E-01   2.438576954E+00
   146   14017.822561   4.899702E-15   8.132836E+00    8.64277E+10   2.099999997E+00  -2.940639E-01   2.438576954E+00
   147   14017.822561   4.854423E-15   8.057367E+00    4.33924E+10   2.099999997E+00  -2.940639E-01   2.438576954E+00
   148   14017.822561   4.809561E-15   7.982599E+00    2.17858E+10   2.099999997E+00  -2.940639E-01   2.438576954E+00
   149   14017.822561   4.765115E-15   7.908524E+00    1.09379E+10   2.099999997E+00  -2.940639E-01   2.438576954E+00
   150   14017.822561   4.752008E-15   7.889348E+00    5.47677E+09   2.099999997E+00  -2.940639E-01   2.438576954E+00
   151   14017.822561   4.742981E-15   7.877314E+00    2.74024E+09   2.099999997E+00  -2.940639E-01   2.438576954E+00
   152   14017.822561   4.733971E-15   7.865298E+00    1.37105E+09   2.099999997E+00  -2.940639E-01   2.438576954E+00
   153   14017.822561   4.724947E-15   7.849890E+00    6.86036E+08   2.099999997E+00  -2.940639E-01   2.438576954E+00
