       6     152      52      67

     EOS file :  /Users/jkopp/cernbox/ns-muons/packages/nscool/EOS/BSk22_test

  step        radius       baryon#       density        pressure       encl. mass            phi     encl. bar. mass 
                (m)        (#/fm3)       (g/cm3)        (dyn/cm2)      (sol. mass)                     (sol. mass)   

     0       0.000000   4.681960E-01   8.663299E+14    1.38498E+35   0.000000000E+00  -5.215601E-01   0.000000000E+00
     1      10.000000   4.681957E-01   8.663294E+14    1.38498E+35   1.824470435E-09  -5.215598E-01   1.651308406E-09
     2      11.666665   4.681956E-01   8.663292E+14    1.38498E+35   2.897190222E-09  -5.215597E-01   2.622215628E-09
     3      13.611107   4.681955E-01   8.663289E+14    1.38498E+35   4.600628102E-09  -5.215596E-01   4.163979297E-09
     4      15.879622   4.681954E-01   8.663286E+14    1.38497E+35   7.305621318E-09  -5.215595E-01   6.612240652E-09
     5      18.526220   4.681952E-01   8.663282E+14    1.38497E+35   1.160104377E-08  -5.215593E-01   1.049998415E-08
     6      21.613916   4.681949E-01   8.663275E+14    1.38497E+35   1.842200130E-08  -5.215591E-01   1.667356632E-08
     7      25.216224   4.681945E-01   8.663267E+14    1.38497E+35   2.925339845E-08  -5.215587E-01   2.647696344E-08
     8      29.418910   4.681940E-01   8.663256E+14    1.38496E+35   4.645318945E-08  -5.215582E-01   4.204434590E-08
     9      34.322032   4.681933E-01   8.663240E+14    1.38496E+35   7.376567676E-08  -5.215576E-01   6.676466659E-08
    10      40.042324   4.681923E-01   8.663219E+14    1.38495E+35   1.171365843E-07  -5.215567E-01   1.060193910E-07
    11      46.715972   4.681910E-01   8.663190E+14    1.38494E+35   1.860073075E-07  -5.215555E-01   1.683539438E-07
    12      54.501850   4.681892E-01   8.663151E+14    1.38492E+35   2.953700135E-07  -5.215539E-01   2.673378337E-07
    13      63.585306   4.681867E-01   8.663097E+14    1.38490E+35   4.690308027E-07  -5.215516E-01   4.245182695E-07
    14      74.182563   4.681834E-01   8.663025E+14    1.38487E+35   7.447909228E-07  -5.215486E-01   6.741099759E-07
    15      86.545856   4.681788E-01   8.662926E+14    1.38484E+35   1.182673124E-06  -5.215445E-01   1.070441546E-06
    16     100.969422   4.681727E-01   8.662791E+14    1.38478E+35   1.877982165E-06  -5.215389E-01   1.699778024E-06
    17     117.796480   4.681642E-01   8.662608E+14    1.38471E+35   2.982038710E-06  -5.215312E-01   2.699090521E-06
    18     137.427354   4.681528E-01   8.662358E+14    1.38462E+35   4.735091656E-06  -5.215208E-01   4.285852564E-06
    19     160.328940   4.681372E-01   8.662019E+14    1.38449E+35   7.518555056E-06  -5.215067E-01   6.805335942E-06
    20     187.045709   4.681160E-01   8.661557E+14    1.38431E+35   1.193790085E-05  -5.214874E-01   1.080567226E-05
    21     218.212497   4.680871E-01   8.660928E+14    1.38407E+35   1.895416515E-05  -5.214612E-01   1.715695614E-05
    22     254.569344   4.680478E-01   8.660072E+14    1.38374E+35   3.009250675E-05  -5.214255E-01   2.724017836E-05
    23     296.978670   4.679944E-01   8.658908E+14    1.38330E+35   4.777281051E-05  -5.213770E-01   4.324681661E-05
    24     346.445112   4.679216E-01   8.657324E+14    1.38269E+35   7.583342172E-05  -5.213110E-01   6.865364977E-05
    25     404.138334   4.678226E-01   8.655168E+14    1.38187E+35   1.203601166E-04  -5.212211E-01   1.089747503E-04
    26     471.419118   4.676880E-01   8.652236E+14    1.38075E+35   1.909966550E-04  -5.210989E-01   1.729513162E-04
    27     549.868978   4.675048E-01   8.648247E+14    1.37923E+35   3.030133502E-04  -5.209327E-01   2.744318026E-04
    28     641.323403   4.672558E-01   8.642825E+14    1.37716E+35   4.805649011E-04  -5.207068E-01   4.353375236E-04
    29     747.908583   4.669173E-01   8.635455E+14    1.37435E+35   7.618057675E-04  -5.203998E-01   6.903289571E-04
    30     872.081012   4.664575E-01   8.625445E+14    1.37053E+35   1.206889028E-03  -5.199828E-01   1.094123445E-03
    31    1016.668611   4.658331E-01   8.611856E+14    1.36537E+35   1.910403032E-03  -5.194169E-01   1.732917977E-03
    32    1184.910758   4.649862E-01   8.593429E+14    1.35839E+35   3.020556137E-03  -5.186497E-01   2.742106795E-03
    33    1380.492658   4.638409E-01   8.568616E+14    1.34896E+35   4.768461807E-03  -5.176113E-01   4.333524785E-03
    34    1607.563299   4.622923E-01   8.535099E+14    1.33628E+35   7.512101176E-03  -5.162085E-01   6.836781669E-03
    35    1870.735420   4.602024E-01   8.489897E+14    1.31929E+35   1.180097978E-02  -5.143183E-01   1.076100535E-02
    36    2175.035483   4.573904E-01   8.429135E+14    1.29665E+35   1.846817439E-02  -5.117807E-01   1.688467338E-02
    37    2525.783171   4.536287E-01   8.348222E+14    1.26671E+35   2.875543695E-02  -5.083903E-01   2.638168517E-02
    38    2928.344875   4.486177E-01   8.240715E+14    1.22751E+35   4.447003010E-02  -5.038904E-01   4.098789229E-02
    39    3387.764926   4.420015E-01   8.099654E+14    1.17685E+35   6.815794697E-02  -4.979694E-01   6.320308047E-02
    40    3908.111464   4.333468E-01   7.916292E+14    1.11254E+35   1.032407638E-01  -4.902690E-01   9.649130185E-02
    41    4491.617291   4.221786E-01   7.681808E+14    1.03274E+35   1.540176114E-01  -4.804064E-01   1.453996340E-01
    42    5137.465374   4.080065E-01   7.387459E+14    9.36591E+34   2.253547247E-01  -4.680252E-01   2.154252697E-01
    43    5840.412503   3.904092E-01   7.026957E+14    8.24999E+34   3.218645684E-01  -4.528771E-01   3.123923510E-01
    44    6589.389933   3.691336E-01   6.598175E+14    7.01327E+34   4.464395947E-01  -4.349376E-01   4.410747151E-01
    45    7366.626465   3.442265E-01   6.105679E+14    5.71679E+34   5.983494697E-01  -4.145291E-01   6.030368619E-01
    46    8147.868838   3.161317E-01   5.561716E+14    4.44281E+34   7.716113554E-01  -3.924040E-01   7.942126899E-01
    47    8904.339400   2.857153E-01   4.985700E+14    3.27825E+34   9.548029539E-01  -3.697155E-01   1.003536807E+00
    48    9606.490821   2.541703E-01   4.401424E+14    2.29275E+34   1.133132239E+00  -3.478361E-01   1.214165690E+00
    49   10228.810391   2.227861E-01   3.832028E+14    1.52167E+34   1.292337995E+00  -3.280570E-01   1.407718660E+00
    50   10754.338721   1.927139E-01   3.296344E+14    9.62271E+33   1.422649376E+00  -3.112881E-01   1.569836175E+00
    51   11177.191379   1.647748E-01   2.806189E+14    5.83607E+33   1.520762027E+00  -2.979002E-01   1.693957196E+00
    52   11502.354506   1.394002E-01   2.366323E+14    3.42244E+33   1.589191054E+00  -2.877568E-01   1.781488859E+00
    53   11742.869141   1.166986E-01   1.976302E+14    1.95784E+33   1.633860594E+00  -2.803855E-01   1.839009011E+00
    54   11915.644245   9.666897E-02   1.634354E+14    1.10162E+33   1.661508721E+00  -2.751817E-01   1.874739723E+00
    55   12037.440571   7.741146E-02   1.308710E+14    6.15229E+32   1.677908144E+00  -2.715695E-01   1.895966811E+00
    56   12124.587447   5.567406E-02   9.396925E+13    3.56854E+32   1.686903503E+00  -2.690189E-01   1.907610212E+00
    57   12196.286645   3.952144E-02   6.661803E+13    2.06543E+32   1.692274812E+00  -2.669454E-01   1.914568068E+00
    58   12255.732932   2.780883E-02   4.682678E+13    1.19918E+32   1.695441208E+00  -2.652453E-01   1.918670071E+00
    59   12305.476230   1.953919E-02   3.286841E+13    6.95285E+31   1.697319514E+00  -2.638369E-01   1.921103345E+00
    60   12347.019070   1.367546E-02   2.298488E+13    4.03202E+31   1.698426668E+00  -2.626710E-01   1.922537545E+00
    61   12381.788571   9.566825E-03   1.606556E+13    2.33648E+31   1.699078590E+00  -2.617026E-01   1.923382009E+00
    62   12410.838858   6.626702E-03   1.112404E+13    1.35669E+31   1.699459873E+00  -2.608988E-01   1.923875850E+00
    63   12435.358346   4.485208E-03   7.525797E+12    7.91602E+30   1.699682014E+00  -2.602241E-01   1.924163467E+00
    64   12456.620636   2.823001E-03   4.734254E+12    4.68540E+30   1.699810113E+00  -2.596418E-01   1.924329313E+00
    65   12476.718890   1.715857E-03   2.876161E+12    2.84601E+30   1.699883611E+00  -2.590939E-01   1.924424464E+00
    66   12496.900542   9.384129E-04   1.571647E+12    1.77971E+30   1.699926533E+00  -2.585459E-01   1.924480037E+00
    67   12520.092387   5.245088E-04   8.776201E+11    1.11665E+30   1.699953434E+00  -2.579192E-01   1.924514882E+00
    68   12546.276350   2.355953E-04   3.936593E+11    7.00191E+29   1.699970481E+00  -2.572153E-01   1.924536962E+00
    69   12583.063914   1.502226E-04   2.508499E+11    4.21460E+29   1.699982020E+00  -2.562330E-01   1.924551917E+00
    70   12618.089938   9.924921E-05   1.656612E+11    2.50000E+29   1.699989216E+00  -2.553048E-01   1.924561237E+00
    71   12649.790671   6.431830E-05   1.072134E+11    1.48855E+29   1.699993514E+00  -2.544706E-01   1.924566804E+00
    72   12679.155414   4.242075E-05   7.068947E+10    8.83297E+28   1.699996115E+00  -2.537028E-01   1.924570175E+00
    73   12705.751130   2.788537E-05   4.643753E+10    5.20012E+28   1.699997693E+00  -2.530115E-01   1.924572218E+00
    74   12729.722164   1.847291E-05   3.075632E+10    3.08178E+28   1.699998622E+00  -2.523917E-01   1.924573421E+00
    75   12751.281852   1.209578E-05   2.012571E+10    1.81749E+28   1.699999181E+00  -2.518369E-01   1.924574145E+00
    76   12770.802544   7.828809E-06   1.302228E+10    1.07591E+28   1.699999512E+00  -2.513367E-01   1.924574573E+00
    77   12788.735892   5.242892E-06   8.718549E+09    6.32310E+27   1.699999711E+00  -2.508790E-01   1.924574831E+00
    78   12804.538372   3.500409E-06   5.818653E+09    3.71275E+27   1.699999829E+00  -2.504771E-01   1.924574983E+00
    79   12818.488433   2.320915E-06   3.856140E+09    2.18899E+27   1.699999898E+00  -2.501233E-01   1.924575073E+00
    80   12830.935885   1.557853E-06   2.588044E+09    1.28398E+27   1.699999939E+00  -2.498086E-01   1.924575126E+00
    81   12841.843443   1.046291E-06   1.737659E+09    7.52942E+26   1.699999963E+00  -2.495334E-01   1.924575158E+00
    82   12851.392170   6.780224E-07   1.125966E+09    4.43227E+26   1.699999978E+00  -2.492930E-01   1.924575176E+00
    83   12860.084243   4.495310E-07   7.462807E+08    2.62452E+26   1.699999986E+00  -2.490746E-01   1.924575187E+00
    84   12867.864013   3.023423E-07   5.018706E+08    1.53786E+26   1.699999991E+00  -2.488795E-01   1.924575194E+00
    85   12874.653872   2.035087E-07   3.378818E+08    9.00663E+25   1.699999994E+00  -2.487094E-01   1.924575197E+00
    86   12880.568924   1.342375E-07   2.227891E+08    5.34154E+25   1.699999996E+00  -2.485615E-01   1.924575200E+00
    87   12885.895813   9.059327E-08   1.503443E+08    3.12536E+25   1.699999997E+00  -2.484284E-01   1.924575201E+00
    88   12890.519670   6.127937E-08   1.016792E+08    1.82774E+25   1.699999997E+00  -2.483130E-01   1.924575202E+00
    89   12894.521873   4.148744E-08   6.882365E+07    1.06816E+25   1.699999998E+00  -2.482132E-01   1.924575202E+00
    90   12897.980334   2.819372E-08   4.677556E+07    6.23409E+24   1.699999998E+00  -2.481270E-01   1.924575202E+00
    91   12900.952395   1.917877E-08   3.182295E+07    3.63688E+24   1.699999998E+00  -2.480530E-01   1.924575203E+00
    92   12903.502541   1.311385E-08   2.175727E+07    2.11758E+24   1.699999998E+00  -2.479895E-01   1.924575203E+00
    93   12905.675484   8.985294E-09   1.490592E+07    1.23265E+24   1.699999998E+00  -2.479355E-01   1.924575203E+00
    94   12907.522598   6.183050E-09   1.025593E+07    7.16042E+23   1.699999998E+00  -2.478895E-01   1.924575203E+00
    95   12909.082675   4.173599E-09   6.922365E+06    4.16824E+23   1.699999998E+00  -2.478508E-01   1.924575203E+00
    96   12910.428611   2.889075E-09   4.791684E+06    2.42044E+23   1.699999998E+00  -2.478173E-01   1.924575203E+00
    97   12911.558034   2.009606E-09   3.332905E+06    1.40043E+23   1.699999998E+00  -2.477893E-01   1.924575203E+00
    98   12912.497745   1.403291E-09   2.327330E+06    8.09898E+22   1.699999998E+00  -2.477659E-01   1.924575203E+00
    99   12913.276165   9.858699E-10   1.635151E+06    4.66872E+22   1.699999998E+00  -2.477466E-01   1.924575203E+00
   100   12913.914949   6.926105E-10   1.148829E+06    2.69130E+22   1.699999998E+00  -2.477307E-01   1.924575203E+00
   101   12914.439128   4.898987E-10   8.125658E+05    1.54878E+22   1.699999998E+00  -2.477177E-01   1.924575203E+00
   102   12914.865660   3.472079E-10   5.758537E+05    8.89962E+21   1.699999998E+00  -2.477071E-01   1.924575203E+00
   103   12915.211536   2.461805E-10   4.082685E+05    5.11356E+21   1.699999998E+00  -2.476985E-01   1.924575203E+00
   104   12915.491867   1.757193E-10   2.913865E+05    2.93071E+21   1.699999998E+00  -2.476916E-01   1.924575203E+00
   105   12915.716992   1.254250E-10   2.079658E+05    1.67966E+21   1.699999998E+00  -2.476860E-01   1.924575203E+00
   106   12915.897780   8.972712E-11   1.487696E+05    9.62391E+20   1.699999998E+00  -2.476815E-01   1.924575203E+00
   107   12916.042589   6.443847E-11   1.068492E+05    5.50286E+20   1.699999998E+00  -2.476779E-01   1.924575203E+00
   108   12916.157878   4.627710E-11   7.674111E+04    3.14648E+20   1.699999998E+00  -2.476751E-01   1.924575203E+00
   109   12916.249665   3.334761E-11   5.530284E+04    1.79838E+20   1.699999998E+00  -2.476728E-01   1.924575203E+00
   110   12916.322463   2.408291E-11   3.993922E+04    1.02620E+20   1.699999998E+00  -2.476710E-01   1.924575203E+00
   111   12916.379984   1.739214E-11   2.884374E+04    5.85569E+19   1.699999998E+00  -2.476695E-01   1.924575203E+00
   112   12916.425434   1.262535E-11   2.093848E+04    3.33719E+19   1.699999998E+00  -2.476684E-01   1.924575203E+00
   113   12916.461115   9.180681E-12   1.522573E+04    1.89942E+19   1.699999998E+00  -2.476675E-01   1.924575203E+00
   114   12916.489044   6.675845E-12   1.107161E+04    1.08109E+19   1.699999998E+00  -2.476668E-01   1.924575203E+00
   115   12916.510905   4.863806E-12   8.066988E+03    6.14954E+18   1.699999998E+00  -2.476663E-01   1.924575203E+00
   116   12916.527972   3.544869E-12   5.879936E+03    3.49704E+18   1.699999998E+00  -2.476659E-01   1.924575203E+00
   117   12916.541287   2.583593E-12   4.285818E+03    1.98865E+18   1.699999998E+00  -2.476655E-01   1.924575203E+00
   118   12916.551675   1.882989E-12   3.123883E+03    1.13088E+18   1.699999998E+00  -2.476653E-01   1.924575203E+00
   119   12916.559780   1.372371E-12   2.276962E+03    6.43091E+17   1.699999998E+00  -2.476651E-01   1.924575203E+00
   120   12916.566103   1.000220E-12   1.659651E+03    3.65704E+17   1.699999998E+00  -2.476649E-01   1.924575203E+00
   121   12916.571036   7.289858E-13   1.209700E+03    2.07963E+17   1.699999998E+00  -2.476648E-01   1.924575203E+00
   122   12916.574885   5.475775E-13   9.094244E+02    1.17120E+17   1.699999998E+00  -2.476647E-01   1.924575203E+00
   123   12916.577768   4.132930E-13   6.870760E+02    6.57094E+16   1.699999998E+00  -2.476646E-01   1.924575203E+00
   124   12916.579909   3.119396E-13   5.190904E+02    3.68659E+16   1.699999998E+00  -2.476646E-01   1.924575203E+00
   125   12916.581499   2.354415E-13   3.921761E+02    2.06834E+16   1.699999998E+00  -2.476645E-01   1.924575203E+00
   126   12916.582680   1.777033E-13   2.962916E+02    1.16043E+16   1.699999998E+00  -2.476645E-01   1.924575203E+00
   127   12916.583557   1.341244E-13   2.238502E+02    6.51054E+15   1.699999998E+00  -2.476645E-01   1.924575203E+00
   128   12916.584208   1.033855E-13   1.724255E+02    3.63135E+15   1.699999998E+00  -2.476645E-01   1.924575203E+00
   129   12916.584679   8.003902E-14   1.333392E+02    2.01928E+15   1.699999998E+00  -2.476645E-01   1.924575203E+00
   130   12916.585019   6.196462E-14   1.031131E+02    1.12286E+15   1.699999998E+00  -2.476645E-01   1.924575203E+00
   131   12916.585262   4.797178E-14   7.973891E+01    6.24386E+14   1.699999998E+00  -2.476645E-01   1.924575203E+00
   132   12916.585438   3.713880E-14   6.166327E+01    3.47201E+14   1.699999998E+00  -2.476644E-01   1.924575203E+00
   133   12916.585564   2.875212E-14   4.768512E+01    1.93068E+14   1.699999998E+00  -2.476644E-01   1.924575203E+00
   134   12916.585654   2.254588E-14   3.737668E+01    1.06933E+14   1.699999998E+00  -2.476644E-01   1.924575203E+00
   135   12916.585718   1.773215E-14   2.939003E+01    5.90798E+13   1.699999998E+00  -2.476644E-01   1.924575203E+00
   136   12916.585763   1.394619E-14   2.310997E+01    3.26412E+13   1.699999998E+00  -2.476644E-01   1.924575203E+00
   137   12916.585795   1.096856E-14   1.817183E+01    1.80341E+13   1.699999998E+00  -2.476644E-01   1.924575203E+00
   138   12916.585817   9.414406E-15   1.559959E+01    9.82824E+12   1.699999998E+00  -2.476644E-01   1.924575203E+00
   139   12916.585831   8.579578E-15   1.422303E+01    5.11434E+12   1.699999998E+00  -2.476644E-01   1.924575203E+00
   140   12916.585839   7.818779E-15   1.296795E+01    2.66136E+12   1.699999998E+00  -2.476644E-01   1.924575203E+00
   141   12916.585844   7.125444E-15   1.182361E+01    1.38490E+12   1.699999998E+00  -2.476644E-01   1.924575203E+00
   142   12916.585847   6.493423E-15   1.077642E+01    7.20745E+11   1.699999998E+00  -2.476644E-01   1.924575203E+00
   143   12916.585848   5.917456E-15   9.821115E+00    3.75126E+11   1.699999998E+00  -2.476644E-01   1.924575203E+00
   144   12916.585849   5.392578E-15   8.950499E+00    1.95241E+11   1.699999998E+00  -2.476644E-01   1.924575203E+00
   145   12916.585849   4.914256E-15   8.157060E+00    1.01617E+11   1.699999998E+00  -2.476644E-01   1.924575203E+00
   146   12916.585850   4.865067E-15   8.075108E+00    5.10513E+10   1.699999998E+00  -2.476644E-01   1.924575203E+00
   147   12916.585850   4.820107E-15   8.000175E+00    2.56311E+10   1.699999998E+00  -2.476644E-01   1.924575203E+00
   148   12916.585850   4.775563E-15   7.925937E+00    1.28685E+10   1.699999998E+00  -2.476644E-01   1.924575203E+00
   149   12916.585850   4.754149E-15   7.892203E+00    6.45327E+09   1.699999998E+00  -2.476644E-01   1.924575203E+00
   150   12916.585850   4.745118E-15   7.880164E+00    3.22882E+09   1.699999998E+00  -2.476644E-01   1.924575203E+00
   151   12916.585850   4.736104E-15   7.868143E+00    1.61550E+09   1.699999998E+00  -2.476644E-01   1.924575203E+00
   152   12916.585850   4.727090E-15   7.854176E+00    8.08331E+08   1.699999998E+00  -2.476644E-01   1.924575203E+00
