       6     155      55      70

     EOS file :  /Users/jkopp/cernbox/ns-muons/packages/nscool/EOS/nl3wr_test

  step        radius       baryon#       density        pressure       encl. mass            phi     encl. bar. mass 
                (m)        (#/fm3)       (g/cm3)        (dyn/cm2)      (sol. mass)                     (sol. mass)   

     0       0.000000   2.191192E+00   1.134410E+16    8.44302E+36   0.000000000E+00  -2.236317E+00   0.000000000E+00
     1      10.000000   2.191176E+00   1.134395E+16    8.44290E+36   2.389016162E-08  -2.236311E+00   7.728218243E-09
     2      11.666655   2.191171E+00   1.134390E+16    8.44286E+36   3.793651741E-08  -2.236308E+00   1.227208749E-08
     3      13.611084   2.191163E+00   1.134383E+16    8.44280E+36   6.024141406E-08  -2.236305E+00   1.948754810E-08
     4      15.879578   2.191153E+00   1.134374E+16    8.44272E+36   9.566033994E-08  -2.236301E+00   3.094535569E-08
     5      18.526145   2.191140E+00   1.134361E+16    8.44262E+36   1.519033663E-07  -2.236296E+00   4.913976413E-08
     6      21.613790   2.191121E+00   1.134344E+16    8.44248E+36   2.412132290E-07  -2.236288E+00   7.803145289E-08
     7      25.216017   2.191096E+00   1.134320E+16    8.44228E+36   3.830297037E-07  -2.236278E+00   1.239096108E-07
     8      29.418575   2.191062E+00   1.134288E+16    8.44202E+36   6.082197637E-07  -2.236263E+00   1.967607542E-07
     9      34.321493   2.191016E+00   1.134245E+16    8.44166E+36   9.657932488E-07  -2.236244E+00   3.124420574E-07
    10      40.041460   2.190953E+00   1.134185E+16    8.44117E+36   1.533563498E-06  -2.236218E+00   4.961318710E-07
    11      46.714591   2.190867E+00   1.134105E+16    8.44050E+36   2.435068263E-06  -2.236182E+00   7.878076100E-07
    12      54.499647   2.190750E+00   1.133995E+16    8.43960E+36   3.866422686E-06  -2.236134E+00   1.250941397E-06
    13      63.581796   2.190591E+00   1.133845E+16    8.43836E+36   6.138924536E-06  -2.236067E+00   1.986301858E-06
    14      74.176976   2.190374E+00   1.133642E+16    8.43668E+36   9.746631356E-06  -2.235977E+00   3.153856668E-06
    15      86.536969   2.190079E+00   1.133365E+16    8.43440E+36   1.547350121E-05  -2.235855E+00   5.007522357E-06
    16     100.955294   2.189678E+00   1.132989E+16    8.43129E+36   2.456316295E-05  -2.235688E+00   7.950279550E-06
    17     117.774029   2.189133E+00   1.132477E+16    8.42707E+36   3.898771713E-05  -2.235461E+00   1.262155114E-05
    18     137.391689   2.188391E+00   1.131780E+16    8.42132E+36   6.187288360E-05  -2.235153E+00   2.003564753E-05
    19     160.272300   2.187382E+00   1.130834E+16    8.41352E+36   9.816946288E-05  -2.234733E+00   3.180094849E-05
    20     186.955787   2.186011E+00   1.129549E+16    8.40291E+36   1.557117273E-04  -2.234162E+00   5.046652538E-05
    21     218.069780   2.184148E+00   1.127803E+16    8.38851E+36   2.468812253E-04  -2.233386E+00   8.006948735E-05
    22     254.342918   2.181620E+00   1.125435E+16    8.36898E+36   3.912126956E-04  -2.232331E+00   1.269975389E-04
    23     296.619597   2.178190E+00   1.122227E+16    8.34253E+36   6.194550293E-04  -2.230899E+00   2.013445314E-04
    24     345.876013   2.173543E+00   1.117888E+16    8.30676E+36   9.798560976E-04  -2.228956E+00   3.190327918E-04
    25     403.237046   2.167260E+00   1.112032E+16    8.25852E+36   1.547797025E-03  -2.226322E+00   5.051189964E-04
    26     469.993172   2.158781E+00   1.104152E+16    8.19365E+36   2.440367425E-03  -2.222758E+00   7.989078213E-04
    27     547.615993   2.147378E+00   1.093593E+16    8.10680E+36   3.838013616E-03  -2.217944E+00   1.261787041E-03
    28     637.770105   2.132102E+00   1.079520E+16    7.99120E+36   6.015868571E-03  -2.211459E+00   1.989077529E-03
    29     742.317978   2.111752E+00   1.060900E+16    7.83849E+36   9.387434934E-03  -2.202756E+00   3.127640038E-03
    30     863.313183   2.084840E+00   1.036499E+16    7.63881E+36   1.456222317E-02  -2.191130E+00   4.901405970E-03
    31    1002.976243   2.049592E+00   1.004926E+16    7.38120E+36   2.241552173E-02  -2.175700E+00   7.647175988E-03
    32    1163.647080   2.003999E+00   9.647375E+15    7.05458E+36   3.416107794E-02  -2.155386E+00   1.186252472E-02
    33    1347.710070   1.945986E+00   9.146498E+15    6.64954E+36   5.140498585E-02  -2.128923E+00   1.826582023E-02
    34    1557.492810   1.873446E+00   8.540091E+15    6.16103E+36   7.614501711E-02  -2.094899E+00   2.786432395E-02
    35    1795.116827   1.785457E+00   7.831085E+15    5.59149E+36   1.106675147E-01  -2.051864E+00   4.201767095E-02
    36    2062.357824   1.681272E+00   7.033806E+15    4.95372E+36   1.573003895E-01  -1.998490E+00   6.248190526E-02
    37    2360.582305   1.562738E+00   6.177002E+15    4.27163E+36   2.180418893E-01  -1.933782E+00   9.140854769E-02
    38    2690.715471   1.432631E+00   5.300253E+15    3.57804E+36   2.941469041E-01  -1.857309E+00   1.312840264E-01
    39    3053.333911   1.295264E+00   4.447822E+15    2.90903E+36   3.858382834E-01  -1.769374E+00   1.848051243E-01
    40    3448.805153   1.155986E+00   3.660120E+15    2.29686E+36   4.922739903E-01  -1.671092E+00   2.546907953E-01
    41    3877.382809   1.020039E+00   2.966197E+15    1.76404E+36   6.118084683E-01  -1.564326E+00   3.435141831E-01
    42    4339.142515   8.921021E-01   2.380479E+15    1.32089E+36   7.423926165E-01  -1.451537E+00   4.534733083E-01
    43    4833.602046   7.751115E-01   1.903402E+15    9.66573E+35   8.819501633E-01  -1.335574E+00   5.862037088E-01
    44    5359.009996   6.711648E-01   1.525855E+15    6.92567E+35   1.028505902E+00  -1.219473E+00   7.423593410E-01
    45    5911.187496   5.808261E-01   1.233208E+15    4.86426E+35   1.180069361E+00  -1.106311E+00   9.212128839E-01
    46    6482.247564   5.036551E-01   1.009283E+15    3.34865E+35   1.334255476E+00  -9.990596E-01   1.119924480E+00
    47    7059.474506   4.382824E-01   8.384523E+14    2.25673E+35   1.487750291E+00  -9.004548E-01   1.332718808E+00
    48    7625.222555   3.833762E-01   7.076310E+14    1.48530E+35   1.635974278E+00  -8.128063E-01   1.550468052E+00
    49    8157.972660   3.367627E-01   6.053990E+14    9.51957E+34   1.773119760E+00  -7.378289E-01   1.761056420E+00
    50    8636.057144   2.967015E-01   5.233229E+14    5.92514E+34   1.893088200E+00  -6.763575E-01   1.951296219E+00
    51    9042.036230   2.612794E-01   4.546735E+14    3.57806E+34   1.991013636E+00  -6.282379E-01   2.110049544E+00
    52    9367.517765   2.291033E-01   3.949134E+14    2.09896E+34   2.065072782E+00  -5.922762E-01   2.231809330E+00
    53    9614.561286   1.996260E-01   3.418082E+14    1.20043E+34   2.116952563E+00  -5.665206E-01   2.317789246E+00
    54    9793.245539   1.723642E-01   2.937460E+14    6.73257E+33   2.150822381E+00  -5.487297E-01   2.374139290E+00
    55    9917.892473   1.469756E-01   2.496424E+14    3.72802E+33   2.171677498E+00  -5.367472E-01   2.408884754E+00
    56   10003.038250   1.228575E-01   2.081600E+14    2.05354E+33   2.183951716E+00  -5.287724E-01   2.429336918E+00
    57   10061.156874   9.971626E-02   1.686233E+14    1.13423E+33   2.190951348E+00  -5.234316E-01   2.440996131E+00
    58   10101.686717   7.868623E-02   1.330368E+14    6.32060E+32   2.194878419E+00  -5.197589E-01   2.447532398E+00
    59   10130.770503   5.634750E-02   9.511154E+13    3.64015E+32   2.197014823E+00  -5.171510E-01   2.451083418E+00
    60   10154.459929   3.989795E-02   6.725455E+13    2.09595E+32   2.198263775E+00  -5.150448E-01   2.453159258E+00
    61   10173.926737   2.801340E-02   4.717226E+13    1.21286E+32   2.198986795E+00  -5.133264E-01   2.454360467E+00
    62   10190.109206   1.965368E-02   3.306147E+13    7.01516E+31   2.199409767E+00  -5.119067E-01   2.455062966E+00
    63   10203.548928   1.373959E-02   2.309294E+13    4.06093E+31   2.199656251E+00  -5.107338E-01   2.455472248E+00
    64   10214.746283   9.603183E-03   1.612676E+13    2.35006E+31   2.199800030E+00  -5.097608E-01   2.455710958E+00
    65   10224.066308   6.647865E-03   1.115959E+13    1.36306E+31   2.199883477E+00  -5.089540E-01   2.455849479E+00
    66   10231.906799   4.497759E-03   7.546887E+12    7.94553E+30   2.199931784E+00  -5.082773E-01   2.455929637E+00
    67   10238.685699   2.830632E-03   4.747065E+12    4.69808E+30   2.199959496E+00  -5.076939E-01   2.455975616E+00
    68   10245.074323   1.719595E-03   2.882432E+12    2.85222E+30   2.199975306E+00  -5.071453E-01   2.456001846E+00
    69   10251.476852   9.402538E-04   1.574735E+12    1.78232E+30   2.199984501E+00  -5.065968E-01   2.456017104E+00
    70   10258.816141   5.250861E-04   8.785865E+11    1.11776E+30   2.199990234E+00  -5.059697E-01   2.456026620E+00
    71   10267.086771   2.357035E-04   3.938400E+11    7.00520E+29   2.199993848E+00  -5.052649E-01   2.456032619E+00
    72   10278.678342   1.501663E-04   2.507559E+11    4.21269E+29   2.199996279E+00  -5.042808E-01   2.456036657E+00
    73   10289.674278   9.913098E-05   1.654634E+11    2.49648E+29   2.199997783E+00  -5.033511E-01   2.456039154E+00
    74   10299.591003   6.419781E-05   1.070124E+11    1.48520E+29   2.199998675E+00  -5.025158E-01   2.456040634E+00
    75   10308.747136   4.232344E-05   7.052723E+10    8.80598E+28   2.199999211E+00  -5.017472E-01   2.456041524E+00
    76   10317.013026   2.779014E-05   4.627851E+10    5.18075E+28   2.199999534E+00  -5.010555E-01   2.456042060E+00
    77   10324.447340   1.840841E-05   3.064860E+10    3.06741E+28   2.199999723E+00  -5.004352E-01   2.456042374E+00
    78   10331.112506   1.204747E-05   2.004515E+10    1.80831E+28   2.199999836E+00  -4.998805E-01   2.456042561E+00
    79   10337.135356   7.792249E-06   1.296150E+10    1.07009E+28   2.199999903E+00  -4.993803E-01   2.456042672E+00
    80   10342.659737   5.218603E-06   8.678040E+09    6.28399E+27   2.199999943E+00  -4.989225E-01   2.456042738E+00
    81   10347.515320   3.482305E-06   5.788520E+09    3.68823E+27   2.199999966E+00  -4.985209E-01   2.456042777E+00
    82   10351.795644   2.308761E-06   3.835942E+09    2.17366E+27   2.199999980E+00  -4.981675E-01   2.456042800E+00
    83   10355.608461   1.549313E-06   2.573845E+09    1.27455E+27   2.199999988E+00  -4.978531E-01   2.456042814E+00
    84   10358.945246   1.040321E-06   1.727737E+09    7.47187E+26   2.199999993E+00  -4.975783E-01   2.456042822E+00
    85   10361.863038   6.725488E-07   1.116850E+09    4.39819E+26   2.199999996E+00  -4.973383E-01   2.456042826E+00
    86   10364.522861   4.465144E-07   7.412709E+08    2.60082E+26   2.199999998E+00  -4.971197E-01   2.456042829E+00
    87   10366.895007   3.002717E-07   4.984352E+08    1.52364E+26   2.199999999E+00  -4.969249E-01   2.456042831E+00
    88   10368.963583   2.020868E-07   3.355223E+08    8.92169E+25   2.199999999E+00  -4.967552E-01   2.456042832E+00
    89   10370.764372   1.333313E-07   2.212847E+08    5.29244E+25   2.200000000E+00  -4.966076E-01   2.456042832E+00
    90   10372.385190   8.997186E-08   1.493129E+08    3.09618E+25   2.200000000E+00  -4.964748E-01   2.456042832E+00
    91   10373.791315   6.085619E-08   1.009766E+08    1.81038E+25   2.200000000E+00  -4.963596E-01   2.456042833E+00
    92   10375.007714   4.119759E-08   6.834255E+07    1.05789E+25   2.200000000E+00  -4.962601E-01   2.456042833E+00
    93   10376.058413   2.799648E-08   4.644845E+07    6.17329E+24   2.200000000E+00  -4.961741E-01   2.456042833E+00
    94   10376.960910   1.904582E-08   3.160229E+07    3.60106E+24   2.200000000E+00  -4.961003E-01   2.456042833E+00
    95   10377.734945   1.302228E-08   2.160530E+07    2.09658E+24   2.200000000E+00  -4.960370E-01   2.456042833E+00
    96   10378.394313   8.923397E-09   1.480320E+07    1.22033E+24   2.200000000E+00  -4.959831E-01   2.456042833E+00
    97   10378.954596   6.140234E-09   1.018489E+07    7.08847E+23   2.200000000E+00  -4.959373E-01   2.456042833E+00
    98   10379.427721   4.141106E-09   6.868473E+06    4.12653E+23   2.200000000E+00  -4.958987E-01   2.456042833E+00
    99   10379.836211   2.868710E-09   4.757904E+06    2.39477E+23   2.200000000E+00  -4.958653E-01   2.456042833E+00
   100   10380.178484   1.995396E-09   3.309337E+06    1.38553E+23   2.200000000E+00  -4.958373E-01   2.456042833E+00
   101   10380.463230   1.393658E-09   2.311356E+06    8.01240E+22   2.200000000E+00  -4.958141E-01   2.456042833E+00
   102   10380.699020   9.790879E-10   1.623904E+06    4.61871E+22   2.200000000E+00  -4.957948E-01   2.456042833E+00
   103   10380.892497   6.878376E-10   1.140913E+06    2.66242E+22   2.200000000E+00  -4.957790E-01   2.456042833E+00
   104   10381.051251   4.865884E-10   8.070739E+05    1.53197E+22   2.200000000E+00  -4.957660E-01   2.456042833E+00
   105   10381.180392   3.448590E-10   5.719572E+05    8.80293E+21   2.200000000E+00  -4.957555E-01   2.456042833E+00
   106   10381.285107   2.445528E-10   4.055683E+05    5.05786E+21   2.200000000E+00  -4.957469E-01   2.456042833E+00
   107   10381.369961   1.745566E-10   2.894578E+05    2.89877E+21   2.200000000E+00  -4.957400E-01   2.456042833E+00
   108   10381.438102   1.245946E-10   2.065885E+05    1.66134E+21   2.200000000E+00  -4.957345E-01   2.456042833E+00
   109   10381.492822   8.914509E-11   1.478048E+05    9.51874E+20   2.200000000E+00  -4.957300E-01   2.456042833E+00
   110   10381.536644   6.402031E-11   1.061560E+05    5.44270E+20   2.200000000E+00  -4.957264E-01   2.456042833E+00
   111   10381.571532   4.597670E-11   7.624308E+04    3.11207E+20   2.200000000E+00  -4.957236E-01   2.456042833E+00
   112   10381.599308   3.313417E-11   5.494888E+04    1.77858E+20   2.200000000E+00  -4.957213E-01   2.456042833E+00
   113   10381.621334   2.392874E-11   3.968355E+04    1.01490E+20   2.200000000E+00  -4.957195E-01   2.456042833E+00
   114   10381.638737   1.728078E-11   2.865907E+04    5.79122E+19   2.200000000E+00  -4.957181E-01   2.456042833E+00
   115   10381.652488   1.254594E-11   2.080679E+04    3.30015E+19   2.200000000E+00  -4.957170E-01   2.456042833E+00
   116   10381.663282   9.122934E-12   1.512996E+04    1.87834E+19   2.200000000E+00  -4.957161E-01   2.456042833E+00
   117   10381.671730   6.633851E-12   1.100196E+04    1.06909E+19   2.200000000E+00  -4.957154E-01   2.456042833E+00
   118   10381.678343   4.833392E-12   8.016558E+03    6.08109E+18   2.200000000E+00  -4.957148E-01   2.456042833E+00
   119   10381.683505   3.522702E-12   5.843176E+03    3.45811E+18   2.200000000E+00  -4.957144E-01   2.456042833E+00
   120   10381.687532   2.567436E-12   4.259023E+03    1.96651E+18   2.200000000E+00  -4.957141E-01   2.456042833E+00
   121   10381.690674   1.871214E-12   3.104352E+03    1.11829E+18   2.200000000E+00  -4.957138E-01   2.456042833E+00
   122   10381.693126   1.363789E-12   2.262726E+03    6.35931E+17   2.200000000E+00  -4.957136E-01   2.456042833E+00
   123   10381.695038   9.939642E-13   1.649274E+03    3.61632E+17   2.200000000E+00  -4.957135E-01   2.456042833E+00
   124   10381.696531   7.244267E-13   1.202137E+03    2.05648E+17   2.200000000E+00  -4.957134E-01   2.456042833E+00
   125   10381.697695   5.444774E-13   9.042935E+02    1.15762E+17   2.200000000E+00  -4.957133E-01   2.456042833E+00
   126   10381.698566   4.109531E-13   6.831996E+02    6.49475E+16   2.200000000E+00  -4.957132E-01   2.456042833E+00
   127   10381.699213   3.101735E-13   5.161617E+02    3.64384E+16   2.200000000E+00  -4.957131E-01   2.456042833E+00
   128   10381.699693   2.341085E-13   3.899635E+02    2.04436E+16   2.200000000E+00  -4.957131E-01   2.456042833E+00
   129   10381.700050   1.766972E-13   2.946199E+02    1.14698E+16   2.200000000E+00  -4.957131E-01   2.456042833E+00
   130   10381.700315   1.333651E-13   2.225872E+02    6.43505E+15   2.200000000E+00  -4.957130E-01   2.456042833E+00
   131   10381.700512   1.028468E-13   1.715231E+02    3.58811E+15   2.200000000E+00  -4.957130E-01   2.456042833E+00
   132   10381.700654   7.962194E-14   1.326413E+02    1.99523E+15   2.200000000E+00  -4.957130E-01   2.456042833E+00
   133   10381.700756   6.164173E-14   1.025735E+02    1.10949E+15   2.200000000E+00  -4.957130E-01   2.456042833E+00
   134   10381.700830   4.772180E-14   7.932158E+01    6.16951E+14   2.200000000E+00  -4.957130E-01   2.456042833E+00
   135   10381.700883   3.694527E-14   6.134055E+01    3.43067E+14   2.200000000E+00  -4.957130E-01   2.456042833E+00
   136   10381.700921   2.860229E-14   4.743555E+01    1.90769E+14   2.200000000E+00  -4.957130E-01   2.456042833E+00
   137   10381.700948   2.243470E-14   3.719221E+01    1.05635E+14   2.200000000E+00  -4.957130E-01   2.456042833E+00
   138   10381.700968   1.764471E-14   2.924498E+01    5.83627E+13   2.200000000E+00  -4.957130E-01   2.456042833E+00
   139   10381.700981   1.387742E-14   2.299591E+01    3.22451E+13   2.200000000E+00  -4.957130E-01   2.456042833E+00
   140   10381.700991   1.091447E-14   1.808215E+01    1.78152E+13   2.200000000E+00  -4.957130E-01   2.456042833E+00
   141   10381.700997   9.395248E-15   1.556801E+01    9.68840E+12   2.200000000E+00  -4.957130E-01   2.456042833E+00
   142   10381.701002   8.562119E-15   1.419424E+01    5.04157E+12   2.200000000E+00  -4.957130E-01   2.456042833E+00
   143   10381.701004   7.802868E-15   1.294169E+01    2.62349E+12   2.200000000E+00  -4.957130E-01   2.456042833E+00
   144   10381.701005   7.110944E-15   1.179967E+01    1.36519E+12   2.200000000E+00  -4.957130E-01   2.456042833E+00
   145   10381.701006   6.480208E-15   1.075450E+01    7.10496E+11   2.200000000E+00  -4.957130E-01   2.456042833E+00
   146   10381.701007   5.905414E-15   9.801141E+00    3.69791E+11   2.200000000E+00  -4.957130E-01   2.456042833E+00
   147   10381.701007   5.381603E-15   8.932295E+00    1.92465E+11   2.200000000E+00  -4.957130E-01   2.456042833E+00
   148   10381.701007   4.909442E-15   8.149070E+00    1.00152E+11   2.200000000E+00  -4.957130E-01   2.456042833E+00
   149   10381.701007   4.864072E-15   8.073451E+00    5.02827E+10   2.200000000E+00  -4.957130E-01   2.456042833E+00
   150   10381.701007   4.819122E-15   7.998533E+00    2.52452E+10   2.200000000E+00  -4.957130E-01   2.456042833E+00
   151   10381.701007   4.774587E-15   7.924310E+00    1.26748E+10   2.200000000E+00  -4.957130E-01   2.456042833E+00
   152   10381.701007   4.753949E-15   7.891936E+00    6.35522E+09   2.200000000E+00  -4.957130E-01   2.456042833E+00
   153   10381.701007   4.744918E-15   7.879898E+00    3.17976E+09   2.200000000E+00  -4.957130E-01   2.456042833E+00
   154   10381.701007   4.735905E-15   7.867878E+00    1.59096E+09   2.200000000E+00  -4.957130E-01   2.456042833E+00
   155   10381.701007   4.726890E-15   7.853776E+00    7.96051E+08   2.200000000E+00  -4.957130E-01   2.456042833E+00
