       6     153      52      68

     EOS file :  /Users/jkopp/cernbox/ns-muons/packages/nscool/EOS/nl3wr_test

  step        radius       baryon#       density        pressure       encl. mass            phi     encl. bar. mass 
                (m)        (#/fm3)       (g/cm3)        (dyn/cm2)      (sol. mass)                     (sol. mass)   

     0       0.000000   3.470648E-01   6.273337E+14    1.05946E+35   0.000000000E+00  -5.168368E-01   0.000000000E+00
     1      10.000000   3.470646E-01   6.273334E+14    1.05946E+35   1.321150313E-09  -5.168366E-01   1.224083695E-09
     2      11.666665   3.470646E-01   6.273334E+14    1.05946E+35   2.097937137E-09  -5.168366E-01   1.943799083E-09
     3      13.611108   3.470646E-01   6.273333E+14    1.05946E+35   3.331445132E-09  -5.168365E-01   3.086679925E-09
     4      15.879624   3.470645E-01   6.273331E+14    1.05946E+35   5.290208606E-09  -5.168364E-01   4.901531213E-09
     5      18.526224   3.470644E-01   6.273329E+14    1.05945E+35   8.400649135E-09  -5.168363E-01   7.783445333E-09
     6      21.613923   3.470643E-01   6.273327E+14    1.05945E+35   1.333990632E-08  -5.168361E-01   1.235981280E-08
     7      25.216234   3.470641E-01   6.273323E+14    1.05945E+35   2.118324827E-08  -5.168358E-01   1.962690311E-08
     8      29.418926   3.470639E-01   6.273319E+14    1.05945E+35   3.363815126E-08  -5.168355E-01   3.116674805E-08
     9      34.322059   3.470636E-01   6.273312E+14    1.05945E+35   5.341600345E-08  -5.168350E-01   4.949153967E-08
    10      40.042367   3.470632E-01   6.273304E+14    1.05944E+35   8.482234356E-08  -5.168343E-01   7.859051173E-08
    11      46.716039   3.470627E-01   6.273292E+14    1.05944E+35   1.346941099E-07  -5.168334E-01   1.247983459E-07
    12      54.501958   3.470619E-01   6.273276E+14    1.05943E+35   2.138878959E-07  -5.168322E-01   1.981741223E-07
    13      63.585478   3.470609E-01   6.273254E+14    1.05942E+35   3.396431132E-07  -5.168306E-01   3.146909429E-07
    14      74.182837   3.470595E-01   6.273224E+14    1.05940E+35   5.393343222E-07  -5.168284E-01   4.997127561E-07
    15      86.546291   3.470577E-01   6.273184E+14    1.05938E+35   8.564291774E-07  -5.168253E-01   7.935149616E-07
    16     100.970115   3.470551E-01   6.273129E+14    1.05935E+35   1.359948094E-06  -5.168212E-01   1.260049919E-06
    17     117.797581   3.470516E-01   6.273054E+14    1.05932E+35   2.159482969E-06  -5.168155E-01   2.000864080E-06
    18     137.429104   3.470469E-01   6.272952E+14    1.05926E+35   3.429040144E-06  -5.168078E-01   3.177193180E-06
    19     160.331719   3.470405E-01   6.272813E+14    1.05919E+35   5.444888702E-06  -5.167974E-01   5.045038438E-06
    20     187.050124   3.470317E-01   6.272624E+14    1.05910E+35   8.645633142E-06  -5.167832E-01   8.010844325E-06
    21     218.219509   3.470198E-01   6.272367E+14    1.05897E+35   1.372754384E-05  -5.167638E-01   1.271986542E-05
    22     254.580479   3.470036E-01   6.272016E+14    1.05879E+35   2.179580277E-05  -5.167375E-01   2.019638728E-05
    23     296.996352   3.469815E-01   6.271540E+14    1.05855E+35   3.460438353E-05  -5.167016E-01   3.206617089E-05
    24     346.473187   3.469514E-01   6.270891E+14    1.05823E+35   5.493633982E-05  -5.166529E-01   5.090920837E-05
    25     404.182905   3.469105E-01   6.270009E+14    1.05778E+35   8.720632532E-05  -5.165865E-01   8.081885454E-05
    26     471.489868   3.468549E-01   6.268808E+14    1.05718E+35   1.384144292E-04  -5.164962E-01   1.282874806E-04
    27     549.981263   3.467792E-01   6.267175E+14    1.05635E+35   2.196544836E-04  -5.163734E-01   2.036080556E-04
    28     641.501567   3.466762E-01   6.264953E+14    1.05523E+35   3.484955232E-04  -5.162064E-01   3.230894495E-04
    29     748.191189   3.465361E-01   6.261932E+14    1.05372E+35   5.527340183E-04  -5.159793E-01   5.125519435E-04
    30     872.529104   3.463467E-01   6.257844E+14    1.05165E+35   8.762892338E-04  -5.156707E-01   8.128301442E-04
    31    1017.378276   3.460920E-01   6.252344E+14    1.04885E+35   1.388431393E-03  -5.152516E-01   1.288410001E-03
    32    1186.032587   3.457459E-01   6.244874E+14    1.04506E+35   2.198137439E-03  -5.146828E-01   2.040916001E-03
    33    1382.263965   3.452763E-01   6.234736E+14    1.03992E+35   3.476282122E-03  -5.139116E-01   3.230067469E-03
    34    1610.359960   3.446394E-01   6.220994E+14    1.03299E+35   5.489561435E-03  -5.128677E-01   5.105945672E-03
    35    1875.145630   3.437640E-01   6.202238E+14    1.02365E+35   8.651592260E-03  -5.114572E-01   8.058082044E-03
    36    2181.980920   3.425686E-01   6.176753E+14    1.01113E+35   1.359831008E-02  -5.095563E-01   1.268886352E-02
    37    2536.692391   3.409387E-01   6.142234E+14    9.94420E+34   2.129604737E-02  -5.070036E-01   1.992102491E-02
    38    2945.429088   3.387609E-01   6.096215E+14    9.72277E+34   3.318953698E-02  -5.035919E-01   3.114920751E-02
    39    3414.342092   3.358983E-01   6.035730E+14    9.43207E+34   5.139150180E-02  -4.990617E-01   4.844391647E-02
    40    3949.074652   3.321937E-01   5.957443E+14    9.05512E+34   7.889561763E-02  -4.930985E-01   7.480091955E-02
    41    4553.929840   3.272258E-01   5.853833E+14    8.57437E+34   1.197507810E-01  -4.853404E-01   1.143913752E-01
    42    5231.058100   3.208580E-01   5.721938E+14    7.97433E+34   1.790940808E-01  -4.753995E-01   1.727273802E-01
    43    5978.379883   3.127048E-01   5.555146E+14    7.24598E+34   2.628280630E-01  -4.629194E-01   2.565507081E-01
    44    6788.202071   3.025793E-01   5.350608E+14    6.39296E+34   3.766245205E-01  -4.476591E-01   3.730533983E-01
    45    7644.845535   2.901826E-01   5.104493E+14    5.43791E+34   5.240871703E-01  -4.296277E-01   5.281326515E-01
    46    8523.803310   2.754610E-01   4.817694E+14    4.42580E+34   7.042742975E-01  -4.092188E-01   7.235671496E-01
    47    9391.857459   2.583497E-01   4.491533E+14    3.42211E+34   9.092003808E-01  -3.873151E-01   9.534395914E-01
    48   10210.859876   2.391311E-01   4.133148E+14    2.49947E+34   1.123682524E+00  -3.652388E-01   1.202454217E+00
    49   10943.744364   2.182166E-01   3.751355E+14    1.71998E+34   1.328053317E+00  -3.445203E-01   1.447578825E+00
    50   11562.915779   1.960161E-01   3.353971E+14    1.11698E+34   1.504290149E+00  -3.264924E-01   1.664991433E+00
    51   12056.988774   1.733655E-01   2.954982E+14    6.88789E+33   1.641906869E+00  -3.119108E-01   1.838545819E+00
    52   12430.927654   1.506415E-01   2.559810E+14    4.07616E+33   1.739816468E+00  -3.008591E-01   1.963970615E+00
    53   12702.737883   1.281115E-01   2.171694E+14    2.34350E+33   1.804217839E+00  -2.928763E-01   2.047309155E+00
    54   12895.855763   1.058091E-01   1.790134E+14    1.32708E+33   1.843996505E+00  -2.872622E-01   2.099097170E+00
    55   13033.253352   8.431101E-02   1.425174E+14    7.49598E+32   1.867524498E+00  -2.833134E-01   2.129829271E+00
    56   13133.286020   6.214754E-02   1.049523E+14    4.27985E+32   1.881045904E+00  -2.804709E-01   2.147503133E+00
    57   13212.343552   4.446083E-02   7.496983E+13    2.47813E+32   1.888817715E+00  -2.782490E-01   2.157672523E+00
    58   13277.431399   3.129728E-02   5.271917E+13    1.43971E+32   1.893397521E+00  -2.764388E-01   2.163667869E+00
    59   13331.913049   2.200728E-02   3.703224E+13    8.35029E+31   1.896116556E+00  -2.749381E-01   2.167227587E+00
    60   13377.401429   1.541589E-02   2.591754E+13    4.84139E+31   1.897721032E+00  -2.736961E-01   2.169328188E+00
    61   13415.440682   1.078556E-02   1.811739E+13    2.80597E+31   1.898665163E+00  -2.726653E-01   2.170564215E+00
    62   13447.229473   7.497004E-03   1.258606E+13    1.62635E+31   1.899219017E+00  -2.718095E-01   2.171289313E+00
    63   13473.927828   5.129149E-03   8.607901E+12    9.46401E+30   1.899541556E+00  -2.710948E-01   2.171711430E+00
    64   13496.770440   3.357980E-03   5.632373E+12    5.57457E+30   1.899727663E+00  -2.704862E-01   2.171954958E+00
    65   13517.430159   2.040963E-03   3.421684E+12    3.38601E+30   1.899833175E+00  -2.699382E-01   2.172093021E+00
    66   13538.172069   1.149830E-03   1.926305E+12    2.07084E+30   1.899897033E+00  -2.693902E-01   2.172176576E+00
    67   13560.796810   6.273330E-04   1.049832E+12    1.30527E+30   1.899934476E+00  -2.687950E-01   2.172225588E+00
    68   13587.076795   3.694235E-04   6.179823E+11    8.04349E+29   1.899959181E+00  -2.681071E-01   2.172257932E+00
    69   13614.731044   1.862750E-04   3.111990E+11    5.45310E+29   1.899972069E+00  -2.673870E-01   2.172274811E+00
    70   13652.148303   1.210944E-04   2.022060E+11    3.24315E+29   1.899983189E+00  -2.664190E-01   2.172289374E+00
    71   13686.657502   7.922587E-05   1.321617E+11    1.91353E+29   1.899989964E+00  -2.655326E-01   2.172298244E+00
    72   13718.028557   5.142863E-05   8.570973E+10    1.13752E+29   1.899993964E+00  -2.647320E-01   2.172303482E+00
    73   13746.966669   3.444599E-05   5.738870E+10    6.69035E+28   1.899996405E+00  -2.639979E-01   2.172306677E+00
    74   13772.535365   2.236837E-05   3.724472E+10    3.97784E+28   1.899997831E+00  -2.633526E-01   2.172308544E+00
    75   13796.079899   1.491771E-05   2.482474E+10    2.33736E+28   1.899998701E+00  -2.627614E-01   2.172309683E+00
    76   13816.934753   9.754956E-06   1.622425E+10    1.38773E+28   1.899999209E+00  -2.622399E-01   2.172310347E+00
    77   13835.959175   6.408188E-06   1.066061E+10    8.26771E+27   1.899999511E+00  -2.617660E-01   2.172310742E+00
    78   13853.274106   4.300565E-06   7.149867E+09    4.85238E+27   1.899999695E+00  -2.613363E-01   2.172310984E+00
    79   13868.478886   2.851223E-06   4.738248E+09    2.85676E+27   1.899999804E+00  -2.609601E-01   2.172311126E+00
    80   13882.027536   1.905536E-06   3.165819E+09    1.68126E+27   1.899999869E+00  -2.606258E-01   2.172311211E+00
    81   13893.993853   1.279442E-06   2.125201E+09    9.86071E+26   1.899999907E+00  -2.603313E-01   2.172311261E+00
    82   13904.473773   8.593332E-07   1.427373E+09    5.78182E+26   1.899999929E+00  -2.600739E-01   2.172311290E+00
    83   13913.641963   5.510568E-07   9.148905E+08    3.45253E+26   1.899999942E+00  -2.598491E-01   2.172311307E+00
    84   13922.198657   3.705641E-07   6.151394E+08    2.02318E+26   1.899999950E+00  -2.596398E-01   2.172311317E+00
    85   13929.668944   2.493588E-07   4.139623E+08    1.18529E+26   1.899999955E+00  -2.594572E-01   2.172311323E+00
    86   13936.182035   1.638314E-07   2.719275E+08    6.95999E+25   1.899999957E+00  -2.592983E-01   2.172311327E+00
    87   13942.011601   1.102067E-07   1.828998E+08    4.08230E+25   1.899999959E+00  -2.591562E-01   2.172311329E+00
    88   13947.101100   7.441827E-08   1.234938E+08    2.38833E+25   1.899999960E+00  -2.590323E-01   2.172311330E+00
    89   13951.515492   5.038306E-08   8.358989E+07    1.39579E+25   1.899999961E+00  -2.589250E-01   2.172311331E+00
    90   13955.330262   3.417509E-08   5.669498E+07    8.15513E+24   1.899999961E+00  -2.588322E-01   2.172311331E+00
    91   13958.618916   2.323272E-08   3.854771E+07    4.75801E+24   1.899999961E+00  -2.587524E-01   2.172311332E+00
    92   13961.442769   1.585510E-08   2.630667E+07    2.77417E+24   1.899999961E+00  -2.586838E-01   2.172311332E+00
    93   13963.856713   1.084109E-08   1.798558E+07    1.61524E+24   1.899999961E+00  -2.586253E-01   2.172311332E+00
    94   13965.913464   7.451507E-09   1.236071E+07    9.39096E+23   1.899999961E+00  -2.585754E-01   2.172311332E+00
    95   13967.654119   5.127558E-09   8.504639E+06    5.45509E+23   1.899999961E+00  -2.585332E-01   2.172311332E+00
    96   13969.124207   3.476592E-09   5.766227E+06    3.19947E+23   1.899999961E+00  -2.584975E-01   2.172311332E+00
    97   13970.396276   2.418281E-09   4.010770E+06    1.85118E+23   1.899999961E+00  -2.584667E-01   2.172311332E+00
    98   13971.454686   1.682117E-09   2.789716E+06    1.07106E+23   1.899999961E+00  -2.584411E-01   2.172311332E+00
    99   13972.335284   1.180090E-09   1.957218E+06    6.18084E+22   1.899999961E+00  -2.584198E-01   2.172311332E+00
   100   13973.059738   8.290591E-10   1.375110E+06    3.56297E+22   1.899999961E+00  -2.584022E-01   2.172311332E+00
   101   13973.654223   5.837266E-10   9.682261E+05    2.05334E+22   1.899999961E+00  -2.583878E-01   2.172311332E+00
   102   13974.140856   4.137075E-10   6.861688E+05    1.17990E+22   1.899999961E+00  -2.583760E-01   2.172311332E+00
   103   13974.535471   2.932079E-10   4.862769E+05    6.77995E+21   1.899999961E+00  -2.583665E-01   2.172311332E+00
   104   13974.855461   2.087180E-10   3.461238E+05    3.89371E+21   1.899999961E+00  -2.583587E-01   2.172311332E+00
   105   13975.113660   1.489790E-10   2.470327E+05    2.23158E+21   1.899999961E+00  -2.583525E-01   2.172311332E+00
   106   13975.321009   1.063382E-10   1.763098E+05    1.27897E+21   1.899999961E+00  -2.583475E-01   2.172311332E+00
   107   13975.487521   7.629392E-11   1.265022E+05    7.31859E+20   1.899999961E+00  -2.583434E-01   2.172311332E+00
   108   13975.620323   5.479123E-11   9.085624E+04    4.18470E+20   1.899999961E+00  -2.583402E-01   2.172311332E+00
   109   13975.726053   3.935560E-11   6.526573E+04    2.39269E+20   1.899999961E+00  -2.583377E-01   2.172311332E+00
   110   13975.810212   2.842176E-11   4.713435E+04    1.36532E+20   1.899999961E+00  -2.583356E-01   2.172311332E+00
   111   13975.876709   2.052556E-11   3.404000E+04    7.79082E+19   1.899999961E+00  -2.583340E-01   2.172311332E+00
   112   13975.929251   1.484595E-11   2.462119E+04    4.44476E+19   1.899999961E+00  -2.583328E-01   2.172311332E+00
   113   13975.970694   1.079542E-11   1.790367E+04    2.52982E+19   1.899999961E+00  -2.583318E-01   2.172311332E+00
   114   13976.003133   7.850024E-12   1.301892E+04    1.43989E+19   1.899999961E+00  -2.583310E-01   2.172311332E+00
   115   13976.028524   5.712800E-12   9.474695E+03    8.19461E+18   1.899999961E+00  -2.583304E-01   2.172311332E+00
   116   13976.048380   4.163638E-12   6.905998E+03    4.66000E+18   1.899999961E+00  -2.583299E-01   2.172311332E+00
   117   13976.063871   3.034568E-12   5.033703E+03    2.64998E+18   1.899999961E+00  -2.583295E-01   2.172311332E+00
   118   13976.075957   2.211672E-12   3.669008E+03    1.50696E+18   1.899999961E+00  -2.583292E-01   2.172311332E+00
   119   13976.085386   1.611924E-12   2.674297E+03    8.56954E+17   1.899999961E+00  -2.583290E-01   2.172311332E+00
   120   13976.092743   1.174812E-12   1.949264E+03    4.87321E+17   1.899999961E+00  -2.583288E-01   2.172311332E+00
   121   13976.098482   8.562330E-13   1.420796E+03    2.77123E+17   1.899999961E+00  -2.583287E-01   2.172311332E+00
   122   13976.102960   6.322043E-13   1.049448E+03    1.57340E+17   1.899999961E+00  -2.583286E-01   2.172311332E+00
   123   13976.106402   4.771665E-13   7.928648E+02    8.82748E+16   1.899999961E+00  -2.583285E-01   2.172311332E+00
   124   13976.108958   3.601491E-13   5.990145E+02    4.95261E+16   1.899999961E+00  -2.583284E-01   2.172311332E+00
   125   13976.110856   2.718284E-13   4.525593E+02    2.77863E+16   1.899999961E+00  -2.583284E-01   2.172311332E+00
   126   13976.112266   2.051669E-13   3.419115E+02    1.55894E+16   1.899999961E+00  -2.583283E-01   2.172311332E+00
   127   13976.113313   1.548531E-13   2.583163E+02    8.74633E+15   1.899999961E+00  -2.583283E-01   2.172311332E+00
   128   13976.114090   1.178438E-13   1.966514E+02    4.90243E+15   1.899999961E+00  -2.583283E-01   2.172311332E+00
   129   13976.114662   9.123235E-14   1.520734E+02    2.72609E+15   1.899999961E+00  -2.583283E-01   2.172311332E+00
   130   13976.115074   7.063027E-14   1.176006E+02    1.51589E+15   1.899999961E+00  -2.583283E-01   2.172311332E+00
   131   13976.115370   5.468055E-14   9.094227E+01    8.42939E+14   1.899999961E+00  -2.583283E-01   2.172311332E+00
   132   13976.115583   4.233260E-14   7.032700E+01    4.68732E+14   1.899999961E+00  -2.583283E-01   2.172311332E+00
   133   13976.115736   3.277306E-14   5.438490E+01    2.60647E+14   1.899999961E+00  -2.583282E-01   2.172311332E+00
   134   13976.115846   2.549278E-14   4.226679E+01    1.44845E+14   1.899999961E+00  -2.583282E-01   2.172311332E+00
   135   13976.115924   2.004986E-14   3.323522E+01    8.00262E+13   1.899999961E+00  -2.583282E-01   2.172311332E+00
   136   13976.115980   1.576905E-14   2.613352E+01    4.42140E+13   1.899999961E+00  -2.583282E-01   2.172311332E+00
   137   13976.116018   1.240223E-14   2.054931E+01    2.44280E+13   1.899999961E+00  -2.583282E-01   2.172311332E+00
   138   13976.116046   9.846639E-15   1.631205E+01    1.34777E+13   1.899999961E+00  -2.583282E-01   2.172311332E+00
   139   13976.116065   8.973482E-15   1.487263E+01    7.01343E+12   1.899999961E+00  -2.583282E-01   2.172311332E+00
   140   13976.116075   8.177753E-15   1.356022E+01    3.64959E+12   1.899999961E+00  -2.583282E-01   2.172311332E+00
   141   13976.116082   7.452586E-15   1.236362E+01    1.89915E+12   1.899999961E+00  -2.583282E-01   2.172311332E+00
   142   13976.116085   6.791632E-15   1.127101E+01    9.88283E+11   1.899999961E+00  -2.583282E-01   2.172311332E+00
   143   13976.116087   6.189214E-15   1.027186E+01    5.14371E+11   1.899999961E+00  -2.583282E-01   2.172311332E+00
   144   13976.116088   5.640230E-15   9.361287E+00    2.67714E+11   1.899999961E+00  -2.583282E-01   2.172311332E+00
   145   13976.116089   5.139942E-15   8.531433E+00    1.39337E+11   1.899999961E+00  -2.583282E-01   2.172311332E+00
   146   13976.116089   4.887711E-15   8.112849E+00    7.20566E+10   1.899999961E+00  -2.583282E-01   2.172311332E+00
   147   13976.116090   4.842542E-15   8.037566E+00    3.61771E+10   1.899999961E+00  -2.583282E-01   2.172311332E+00
   148   13976.116090   4.797790E-15   7.962981E+00    1.81633E+10   1.899999961E+00  -2.583282E-01   2.172311332E+00
   149   13976.116090   4.758662E-15   7.898218E+00    9.11742E+09   1.899999961E+00  -2.583282E-01   2.172311332E+00
   150   13976.116090   4.749623E-15   7.886170E+00    4.56180E+09   1.899999961E+00  -2.583282E-01   2.172311332E+00
   151   13976.116090   4.740601E-15   7.874140E+00    2.28244E+09   1.899999961E+00  -2.583282E-01   2.172311332E+00
   152   13976.116090   4.731595E-15   7.862129E+00    1.14199E+09   1.899999961E+00  -2.583282E-01   2.172311332E+00
   153   13976.116090   4.722563E-15   7.845120E+00    5.71514E+08   1.899999961E+00  -2.583282E-01   2.172311332E+00
