       6     157      56      72

     EOS file :  /Users/jkopp/cernbox/ns-muons/packages/nscool/EOS/BSk22_test

  step        radius       baryon#       density        pressure       encl. mass            phi     encl. bar. mass 
                (m)        (#/fm3)       (g/cm3)        (dyn/cm2)      (sol. mass)                     (sol. mass)   

     0       0.000000   5.080685E+00   5.255125E+16    9.61485E+37   0.000000000E+00  -3.536244E+00   0.000000000E+00
     1      10.000000   5.080518E+00   5.254779E+16    9.61398E+37   1.106665044E-07  -3.536184E+00   1.791911849E-08
     2      11.666600   5.080460E+00   5.254658E+16    9.61368E+37   1.757293644E-07  -3.536163E+00   2.845436229E-08
     3      13.610939   5.080381E+00   5.254494E+16    9.61327E+37   2.790411187E-07  -3.536134E+00   4.518336939E-08
     4      15.879285   5.080273E+00   5.254271E+16    9.61271E+37   4.430841310E-07  -3.536095E+00   7.174718150E-08
     5      18.525611   5.080127E+00   5.253966E+16    9.61195E+37   7.035519353E-07  -3.536042E+00   1.139268697E-07
     6      21.612865   5.079927E+00   5.253552E+16    9.61091E+37   1.117108062E-06  -3.535970E+00   1.809009007E-07
     7      25.214459   5.079656E+00   5.252989E+16    9.60950E+37   1.773696496E-06  -3.535872E+00   2.872407526E-07
     8      29.415998   5.079287E+00   5.252222E+16    9.60758E+37   2.816068047E-06  -3.535738E+00   4.560776440E-07
     9      34.317284   5.078784E+00   5.251178E+16    9.60498E+37   4.470739625E-06  -3.535556E+00   7.241263553E-07
    10      40.034641   5.078101E+00   5.249759E+16    9.60143E+37   7.097053104E-06  -3.535308E+00   1.149652453E-06
    11      46.703606   5.077171E+00   5.247829E+16    9.59660E+37   1.126485619E-05  -3.534972E+00   1.825101471E-06
    12      54.482025   5.075907E+00   5.245205E+16    9.59004E+37   1.787737668E-05  -3.534513E+00   2.897105119E-06
    13      63.553614   5.074188E+00   5.241637E+16    9.58113E+37   2.836530905E-05  -3.533890E+00   4.598146014E-06
    14      74.132007   5.071852E+00   5.236792E+16    9.56902E+37   4.499279619E-05  -3.533043E+00   7.296615521E-06
    15      86.465343   5.068679E+00   5.230214E+16    9.55260E+37   7.133855509E-05  -3.531892E+00   1.157582134E-05
    16     100.841380   5.064372E+00   5.221292E+16    9.53033E+37   1.130497026E-04  -3.530329E+00   1.835841486E-05
    17     117.593099   5.058534E+00   5.209209E+16    9.50019E+37   1.790171060E-04  -3.528208E+00   2.910176839E-05
    18     137.104691   5.050628E+00   5.192870E+16    9.45948E+37   2.831958124E-04  -3.525333E+00   4.610352748E-05
    19     159.817685   5.039944E+00   5.170830E+16    9.40464E+37   4.473990456E-04  -3.521442E+00   7.297687318E-05
    20     186.236813   5.025540E+00   5.141193E+16    9.33103E+37   7.055332297E-04  -3.516188E+00   1.153843412E-04
    21     216.934957   5.006189E+00   5.101507E+16    9.23271E+37   1.109907901E-03  -3.509110E+00   1.821597003E-04
    22     252.556169   4.980304E+00   5.048665E+16    9.10223E+37   1.740416101E-03  -3.499610E+00   2.870004742E-04
    23     293.815398   4.945883E+00   4.978827E+16    8.93055E+37   2.717454422E-03  -3.486920E+00   4.509764842E-04
    24     341.493177   4.900464E+00   4.887420E+16    8.70719E+37   4.219267261E-03  -3.470072E+00   7.061614170E-04
    25     396.423396   4.841124E+00   4.769279E+16    8.42075E+37   6.503674056E-03  -3.447883E+00   1.100730076E-03
    26     459.472685   4.764569E+00   4.619009E+16    8.06018E+37   9.932511440E-03  -3.418952E+00   1.705830966E-03
    27     531.511352   4.667345E+00   4.431648E+16    7.61661E+37   1.499435665E-02  -3.381705E+00   2.624387688E-03
    28     613.378423   4.546198E+00   4.203636E+16    7.08603E+37   2.231753125E-02  -3.334473E+00   4.001665434E-03
    29     705.846984   4.398587E+00   3.933989E+16    6.47209E+37   3.266251016E-02  -3.275642E+00   6.036994652E-03
    30     809.599265   4.223254E+00   3.625359E+16    5.78817E+37   4.688342824E-02  -3.203835E+00   8.995630417E-03
    31     925.221596   4.020719E+00   3.284601E+16    5.05756E+37   6.585502266E-02  -3.118110E+00   1.321959718E-02
    32    1053.225811   3.793529E+00   2.922453E+16    4.31109E+37   9.037375589E-02  -3.018124E+00   1.913670891E-02
    33    1194.096683   3.546150E+00   2.552266E+16    3.58245E+37   1.210548241E-01  -2.904219E+00   2.726767095E-02
    34    1348.358190   3.284500E+00   2.188101E+16    2.90259E+37   1.582525380E-01  -2.777412E+00   3.823189089E-02
    35    1516.648960   3.015263E+00   1.842738E+16    2.29511E+37   2.020259241E-01  -2.639296E+00   5.275301692E-02
    36    1699.799913   2.745156E+00   1.526163E+16    1.77378E+37   2.521572873E-01  -2.491889E+00   7.166532133E-02
    37    1898.912397   2.480309E+00   1.244814E+16    1.34254E+37   3.082163509E-01  -2.337468E+00   9.592223074E-02
    38    2115.439096   2.225845E+00   1.001574E+16    9.97365E+36   3.696526023E-01  -2.178403E+00   1.266089250E-01
    39    2351.270810   1.985664E+00   7.963127E+15    7.28960E+36   4.358955188E-01  -2.017021E+00   1.649619908E-01
    40    2608.830245   1.762214E+00   6.296129E+15    5.25255E+36   5.065534584E-01  -1.855489E+00   2.124005691E-01
    41    2890.245329   1.556499E+00   4.986091E+15    3.73644E+36   5.816356387E-01  -1.696127E+00   2.703751413E-01
    42    3196.613642   1.368874E+00   3.963499E+15    2.62778E+36   6.610940975E-01  -1.541437E+00   3.401178220E-01
    43    3528.323906   1.198902E+00   3.166663E+15    1.82855E+36   7.447875289E-01  -1.393597E+00   4.225438739E-01
    44    3884.688908   1.045694E+00   2.544425E+15    1.25911E+36   8.323486813E-01  -1.254447E+00   5.179837030E-01
    45    4263.564170   9.081852E-01   2.056569E+15    8.57561E+35   9.230169607E-01  -1.125493E+00   6.258668463E-01
    46    4660.953566   7.852897E-01   1.671590E+15    5.77156E+35   1.015521971E+00  -1.007918E+00   7.443988232E-01
    47    5070.767508   6.759624E-01   1.365757E+15    3.83278E+35   1.108008453E+00  -9.025684E-01   8.703573322E-01
    48    5484.657109   5.792274E-01   1.120920E+15    2.50696E+35   1.198044856E+00  -8.099638E-01   9.990823164E-01
    49    5892.226512   4.941560E-01   9.235228E+14    1.61178E+35   1.282796124E+00  -7.302736E-01   1.124833071E+00
    50    6281.588784   4.198388E-01   7.632963E+14    1.01647E+35   1.359352591E+00  -6.633125E-01   1.241510383E+00
    51    6640.511362   3.553652E-01   6.324676E+14    6.27681E+34   1.425208835E+00  -6.085282E-01   1.343693043E+00
    52    6958.081704   2.998146E-01   5.251114E+14    3.79106E+34   1.478779907E+00  -5.650078E-01   1.427703819E+00
    53    7226.608058   2.522415E-01   4.366075E+14    2.23956E+34   1.519768708E+00  -5.315125E-01   1.492315926E+00
    54    7443.144961   2.116917E-01   3.633346E+14    1.29578E+34   1.549204293E+00  -5.065544E-01   1.538781143E+00
    55    7609.848781   1.771985E-01   3.023328E+14    7.36321E+33   1.569079038E+00  -4.885261E-01   1.570128034E+00
    56    7732.984070   1.478206E-01   2.511792E+14    4.12492E+33   1.581771760E+00  -4.758510E-01   1.590109388E+00
    57    7820.974199   1.226872E-01   2.078905E+14    2.28795E+33   1.589508443E+00  -4.671219E-01   1.602262322E+00
    58    7882.442176   1.011096E-01   1.710017E+14    1.26172E+33   1.594057573E+00  -4.611856E-01   1.609393811E+00
    59    7924.867075   8.282299E-02   1.398900E+14    6.93614E+32   1.596667949E+00  -4.571662E-01   1.613479128E+00
    60    7953.955336   5.951025E-02   1.004771E+14    3.98391E+32   1.598057982E+00  -4.544475E-01   1.615650187E+00
    61    7977.524824   4.230547E-02   7.132507E+13    2.29478E+32   1.598867738E+00  -4.522671E-01   1.616914194E+00
    62    7996.855973   2.971011E-02   5.003801E+13    1.32835E+32   1.599337944E+00  -4.504943E-01   1.617647814E+00
    63    8012.947118   2.085701E-02   3.509114E+13    7.68491E+31   1.599613719E+00  -4.490293E-01   1.618077901E+00
    64    8026.319226   1.458591E-02   2.451890E+13    4.44905E+31   1.599774763E+00  -4.478192E-01   1.618328987E+00
    65    8037.466595   1.019600E-02   1.712476E+13    2.57516E+31   1.599868830E+00  -4.468157E-01   1.618475620E+00
    66    8046.751847   7.070301E-03   1.186923E+13    1.49219E+31   1.599923586E+00  -4.459833E-01   1.618560965E+00
    67    8054.547430   4.807351E-03   8.067114E+12    8.68184E+30   1.599955326E+00  -4.452871E-01   1.618610415E+00
    68    8061.244238   3.084948E-03   5.173990E+12    5.12075E+30   1.599973531E+00  -4.446907E-01   1.618638773E+00
    69    8067.420987   1.874222E-03   3.141883E+12    3.10904E+30   1.599983860E+00  -4.441422E-01   1.618654863E+00
    70    8073.612951   1.040297E-03   1.742548E+12    1.92189E+30   1.599989980E+00  -4.435938E-01   1.618664396E+00
    71    8080.531629   5.722850E-04   9.576013E+11    1.20822E+30   1.599993675E+00  -4.429827E-01   1.618670154E+00
    72    8088.468286   3.417896E-04   5.716982E+11    7.41621E+29   1.599996103E+00  -4.422839E-01   1.618673937E+00
    73    8096.655452   1.740745E-04   2.907589E+11    5.02931E+29   1.599997350E+00  -4.415655E-01   1.618675882E+00
    74    8107.604803   1.138336E-04   1.900074E+11    2.98576E+29   1.599998426E+00  -4.406086E-01   1.618677559E+00
    75    8117.599687   7.414276E-05   1.236525E+11    1.76660E+29   1.599999072E+00  -4.397390E-01   1.618678566E+00
    76    8126.726595   4.826311E-05   8.043057E+10    1.04899E+29   1.599999455E+00  -4.389481E-01   1.618679162E+00
    77    8135.091504   3.237091E-05   5.392753E+10    6.15783E+28   1.599999687E+00  -4.382258E-01   1.618679525E+00
    78    8142.442175   2.112370E-05   3.517501E+10    3.68570E+28   1.599999821E+00  -4.375932E-01   1.618679733E+00
    79    8149.208836   1.398552E-05   2.327311E+10    2.16620E+28   1.599999903E+00  -4.370126E-01   1.618679861E+00
    80    8155.237428   9.119391E-06   1.516775E+10    1.28366E+28   1.599999951E+00  -4.364967E-01   1.618679936E+00
    81    8160.733235   6.024436E-06   1.002230E+10    7.61311E+27   1.599999980E+00  -4.360275E-01   1.618679980E+00
    82    8165.677845   4.042186E-06   6.720340E+09    4.46680E+27   1.599999997E+00  -4.356063E-01   1.618680007E+00
    83    8170.013755   2.674507E-06   4.444203E+09    2.63252E+27   1.600000007E+00  -4.352376E-01   1.618680023E+00
    84    8173.885162   1.790357E-06   2.974410E+09    1.54667E+27   1.600000013E+00  -4.349090E-01   1.618680032E+00
    85    8177.289396   1.201983E-06   1.996441E+09    9.06862E+26   1.600000016E+00  -4.346205E-01   1.618680038E+00
    86    8180.267580   8.072183E-07   1.340941E+09    5.31619E+26   1.600000019E+00  -4.343684E-01   1.618680041E+00
    87    8182.870258   5.213751E-07   8.655975E+08    3.20458E+26   1.600000020E+00  -4.341484E-01   1.618680043E+00
    88    8185.303383   3.505668E-07   5.819312E+08    1.87750E+26   1.600000020E+00  -4.339429E-01   1.618680044E+00
    89    8187.426027   2.358979E-07   3.916271E+08    1.09965E+26   1.600000021E+00  -4.337638E-01   1.618680045E+00
    90    8189.275085   1.544221E-07   2.562947E+08    6.46522E+25   1.600000021E+00  -4.336079E-01   1.618680045E+00
    91    8190.937577   1.042064E-07   1.729401E+08    3.78239E+25   1.600000021E+00  -4.334678E-01   1.618680045E+00
    92    8192.380027   7.039861E-08   1.168197E+08    2.21251E+25   1.600000021E+00  -4.333464E-01   1.618680045E+00
    93    8193.629916   4.765833E-08   7.906680E+07    1.29291E+25   1.600000021E+00  -4.332412E-01   1.618680045E+00
    94    8194.709639   3.234703E-08   5.366344E+07    7.55262E+24   1.600000021E+00  -4.331504E-01   1.618680046E+00
    95    8195.639381   2.198885E-08   3.648464E+07    4.40616E+24   1.600000022E+00  -4.330723E-01   1.618680046E+00
    96    8196.437504   1.501592E-08   2.491393E+07    2.56762E+24   1.600000022E+00  -4.330052E-01   1.618680046E+00
    97    8197.118837   1.026690E-08   1.703273E+07    1.49490E+24   1.600000022E+00  -4.329480E-01   1.618680046E+00
    98    8197.699237   7.061949E-09   1.171430E+07    8.68603E+23   1.600000022E+00  -4.328992E-01   1.618680046E+00
    99    8198.189711   4.843238E-09   8.033001E+06    5.04781E+23   1.600000022E+00  -4.328580E-01   1.618680046E+00
   100    8198.605458   3.303599E-09   5.479274E+06    2.96255E+23   1.600000022E+00  -4.328231E-01   1.618680046E+00
   101    8198.963245   2.297905E-09   3.811103E+06    1.71405E+23   1.600000022E+00  -4.327931E-01   1.618680046E+00
   102    8199.260907   1.598360E-09   2.650794E+06    9.91691E+22   1.600000022E+00  -4.327681E-01   1.618680046E+00
   103    8199.508539   1.122622E-09   1.861923E+06    5.71767E+22   1.600000022E+00  -4.327473E-01   1.618680046E+00
   104    8199.711827   7.886771E-10   1.308143E+06    3.29592E+22   1.600000022E+00  -4.327303E-01   1.618680046E+00
   105    8199.878635   5.560826E-10   9.223641E+05    1.89912E+22   1.600000022E+00  -4.327163E-01   1.618680046E+00
   106    8200.014960   3.941123E-10   6.536624E+05    1.09127E+22   1.600000022E+00  -4.327048E-01   1.618680046E+00
   107    8200.125503   2.793186E-10   4.632374E+05    6.27060E+21   1.600000022E+00  -4.326955E-01   1.618680046E+00
   108    8200.215138   1.989975E-10   3.299995E+05    3.59890E+21   1.600000022E+00  -4.326880E-01   1.618680046E+00
   109    8200.287357   1.420402E-10   2.355237E+05    2.06260E+21   1.600000022E+00  -4.326820E-01   1.618680046E+00
   110    8200.345351   1.013851E-10   1.680952E+05    1.18212E+21   1.600000022E+00  -4.326771E-01   1.618680046E+00
   111    8200.391923   7.279278E-11   1.206984E+05    6.76053E+20   1.600000022E+00  -4.326732E-01   1.618680046E+00
   112    8200.429017   5.227675E-11   8.668768E+04    3.86559E+20   1.600000022E+00  -4.326701E-01   1.618680046E+00
   113    8200.458549   3.758335E-11   6.232686E+04    2.21000E+20   1.600000022E+00  -4.326676E-01   1.618680046E+00
   114    8200.482032   2.714184E-11   4.501187E+04    1.26108E+20   1.600000022E+00  -4.326656E-01   1.618680046E+00
   115    8200.500586   1.960122E-11   3.250713E+04    7.19596E+19   1.600000022E+00  -4.326641E-01   1.618680046E+00
   116    8200.515247   1.419309E-11   2.353847E+04    4.10488E+19   1.600000022E+00  -4.326628E-01   1.618680046E+00
   117    8200.526797   1.032068E-11   1.711634E+04    2.33637E+19   1.600000022E+00  -4.326619E-01   1.618680046E+00
   118    8200.535837   7.504806E-12   1.244639E+04    1.32978E+19   1.600000022E+00  -4.326611E-01   1.618680046E+00
   119    8200.542913   5.463580E-12   9.061472E+03    7.56763E+18   1.600000022E+00  -4.326605E-01   1.618680046E+00
   120    8200.548444   3.981999E-12   6.604803E+03    4.30346E+18   1.600000022E+00  -4.326601E-01   1.618680046E+00
   121    8200.552760   2.902184E-12   4.814164E+03    2.44723E+18   1.600000022E+00  -4.326597E-01   1.618680046E+00
   122    8200.556126   2.115187E-12   3.508988E+03    1.39166E+18   1.600000022E+00  -4.326594E-01   1.618680046E+00
   123    8200.558753   1.541603E-12   2.557660E+03    7.91387E+17   1.600000022E+00  -4.326592E-01   1.618680046E+00
   124    8200.560802   1.123560E-12   1.864249E+03    4.50035E+17   1.600000022E+00  -4.326590E-01   1.618680046E+00
   125    8200.562401   8.188792E-13   1.358829E+03    2.55919E+17   1.600000022E+00  -4.326589E-01   1.618680046E+00
   126    8200.563649   6.079844E-13   1.009381E+03    1.45207E+17   1.600000022E+00  -4.326588E-01   1.618680046E+00
   127    8200.564601   4.588861E-13   7.625938E+02    8.14679E+16   1.600000022E+00  -4.326587E-01   1.618680046E+00
   128    8200.565309   3.463517E-13   5.761445E+02    4.57071E+16   1.600000022E+00  -4.326586E-01   1.618680046E+00
   129    8200.565834   2.614146E-13   4.352809E+02    2.56437E+16   1.600000022E+00  -4.326586E-01   1.618680046E+00
   130    8200.566225   1.973069E-13   3.288575E+02    1.43873E+16   1.600000022E+00  -4.326586E-01   1.618680046E+00
   131    8200.566514   1.489206E-13   2.484540E+02    8.07190E+15   1.600000022E+00  -4.326585E-01   1.618680046E+00
   132    8200.566729   1.137697E-13   1.898235E+02    4.52247E+15   1.600000022E+00  -4.326585E-01   1.618680046E+00
   133    8200.566887   8.807824E-14   1.467933E+02    2.51480E+15   1.600000022E+00  -4.326585E-01   1.618680046E+00
   134    8200.567001   6.818842E-14   1.135174E+02    1.39840E+15   1.600000022E+00  -4.326585E-01   1.618680046E+00
   135    8200.567082   5.279012E-14   8.778469E+01    7.77608E+14   1.600000022E+00  -4.326585E-01   1.618680046E+00
   136    8200.567141   4.086906E-14   6.788519E+01    4.32403E+14   1.600000022E+00  -4.326585E-01   1.618680046E+00
   137    8200.567183   3.164002E-14   5.249662E+01    2.40446E+14   1.600000022E+00  -4.326585E-01   1.618680046E+00
   138    8200.567213   2.467064E-14   4.090248E+01    1.33578E+14   1.600000022E+00  -4.326585E-01   1.618680046E+00
   139    8200.567235   1.940326E-14   3.216244E+01    7.38010E+13   1.600000022E+00  -4.326585E-01   1.618680046E+00
   140    8200.567250   1.526050E-14   2.528997E+01    4.07746E+13   1.600000022E+00  -4.326585E-01   1.618680046E+00
   141    8200.567261   1.200226E-14   1.988601E+01    2.25278E+13   1.600000022E+00  -4.326585E-01   1.618680046E+00
   142    8200.567268   9.730354E-15   1.612039E+01    1.23972E+13   1.600000022E+00  -4.326585E-01   1.618680046E+00
   143    8200.567274   8.867509E-15   1.469788E+01    6.45113E+12   1.600000022E+00  -4.326585E-01   1.618680046E+00
   144    8200.567276   8.081177E-15   1.340089E+01    3.35699E+12   1.600000022E+00  -4.326585E-01   1.618680046E+00
   145    8200.567278   7.364574E-15   1.221835E+01    1.74688E+12   1.600000022E+00  -4.326585E-01   1.618680046E+00
   146    8200.567279   6.711388E-15   1.113792E+01    9.09057E+11   1.600000022E+00  -4.326585E-01   1.618680046E+00
   147    8200.567280   6.116088E-15   1.015057E+01    4.73136E+11   1.600000022E+00  -4.326585E-01   1.618680046E+00
   148    8200.567280   5.573590E-15   9.250751E+00    2.46253E+11   1.600000022E+00  -4.326585E-01   1.618680046E+00
   149    8200.567280   5.079213E-15   8.430695E+00    1.28167E+11   1.600000022E+00  -4.326585E-01   1.618680046E+00
   150    8200.567280   4.881877E-15   8.103125E+00    6.59447E+10   1.600000022E+00  -4.326585E-01   1.618680046E+00
   151    8200.567280   4.836762E-15   8.027932E+00    3.31086E+10   1.600000022E+00  -4.326585E-01   1.618680046E+00
   152    8200.567280   4.792064E-15   7.953437E+00    1.66227E+10   1.600000022E+00  -4.326585E-01   1.618680046E+00
   153    8200.567280   4.757502E-15   7.896672E+00    8.34271E+09   1.600000022E+00  -4.326585E-01   1.618680046E+00
   154    8200.567280   4.748465E-15   7.884626E+00    4.17418E+09   1.600000022E+00  -4.326585E-01   1.618680046E+00
   155    8200.567280   4.739445E-15   7.872599E+00    2.08850E+09   1.600000022E+00  -4.326585E-01   1.618680046E+00
   156    8200.567280   4.730442E-15   7.860590E+00    1.04496E+09   1.600000022E+00  -4.326585E-01   1.618680046E+00
   157    8200.567280   4.721406E-15   7.842804E+00    5.22995E+08   1.600000022E+00  -4.326585E-01   1.618680046E+00
