       6     150      43      65

     EOS file :  /Users/jkopp/cernbox/ns-muons/packages/nscool/EOS/MF_B31.dat

  step        radius       baryon#       density        pressure       encl. mass            phi     encl. bar. mass 
                (m)        (#/fm3)       (g/cm3)        (dyn/cm2)      (sol. mass)                     (sol. mass)   

     0       0.000000   1.726473E-01   3.335771E+14    1.69227E+34   0.000000000E+00  -2.183101E-01   0.000000000E+00
     1      10.000000   1.726472E-01   3.335769E+14    1.69227E+34   7.025054126E-10  -2.183100E-01   6.089198869E-10
     2      11.666665   1.726471E-01   3.335768E+14    1.69227E+34   1.115552168E-09  -2.183100E-01   9.669418977E-10
     3      13.611107   1.726471E-01   3.335767E+14    1.69227E+34   1.771454666E-09  -2.183100E-01   1.535467234E-09
     4      15.879623   1.726471E-01   3.335766E+14    1.69227E+34   2.813002561E-09  -2.183100E-01   2.438263641E-09
     5      18.526222   1.726470E-01   3.335764E+14    1.69227E+34   4.466939929E-09  -2.183099E-01   3.871869231E-09
     6      21.613920   1.726469E-01   3.335762E+14    1.69226E+34   7.093326644E-09  -2.183098E-01   6.148378210E-09
     7      25.216231   1.726467E-01   3.335759E+14    1.69226E+34   1.126392160E-08  -2.183097E-01   9.763382369E-09
     8      29.418921   1.726466E-01   3.335756E+14    1.69226E+34   1.788665057E-08  -2.183096E-01   1.550385826E-08
     9      34.322051   1.726463E-01   3.335750E+14    1.69225E+34   2.840325275E-08  -2.183094E-01   2.461948499E-08
    10      40.042355   1.726460E-01   3.335743E+14    1.69224E+34   4.510312779E-08  -2.183091E-01   3.909468402E-08
    11      46.716021   1.726455E-01   3.335733E+14    1.69223E+34   7.162169532E-08  -2.183088E-01   6.208059406E-08
    12      54.501929   1.726449E-01   3.335720E+14    1.69221E+34   1.137317325E-07  -2.183083E-01   9.858100068E-08
    13      63.585433   1.726440E-01   3.335702E+14    1.69219E+34   1.805999051E-07  -2.183076E-01   1.565415008E-07
    14      74.182766   1.726428E-01   3.335677E+14    1.69217E+34   2.867819105E-07  -2.183068E-01   2.485789130E-07
    15      86.546181   1.726412E-01   3.335643E+14    1.69213E+34   4.553902989E-07  -2.183055E-01   3.947272072E-07
    16     100.969941   1.726391E-01   3.335598E+14    1.69208E+34   7.231240095E-07  -2.183039E-01   6.267972723E-07
    17     117.797306   1.726361E-01   3.335535E+14    1.69200E+34   1.148253255E-06  -2.183017E-01   9.952986217E-07
    18     137.428669   1.726321E-01   3.335451E+14    1.69191E+34   1.823295270E-06  -2.182986E-01   1.580427686E-06
    19     160.331031   1.726266E-01   3.335335E+14    1.69178E+34   2.895134369E-06  -2.182944E-01   2.509510077E-06
    20     187.049033   1.726191E-01   3.335178E+14    1.69160E+34   4.596953396E-06  -2.182888E-01   3.984683683E-06
    21     218.217781   1.726090E-01   3.334964E+14    1.69135E+34   7.298899754E-06  -2.182811E-01   6.326826950E-06
    22     254.577739   1.725952E-01   3.334673E+14    1.69102E+34   1.158845498E-05  -2.182706E-01   1.004524737E-05
    23     296.992006   1.725764E-01   3.334278E+14    1.69057E+34   1.839787247E-05  -2.182564E-01   1.594819742E-05
    24     346.466293   1.725508E-01   3.333739E+14    1.68995E+34   2.920614189E-05  -2.182370E-01   2.531805282E-05
    25     404.171970   1.725160E-01   3.333006E+14    1.68912E+34   4.635883379E-05  -2.182106E-01   4.018880487E-05
    26     471.472521   1.724686E-01   3.332009E+14    1.68798E+34   7.357412999E-05  -2.181747E-01   6.378523218E-05
    27     549.953750   1.724042E-01   3.330653E+14    1.68643E+34   1.167423491E-04  -2.181259E-01   1.012171071E-04
    28     641.457939   1.723166E-01   3.328808E+14    1.68433E+34   1.851868821E-04  -2.180595E-01   1.605747172E-04
    29     748.122036   1.721975E-01   3.326301E+14    1.68148E+34   2.936478493E-04  -2.179692E-01   2.546537714E-04
    30     872.419551   1.720357E-01   3.322895E+14    1.67760E+34   4.653920273E-04  -2.178467E-01   4.036628349E-04
    31    1017.205284   1.718159E-01   3.318270E+14    1.67235E+34   7.370655992E-04  -2.176803E-01   6.394548291E-04
    32    1185.760978   1.715178E-01   3.311995E+14    1.66524E+34   1.166217396E-03  -2.174546E-01   1.012101714E-03
    33    1381.838452   1.711136E-01   3.303493E+14    1.65563E+34   1.842857750E-03  -2.171489E-01   1.600027053E-03
    34    1609.694209   1.705692E-01   3.292039E+14    1.64268E+34   2.906999535E-03  -2.167355E-01   2.525448496E-03
    35    1874.102024   1.698449E-01   3.276804E+14    1.62529E+34   4.574862361E-03  -2.161779E-01   3.977581469E-03
    36    2180.324602   1.688694E-01   3.256292E+14    1.60204E+34   7.176755373E-03  -2.154280E-01   6.246486293E-03
    37    2534.061725   1.674642E-01   3.226785E+14    1.57115E+34   1.120971213E-02  -2.144241E-01   9.770757983E-03
    38    2941.500147   1.654471E-01   3.184475E+14    1.53050E+34   1.740585610E-02  -2.130871E-01   1.520109539E-02
    39    3409.014602   1.625866E-01   3.124546E+14    1.47766E+34   2.681430398E-02  -2.113194E-01   2.347933223E-02
    40    3942.886442   1.589130E-01   3.047768E+14    1.41001E+34   4.089956476E-02  -2.090043E-01   3.593709353E-02
    41    4547.819387   1.542956E-01   2.951549E+14    1.32518E+34   6.158616919E-02  -2.060132E-01   5.435606151E-02
    42    5226.329480   1.474930E-01   2.810346E+14    1.22169E+34   9.116807402E-02  -2.022158E-01   8.092243128E-02
    43    5983.260302   1.377797E-01   2.610006E+14    1.10062E+34   1.318830672E-01  -1.974754E-01   1.179190630E-01
    44    6824.005860   1.222213E-01   2.292423E+14    9.65172E+33   1.858394131E-01  -1.916711E-01   1.676761383E-01
    45    7778.575342   9.575978E-02   1.762874E+14    8.30765E+33   2.504523608E-01  -1.846125E-01   2.286791394E-01
    46    8967.543271   8.928890E-02   1.628607E+14    6.88330E+33   3.378490290E-01  -1.755371E-01   3.131554131E-01
    47   10165.001754   8.821302E-02   1.597067E+14    5.44947E+33   4.496538058E-01  -1.660642E-01   4.231016996E-01
    48   11267.380007   8.692638E-02   1.559658E+14    4.10584E+33   5.760205295E-01  -1.569170E-01   5.498340235E-01
    49   12235.478571   8.538761E-02   1.515362E+14    2.91035E+33   7.060076044E-01  -1.484963E-01   6.830497389E-01
    50   13030.885470   8.357940E-02   1.463932E+14    1.92680E+33   8.256040593E-01  -1.412967E-01   8.084459772E-01
    51   13633.939708   8.151856E-02   1.406144E+14    1.19101E+33   9.229142239E-01  -1.356749E-01   9.128634590E-01
    52   14053.895278   7.925717E-02   1.343755E+14    6.92630E+32   9.929411464E-01  -1.316843E-01   9.897412763E-01
    53   14324.292735   6.060624E-02   1.023368E+14    4.10588E+32   1.034255562E+00  -1.290905E-01   1.035844484E+00
    54   14542.538998   4.404384E-02   7.426464E+13    2.44227E+32   1.059543885E+00  -1.270013E-01   1.064179022E+00
    55   14726.890300   3.135735E-02   5.282066E+13    1.44399E+32   1.075304195E+00  -1.252534E-01   1.081872266E+00
    56   14884.196967   2.221987E-02   3.739104E+13    8.47540E+31   1.085073533E+00  -1.237811E-01   1.092851133E+00
    57   15017.636777   1.564969E-02   2.631156E+13    4.95396E+31   1.091041635E+00  -1.225496E-01   1.099562271E+00
    58   15130.673917   1.099040E-02   1.846232E+13    2.88776E+31   1.094652345E+00  -1.215206E-01   1.103623836E+00
    59   15226.166633   7.666151E-03   1.287023E+13    1.68055E+31   1.096819493E+00  -1.206624E-01   1.106062143E+00
    60   15307.026664   5.267911E-03   8.841107E+12    9.80640E+30   1.098105571E+00  -1.199438E-01   1.107508853E+00
    61   15376.545106   3.484006E-03   5.843966E+12    5.78406E+30   1.098859710E+00  -1.193323E-01   1.108357109E+00
    62   15439.220197   2.120911E-03   3.555849E+12    3.51882E+30   1.099292017E+00  -1.187860E-01   1.108843376E+00
    63   15502.461735   1.211847E-03   2.030361E+12    2.15357E+30   1.099557018E+00  -1.182396E-01   1.109141453E+00
    64   15570.869807   6.615491E-04   1.107212E+12    1.36008E+30   1.099713768E+00  -1.176541E-01   1.109317828E+00
    65   15650.871192   3.861410E-04   6.459846E+11    8.42400E+29   1.099818102E+00  -1.169767E-01   1.109435254E+00
    66   15736.783300   1.938636E-04   3.239146E+11    5.71946E+29   1.099873801E+00  -1.162578E-01   1.109497968E+00
    67   15854.499146   1.261421E-04   2.106475E+11    3.41201E+29   1.099922660E+00  -1.152871E-01   1.109552979E+00
    68   15964.335809   8.273841E-05   1.380429E+11    2.01621E+29   1.099953141E+00  -1.143958E-01   1.109587281E+00
    69   16064.950108   5.381073E-05   8.968342E+10    1.20118E+29   1.099971449E+00  -1.135915E-01   1.109607891E+00
    70   16158.543659   3.599269E-05   5.996872E+10    7.09436E+28   1.099982786E+00  -1.128533E-01   1.109620651E+00
    71   16242.316109   2.334320E-05   3.886562E+10    4.21047E+28   1.099989593E+00  -1.122008E-01   1.109628310E+00
    72   16319.937803   1.567039E-05   2.607761E+10    2.47697E+28   1.099993773E+00  -1.116029E-01   1.109633013E+00
    73   16388.739052   1.025453E-05   1.705594E+10    1.47462E+28   1.099996237E+00  -1.110782E-01   1.109635785E+00
    74   16451.965362   6.704524E-06   1.115327E+10    8.78230E+27   1.099997728E+00  -1.106005E-01   1.109637463E+00
    75   16510.054752   4.503532E-06   7.487275E+09    5.16079E+27   1.099998648E+00  -1.101651E-01   1.109638497E+00
    76   16561.313738   2.992358E-06   4.973107E+09    3.03866E+27   1.099999195E+00  -1.097838E-01   1.109639112E+00
    77   16607.074463   1.998567E-06   3.320425E+09    1.79200E+27   1.099999521E+00  -1.094456E-01   1.109639478E+00
    78   16647.747564   1.342686E-06   2.230334E+09    1.05197E+27   1.099999716E+00  -1.091468E-01   1.109639698E+00
    79   16683.492531   9.023166E-07   1.498654E+09    6.17323E+26   1.099999832E+00  -1.088855E-01   1.109639828E+00
    80   16714.862249   5.757158E-07   9.558427E+08    3.66208E+26   1.099999899E+00  -1.086573E-01   1.109639904E+00
    81   16744.163418   3.873246E-07   6.429729E+08    2.14740E+26   1.099999940E+00  -1.084449E-01   1.109639950E+00
    82   16769.807898   2.607262E-07   4.328236E+08    1.25890E+26   1.099999965E+00  -1.082598E-01   1.109639977E+00
    83   16792.219096   1.724668E-07   2.862834E+08    7.39106E+25   1.099999979E+00  -1.080985E-01   1.109639993E+00
    84   16812.172190   1.155069E-07   1.916976E+08    4.35221E+25   1.099999987E+00  -1.079553E-01   1.109640003E+00
    85   16829.766149   7.798446E-08   1.294152E+08    2.54735E+25   1.099999992E+00  -1.078293E-01   1.109640009E+00
    86   16845.056102   5.281062E-08   8.761976E+07    1.48923E+25   1.099999995E+00  -1.077201E-01   1.109640012E+00
    87   16858.286106   3.580804E-08   5.940293E+07    8.70426E+24   1.099999997E+00  -1.076258E-01   1.109640014E+00
    88   16869.712215   2.434732E-08   4.039634E+07    5.07970E+24   1.099999998E+00  -1.075445E-01   1.109640015E+00
    89   16879.532848   1.660860E-08   2.755722E+07    2.96362E+24   1.099999999E+00  -1.074747E-01   1.109640016E+00
    90   16887.943026   1.135782E-08   1.884309E+07    1.72588E+24   1.099999999E+00  -1.074149E-01   1.109640016E+00
    91   16895.113833   7.802518E-09   1.294318E+07    1.00406E+24   1.099999999E+00  -1.073641E-01   1.109640016E+00
    92   16901.193093   5.369612E-09   8.906251E+06    5.83329E+23   1.099999999E+00  -1.073210E-01   1.109640016E+00
    93   16906.330041   3.629821E-09   6.020399E+06    3.41440E+23   1.099999999E+00  -1.072846E-01   1.109640016E+00
    94   16910.781214   2.525040E-09   4.187850E+06    1.97573E+23   1.099999999E+00  -1.072531E-01   1.109640017E+00
    95   16914.486176   1.756477E-09   2.913052E+06    1.14322E+23   1.099999999E+00  -1.072269E-01   1.109640017E+00
    96   16917.569682   1.231099E-09   2.041802E+06    6.60271E+22   1.100000000E+00  -1.072051E-01   1.109640017E+00
    97   16920.111546   8.649281E-10   1.434593E+06    3.80639E+22   1.100000000E+00  -1.071872E-01   1.109640017E+00
    98   16922.197849   6.082633E-10   1.008933E+06    2.19401E+22   1.100000000E+00  -1.071724E-01   1.109640017E+00
    99   16923.908227   4.311085E-10   7.150357E+05    1.26078E+22   1.100000000E+00  -1.071604E-01   1.109640017E+00
   100   16925.295393   3.055469E-10   5.067449E+05    7.24497E+21   1.100000000E+00  -1.071506E-01   1.109640017E+00
   101   16926.420370   2.173006E-10   3.603608E+05    4.16156E+21   1.100000000E+00  -1.071426E-01   1.109640017E+00
   102   16927.329197   1.551072E-10   2.571972E+05    2.38514E+21   1.100000000E+00  -1.071362E-01   1.109640017E+00
   103   16928.059099   1.107136E-10   1.835663E+05    1.36700E+21   1.100000000E+00  -1.071311E-01   1.109640017E+00
   104   16928.645285   7.938510E-11   1.316263E+05    7.82621E+20   1.100000000E+00  -1.071269E-01   1.109640017E+00
   105   16929.113346   5.701157E-11   9.453714E+04    4.47500E+20   1.100000000E+00  -1.071236E-01   1.109640017E+00
   106   16929.486005   4.094360E-11   6.789866E+04    2.55878E+20   1.100000000E+00  -1.071210E-01   1.109640017E+00
   107   16929.782703   2.955593E-11   4.901513E+04    1.46058E+20   1.100000000E+00  -1.071189E-01   1.109640017E+00
   108   16930.017318   2.134470E-11   3.539840E+04    8.33445E+19   1.100000000E+00  -1.071172E-01   1.109640017E+00
   109   16930.202700   1.542395E-11   2.557976E+04    4.75543E+19   1.100000000E+00  -1.071159E-01   1.109640017E+00
   110   16930.349079   1.121574E-11   1.860074E+04    2.70665E+19   1.100000000E+00  -1.071149E-01   1.109640017E+00
   111   16930.463655   8.155678E-12   1.352582E+04    1.54055E+19   1.100000000E+00  -1.071141E-01   1.109640017E+00
   112   16930.553338   5.933388E-12   9.840439E+03    8.76777E+18   1.100000000E+00  -1.071135E-01   1.109640017E+00
   113   16930.623497   4.324413E-12   7.172592E+03    4.98594E+18   1.100000000E+00  -1.071130E-01   1.109640017E+00
   114   16930.678234   3.151747E-12   5.228024E+03    2.83534E+18   1.100000000E+00  -1.071126E-01   1.109640017E+00
   115   16930.720939   2.297076E-12   3.810649E+03    1.61236E+18   1.100000000E+00  -1.071123E-01   1.109640017E+00
   116   16930.754257   1.674169E-12   2.777539E+03    9.16898E+17   1.100000000E+00  -1.071120E-01   1.109640017E+00
   117   16930.780251   1.220178E-12   2.024516E+03    5.21409E+17   1.100000000E+00  -1.071119E-01   1.109640017E+00
   118   16930.800532   8.892977E-13   1.475647E+03    2.96508E+17   1.100000000E+00  -1.071117E-01   1.109640017E+00
   119   16930.816354   6.535327E-13   1.084728E+03    1.68438E+17   1.100000000E+00  -1.071116E-01   1.109640017E+00
   120   16930.828582   4.932645E-13   8.195188E+02    9.45014E+16   1.100000000E+00  -1.071115E-01   1.109640017E+00
   121   16930.837662   3.722995E-13   6.191518E+02    5.30195E+16   1.100000000E+00  -1.071115E-01   1.109640017E+00
   122   16930.844405   2.809991E-13   4.677733E+02    2.97463E+16   1.100000000E+00  -1.071114E-01   1.109640017E+00
   123   16930.849412   2.120886E-13   3.534057E+02    1.66890E+16   1.100000000E+00  -1.071114E-01   1.109640017E+00
   124   16930.853131   1.600773E-13   2.670003E+02    9.36328E+15   1.100000000E+00  -1.071113E-01   1.109640017E+00
   125   16930.855893   1.214187E-13   2.026434E+02    5.25013E+15   1.100000000E+00  -1.071113E-01   1.109640017E+00
   126   16930.857933   9.399995E-14   1.567071E+02    2.91943E+15   1.100000000E+00  -1.071113E-01   1.109640017E+00
   127   16930.859400   7.277289E-14   1.211839E+02    1.62340E+15   1.100000000E+00  -1.071113E-01   1.109640017E+00
   128   16930.860455   5.633933E-14   9.371331E+01    9.02724E+14   1.100000000E+00  -1.071113E-01   1.109640017E+00
   129   16930.861213   4.361679E-14   7.246988E+01    5.01977E+14   1.100000000E+00  -1.071113E-01   1.109640017E+00
   130   16930.861759   3.376725E-14   5.604203E+01    2.79133E+14   1.100000000E+00  -1.071113E-01   1.109640017E+00
   131   16930.862151   2.621257E-14   4.346129E+01    1.55159E+14   1.100000000E+00  -1.071113E-01   1.109640017E+00
   132   16930.862432   2.061597E-14   3.417448E+01    8.57244E+13   1.100000000E+00  -1.071113E-01   1.109640017E+00
   133   16930.862629   1.621429E-14   2.687208E+01    4.73622E+13   1.100000000E+00  -1.071113E-01   1.109640017E+00
   134   16930.862768   1.275240E-14   2.113006E+01    2.61674E+13   1.100000000E+00  -1.071113E-01   1.109640017E+00
   135   16930.862866   1.002966E-14   1.661499E+01    1.44573E+13   1.100000000E+00  -1.071113E-01   1.109640017E+00
   136   16930.862934   9.071349E-15   1.503400E+01    7.56954E+12   1.100000000E+00  -1.071113E-01   1.109640017E+00
   137   16930.862974   8.266941E-15   1.370735E+01    3.93898E+12   1.100000000E+00  -1.071113E-01   1.109640017E+00
   138   16930.862997   7.533865E-15   1.249777E+01    2.04973E+12   1.100000000E+00  -1.071113E-01   1.109640017E+00
   139   16930.863009   6.865737E-15   1.139391E+01    1.06664E+12   1.100000000E+00  -1.071113E-01   1.109640017E+00
   140   16930.863017   6.256746E-15   1.038387E+01    5.55152E+11   1.100000000E+00  -1.071113E-01   1.109640017E+00
   141   16930.863021   5.701773E-15   9.463367E+00    2.88940E+11   1.100000000E+00  -1.071113E-01   1.109640017E+00
   142   16930.863023   5.196025E-15   8.624464E+00    1.50384E+11   1.100000000E+00  -1.071113E-01   1.109640017E+00
   143   16930.863025   4.892837E-15   8.121393E+00    7.78859E+10   1.100000000E+00  -1.071113E-01   1.109640017E+00
   144   16930.863026   4.847620E-15   8.046030E+00    3.91038E+10   1.100000000E+00  -1.071113E-01   1.109640017E+00
   145   16930.863026   4.802822E-15   7.971367E+00    1.96327E+10   1.100000000E+00  -1.071113E-01   1.109640017E+00
   146   16930.863026   4.759681E-15   7.899575E+00    9.85644E+09   1.100000000E+00  -1.071113E-01   1.109640017E+00
   147   16930.863026   4.750640E-15   7.887525E+00    4.93156E+09   1.100000000E+00  -1.071113E-01   1.109640017E+00
   148   16930.863026   4.741615E-15   7.875493E+00    2.46745E+09   1.100000000E+00  -1.071113E-01   1.109640017E+00
   149   16930.863026   4.732608E-15   7.863480E+00    1.23456E+09   1.100000000E+00  -1.071113E-01   1.109640017E+00
   150   16930.863026   4.723580E-15   7.847153E+00    6.17794E+08   1.100000000E+00  -1.071113E-01   1.109640017E+00
