       6     135      36      50

     EOS file :  Prof_BSk25_1.0.dat                                          

  step        radius       baryon#       density        pressure       encl. mass            phi     encl. bar. mass 
                (m)        (#/fm3)       (g/cm3)        (dyn/cm2)      (sol. mass)                     (sol. mass)   

     0       0.000000   3.405585E-01   5.968513E+14    4.88823E+34   0.000000000E+00  -2.813009E-01   0.000000000E+00
     1     100.000001   3.405408E-01   5.968176E+14    4.88740E+34   1.256877792E-06  -2.812867E-01   1.201080983E-06
     2     116.664995   3.405355E-01   5.968074E+14    4.88715E+34   1.995787108E-06  -2.812825E-01   1.907196155E-06
     3     136.106852   3.405283E-01   5.967935E+14    4.88681E+34   3.169048520E-06  -2.812766E-01   3.028396925E-06
     4     158.787914   3.405184E-01   5.967746E+14    4.88634E+34   5.031929773E-06  -2.812687E-01   4.808640753E-06
     5     185.247334   3.405050E-01   5.967490E+14    4.88571E+34   7.989652844E-06  -2.812579E-01   7.635209840E-06
     6     216.113719   3.404867E-01   5.967140E+14    4.88485E+34   1.268540625E-05  -2.812432E-01   1.212284938E-05
     7     252.119800   3.404618E-01   5.966665E+14    4.88368E+34   2.013992524E-05  -2.812231E-01   1.924722350E-05
     8     294.119403   3.404280E-01   5.966018E+14    4.88208E+34   3.197275105E-05  -2.811959E-01   3.055650907E-05
     9     343.107029   3.403819E-01   5.965137E+14    4.87991E+34   5.075274302E-05  -2.811589E-01   4.850668794E-05
    10     400.240336   3.403193E-01   5.963939E+14    4.87696E+34   8.055286756E-05  -2.811084E-01   7.699244437E-05
    11     466.865819   3.402340E-01   5.962309E+14    4.87294E+34   1.278272772E-04  -2.810399E-01   1.221869012E-04
    12     544.547870   3.401181E-01   5.960092E+14    4.86749E+34   2.027956663E-04  -2.809466E-01   1.938679573E-04
    13     635.101289   3.399604E-01   5.957077E+14    4.86007E+34   3.216234716E-04  -2.808199E-01   3.075091046E-04
    14     740.626988   3.397460E-01   5.952978E+14    4.85001E+34   5.098450561E-04  -2.806476E-01   4.875665472E-04
    15     863.550171   3.394546E-01   5.947408E+14    4.83635E+34   8.077162213E-04  -2.804137E-01   7.726281568E-04
    16    1006.659388   3.390589E-01   5.939844E+14    4.81784E+34   1.278535601E-03  -2.800964E-01   1.223438124E-03
    17    1173.143553   3.385219E-01   5.929580E+14    4.79280E+34   2.021479432E-03  -2.796663E-01   1.935316219E-03
    18    1366.621814   3.377939E-01   5.915667E+14    4.75900E+34   3.191179842E-03  -2.790844E-01   3.057192191E-03
    19    1591.157899   3.368083E-01   5.896836E+14    4.71351E+34   5.027128047E-03  -2.782986E-01   4.820383030E-03
    20    1851.245574   3.354777E-01   5.871435E+14    4.65253E+34   7.896863825E-03  -2.772406E-01   7.581264802E-03
    21    2151.743133   3.336966E-01   5.837549E+14    4.57121E+34   1.235750431E-02  -2.758215E-01   1.188285206E-02
    22    2497.716404   3.313045E-01   5.792066E+14    4.46357E+34   1.923858278E-02  -2.739281E-01   1.853952437E-02
    23    2894.196566   3.281141E-01   5.731509E+14    4.32247E+34   2.974613249E-02  -2.714196E-01   2.874712306E-02
    24    3345.710637   3.238986E-01   5.651763E+14    4.13989E+34   4.557556765E-02  -2.681273E-01   4.420955971E-02
    25    3855.576209   3.183767E-01   5.547698E+14    3.90769E+34   6.899547765E-02  -2.638606E-01   6.725078613E-02
    26    4424.906327   3.112306E-01   5.413650E+14    3.61902E+34   1.028319144E-01  -2.584231E-01   1.008459045E-01
    27    5051.287623   3.021393E-01   5.244183E+14    3.27056E+34   1.502282492E-01  -2.516445E-01   1.484454383E-01
    28    5727.195203   2.908025E-01   5.034429E+14    2.86552E+34   2.140273650E-01  -2.434327E-01   2.134155792E-01
    29    6438.540290   2.770225E-01   4.781771E+14    2.41649E+34   2.957025692E-01  -2.338418E-01   2.979569447E-01
    30    7163.852380   2.607669E-01   4.486772E+14    1.94672E+34   3.939851672E-01  -2.231404E-01   4.015610802E-01
    31    7875.056977   2.422410E-01   4.154344E+14    1.48785E+34   5.038022850E-01  -2.118433E-01   5.195730963E-01
    32    8540.572524   2.218960E-01   3.793462E+14    1.07341E+34   6.164221038E-01  -2.006636E-01   6.429081774E-01
    33    9130.845629   2.003830E-01   3.416085E+14    7.29635E+33   7.214495839E-01  -1.903656E-01   7.599148304E-01
    34    9624.831018   1.784279E-01   3.034746E+14    4.68389E+33   8.100811290E-01  -1.815631E-01   8.600600737E-01
    35   10014.731016   1.567169E-01   2.660673E+14    2.85892E+33   8.778445423E-01  -1.745623E-01   9.374393613E-01
    36   10306.396308   1.358888E-01   2.303963E+14    1.67576E+33   9.251781352E-01  -1.693349E-01   9.918780296E-01
    37   10515.112101   1.166840E-01   1.976396E+14    9.53228E+32   9.558446482E-01  -1.656206E-01   1.027304284E+00
    38   10659.316712   9.935854E-02   1.681645E+14    5.30933E+32   9.745935869E-01  -1.630775E-01   1.049018453E+00
    39   10756.508647   7.232086E-02   1.222590E+14    3.00084E+32   9.851834726E-01  -1.613785E-01   1.061301953E+00
    40   10833.573674   3.906381E-02   6.584440E+13    2.02855E+32   9.897575285E-01  -1.600448E-01   1.066621900E+00
    41   10931.771974   2.757370E-02   4.642968E+13    1.18354E+32   9.938577416E-01  -1.583692E-01   1.071394092E+00
    42   11014.739076   1.941732E-02   3.266291E+13    6.88673E+31   9.963394678E-01  -1.569757E-01   1.074282813E+00
    43   11084.594427   1.361380E-02   2.288100E+13    4.00429E+31   9.978268410E-01  -1.558187E-01   1.076014130E+00
    44   11143.452552   9.536321E-03   1.601421E+13    2.32511E+31   9.987147467E-01  -1.548559E-01   1.077047667E+00
    45   11192.904816   6.611994E-03   1.109934E+13    1.35226E+31   9.992399581E-01  -1.540555E-01   1.077658970E+00
    46   11234.843545   4.478640E-03   7.514761E+12    7.90059E+30   9.995488639E-01  -1.533829E-01   1.078018389E+00
    47   11271.359265   2.820669E-03   4.730340E+12    4.68152E+30   9.997284210E-01  -1.528020E-01   1.078227298E+00
    48   11305.998378   1.715778E-03   2.876028E+12    2.84588E+30   9.998322123E-01  -1.522548E-01   1.078348052E+00
    49   11340.882419   9.391977E-04   1.572963E+12    1.78082E+30   9.998932268E-01  -1.517078E-01   1.078419044E+00
    50   11381.078368   5.253241E-04   8.789849E+11    1.11822E+30   9.999317248E-01  -1.510822E-01   1.078463856E+00
    51   11426.616032   2.361345E-04   3.945603E+11    7.01834E+29   9.999563046E-01  -1.503798E-01   1.078492468E+00
    52   11490.852024   1.507081E-04   2.516604E+11    4.23108E+29   9.999731002E-01  -1.494001E-01   1.078512029E+00
    53   11552.378081   9.970484E-05   1.664235E+11    2.51356E+29   9.999837016E-01  -1.484736E-01   1.078524369E+00
    54   11608.356649   6.467796E-05   1.078135E+11    1.49856E+29   9.999901081E-01  -1.476407E-01   1.078531827E+00
    55   11660.467606   4.267443E-05   7.111242E+10    8.90342E+28   9.999940263E-01  -1.468737E-01   1.078536389E+00
    56   11707.909374   2.811416E-05   4.681960E+10    5.24669E+28   9.999964266E-01  -1.461824E-01   1.078539183E+00
    57   11750.783691   1.861998E-05   3.100195E+10    3.11461E+28   9.999978501E-01  -1.455633E-01   1.078540839E+00
    58   11789.556175   1.220191E-05   2.030268E+10    1.83770E+28   9.999987157E-01  -1.450079E-01   1.078541847E+00
    59   11824.762574   7.906921E-06   1.315214E+10    1.08834E+28   9.999992307E-01  -1.445073E-01   1.078542446E+00
    60   11857.176262   5.293627E-06   8.803167E+09    6.40499E+27   9.999995423E-01  -1.440494E-01   1.078542808E+00
    61   11885.861937   3.537616E-06   5.880583E+09    3.76324E+27   9.999997283E-01  -1.436467E-01   1.078543025E+00
    62   11911.237646   2.345567E-06   3.897112E+09    2.22016E+27   9.999998380E-01  -1.432923E-01   1.078543152E+00
    63   11933.942124   1.575049E-06   2.616611E+09    1.30296E+27   9.999999038E-01  -1.429767E-01   1.078543229E+00
    64   11953.877506   1.058183E-06   1.757423E+09    7.64438E+26   9.999999427E-01  -1.427008E-01   1.078543274E+00
    65   11971.360636   6.888874E-07   1.144060E+09    4.49990E+26   9.999999656E-01  -1.424596E-01   1.078543301E+00
    66   11987.224386   4.554696E-07   7.561434E+08    2.67133E+26   9.999999790E-01  -1.422415E-01   1.078543316E+00
    67   12001.517759   3.064006E-07   5.086036E+08    1.56582E+26   9.999999871E-01  -1.420456E-01   1.078543326E+00
    68   12014.008892   2.062852E-07   3.424893E+08    9.17311E+25   9.999999919E-01  -1.418749E-01   1.078543331E+00
    69   12024.902683   1.360007E-07   2.257159E+08    5.43739E+25   9.999999947E-01  -1.417263E-01   1.078543335E+00
    70   12034.721678   9.179882E-08   1.523453E+08    3.18218E+25   9.999999964E-01  -1.415926E-01   1.078543337E+00
    71   12043.252189   6.209835E-08   1.030388E+08    1.86146E+25   9.999999974E-01  -1.414767E-01   1.078543338E+00
    72   12050.642492   4.204726E-08   6.975287E+07    1.08806E+25   9.999999979E-01  -1.413764E-01   1.078543338E+00
    73   12057.032927   2.857399E-08   4.740623E+07    6.35180E+24   9.999999983E-01  -1.412898E-01   1.078543339E+00
    74   12062.528951   1.943469E-08   3.224771E+07    3.70612E+24   9.999999985E-01  -1.412154E-01   1.078543339E+00
    75   12067.248245   1.328990E-08   2.204944E+07    2.15815E+24   9.999999986E-01  -1.411516E-01   1.078543339E+00
    76   12071.271185   9.104154E-09   1.510316E+07    1.25642E+24   9.999999987E-01  -1.410973E-01   1.078543339E+00
    77   12074.693108   6.265200E-09   1.039224E+07    7.29909E+23   9.999999987E-01  -1.410511E-01   1.078543339E+00
    78   12077.584160   4.235975E-09   7.025819E+06    4.24857E+23   9.999999987E-01  -1.410121E-01   1.078543339E+00
    79   12080.074671   2.928099E-09   4.856413E+06    2.46989E+23   9.999999987E-01  -1.409785E-01   1.078543339E+00
    80   12082.170318   2.036819E-09   3.378044E+06    1.42912E+23   9.999999988E-01  -1.409502E-01   1.078543339E+00
    81   12083.914284   1.421727E-09   2.357900E+06    8.26560E+22   9.999999988E-01  -1.409267E-01   1.078543339E+00
    82   12085.359836   9.988451E-10   1.656667E+06    4.76494E+22   9.999999988E-01  -1.409073E-01   1.078543339E+00
    83   12086.546235   7.017394E-10   1.163968E+06    2.74685E+22   9.999999988E-01  -1.408913E-01   1.078543339E+00
    84   12087.519887   4.962276E-10   8.230651E+05    1.58110E+22   9.999999988E-01  -1.408782E-01   1.078543339E+00
    85   12088.312606   3.516978E-10   5.833018E+05    9.08555E+21   9.999999988E-01  -1.408675E-01   1.078543339E+00
    86   12088.955471   2.492906E-10   4.134279E+05    5.22065E+21   9.999999988E-01  -1.408588E-01   1.078543339E+00
    87   12089.476715   1.779407E-10   2.950712E+05    2.99213E+21   9.999999988E-01  -1.408518E-01   1.078543339E+00
    88   12089.895331   1.270115E-10   2.105970E+05    1.71488E+21   9.999999988E-01  -1.408462E-01   1.078543339E+00
    89   12090.231516   9.083869E-11   1.506122E+05    9.82607E+20   9.999999988E-01  -1.408417E-01   1.078543339E+00
    90   12090.500884   6.523702E-11   1.081730E+05    5.61850E+20   9.999999988E-01  -1.408380E-01   1.078543339E+00
    91   12090.715346   4.685074E-11   7.769214E+04    3.21262E+20   9.999999988E-01  -1.408352E-01   1.078543339E+00
    92   12090.886092   3.375513E-11   5.597862E+04    1.83643E+20   9.999999988E-01  -1.408329E-01   1.078543339E+00
    93   12091.021559   2.437727E-11   4.042735E+04    1.04791E+20   9.999999988E-01  -1.408310E-01   1.078543339E+00
    94   12091.128598   1.760475E-11   2.919631E+04    5.97962E+19   9.999999988E-01  -1.408296E-01   1.078543339E+00
    95   12091.213174   1.277692E-11   2.118985E+04    3.40839E+19   9.999999988E-01  -1.408285E-01   1.078543339E+00
    96   12091.279599   9.290906E-12   1.540853E+04    1.93995E+19   9.999999988E-01  -1.408276E-01   1.078543339E+00
    97   12091.331592   6.756002E-12   1.120455E+04    1.10416E+19   9.999999988E-01  -1.408269E-01   1.078543339E+00
    98   12091.372289   4.921854E-12   8.163238E+03    6.28112E+18   9.999999988E-01  -1.408263E-01   1.078543339E+00
    99   12091.404065   3.587177E-12   5.950094E+03    3.57186E+18   9.999999988E-01  -1.408259E-01   1.078543339E+00
   100   12091.428856   2.614429E-12   4.336957E+03    2.03120E+18   9.999999988E-01  -1.408256E-01   1.078543339E+00
   101   12091.448198   1.905464E-12   3.161159E+03    1.15507E+18   9.999999988E-01  -1.408253E-01   1.078543339E+00
   102   12091.463288   1.388752E-12   2.304132E+03    6.56852E+17   9.999999988E-01  -1.408251E-01   1.078543339E+00
   103   12091.475061   1.012158E-12   1.679455E+03    3.73530E+17   9.999999988E-01  -1.408249E-01   1.078543339E+00
   104   12091.484247   7.376872E-13   1.224136E+03    2.12414E+17   9.999999988E-01  -1.408248E-01   1.078543339E+00
   105   12091.491413   5.534889E-13   9.192076E+02    1.19732E+17   9.999999988E-01  -1.408247E-01   1.078543339E+00
   106   12091.496792   4.177547E-13   6.944674E+02    6.71749E+16   9.999999988E-01  -1.408247E-01   1.078543339E+00
   107   12091.500787   3.153072E-13   5.246746E+02    3.76881E+16   9.999999988E-01  -1.408246E-01   1.078543339E+00
   108   12091.503753   2.379832E-13   3.963951E+02    2.11447E+16   9.999999988E-01  -1.408246E-01   1.078543339E+00
   109   12091.505956   1.796217E-13   2.994791E+02    1.18631E+16   9.999999988E-01  -1.408245E-01   1.078543339E+00
   110   12091.507592   1.355724E-13   2.262584E+02    6.65575E+15   9.999999988E-01  -1.408245E-01   1.078543339E+00
   111   12091.508807   1.044121E-13   1.741451E+02    3.71456E+15   9.999999988E-01  -1.408245E-01   1.078543339E+00
   112   12091.509688   8.083377E-14   1.346690E+02    2.06555E+15   9.999999988E-01  -1.408245E-01   1.078543339E+00
   113   12091.510322   6.257990E-14   1.041415E+02    1.14859E+15   9.999999988E-01  -1.408245E-01   1.078543339E+00
   114   12091.510777   4.844812E-14   8.053416E+01    6.38693E+14   9.999999988E-01  -1.408245E-01   1.078543339E+00
   115   12091.511105   3.750757E-14   6.227825E+01    3.55157E+14   9.999999988E-01  -1.408245E-01   1.078543339E+00
   116   12091.511340   2.903762E-14   4.816069E+01    1.97492E+14   9.999999988E-01  -1.408245E-01   1.078543339E+00
   117   12091.511509   2.275763E-14   3.772805E+01    1.09431E+14   9.999999988E-01  -1.408245E-01   1.078543339E+00
   118   12091.511629   1.789869E-14   2.966632E+01    6.04600E+13   9.999999988E-01  -1.408245E-01   1.078543339E+00
   119   12091.511713   1.407717E-14   2.332722E+01    3.34038E+13   9.999999988E-01  -1.408245E-01   1.078543339E+00
   120   12091.511773   1.107158E-14   1.834266E+01    1.84554E+13   9.999999988E-01  -1.408244E-01   1.078543339E+00
   121   12091.511814   9.450704E-15   1.565943E+01    1.00979E+13   9.999999988E-01  -1.408244E-01   1.078543339E+00
   122   12091.511841   8.612657E-15   1.427759E+01    5.25468E+12   9.999999988E-01  -1.408244E-01   1.078543339E+00
   123   12091.511856   7.848925E-15   1.301769E+01    2.73439E+12   9.999999988E-01  -1.408244E-01   1.078543339E+00
   124   12091.511865   7.152917E-15   1.186897E+01    1.42290E+12   9.999999988E-01  -1.408244E-01   1.078543339E+00
   125   12091.511870   6.518460E-15   1.081794E+01    7.40512E+11   9.999999988E-01  -1.408244E-01   1.078543339E+00
   126   12091.511872   5.940272E-15   9.858960E+00    3.85414E+11   9.999999988E-01  -1.408244E-01   1.078543339E+00
   127   12091.511874   5.413370E-15   8.984988E+00    2.00596E+11   9.999999988E-01  -1.408244E-01   1.078543339E+00
   128   12091.511875   4.933204E-15   8.188492E+00    1.04404E+11   9.999999988E-01  -1.408244E-01   1.078543339E+00
   129   12091.511875   4.867027E-15   8.078376E+00    5.26010E+10   9.999999988E-01  -1.408244E-01   1.078543339E+00
   130   12091.511876   4.822050E-15   8.003412E+00    2.64092E+10   9.999999988E-01  -1.408244E-01   1.078543339E+00
   131   12091.511876   4.777487E-15   7.929144E+00    1.32591E+10   9.999999988E-01  -1.408244E-01   1.078543339E+00
   132   12091.511876   4.754543E-15   7.892728E+00    6.65103E+09   9.999999988E-01  -1.408244E-01   1.078543339E+00
   133   12091.511876   4.745511E-15   7.880688E+00    3.32776E+09   9.999999988E-01  -1.408244E-01   1.078543339E+00
   134   12091.511876   4.736497E-15   7.868667E+00    1.66501E+09   9.999999988E-01  -1.408244E-01   1.078543339E+00
   135   12091.511876   4.727484E-15   7.854965E+00    8.33098E+08   9.999999988E-01  -1.408244E-01   1.078543339E+00
