       6     156      55      71

     EOS file :  /Users/jkopp/cernbox/ns-muons/packages/nscool/EOS/nl3wr_test

  step        radius       baryon#       density        pressure       encl. mass            phi     encl. bar. mass 
                (m)        (#/fm3)       (g/cm3)        (dyn/cm2)      (sol. mass)                     (sol. mass)   

     0       0.000000   6.174177E+00   7.429929E+16    6.78642E+37   0.000000000E+00  -3.156176E+00   0.000000000E+00
     1      10.000000   6.173874E+00   7.429265E+16    6.78575E+37   1.564615843E-07  -3.156126E+00   2.177552010E-08
     2      11.666594   6.173770E+00   7.429040E+16    6.78552E+37   2.484474196E-07  -3.156109E+00   3.457801747E-08
     3      13.610932   6.173630E+00   7.428733E+16    6.78521E+37   3.945087369E-07  -3.156086E+00   5.490721708E-08
     4      15.879287   6.173438E+00   7.428315E+16    6.78479E+37   6.264297195E-07  -3.156055E+00   8.718773744E-08
     5      18.525635   6.173178E+00   7.427747E+16    6.78421E+37   9.946706337E-07  -3.156012E+00   1.384447758E-07
     6      21.612931   6.172824E+00   7.426973E+16    6.78343E+37   1.579334933E-06  -3.155954E+00   2.198320688E-07
     7      25.214601   6.172341E+00   7.425920E+16    6.78236E+37   2.507568666E-06  -3.155875E+00   3.490569803E-07
     8      29.416269   6.171685E+00   7.424488E+16    6.78091E+37   3.981155666E-06  -3.155767E+00   5.542287356E-07
     9      34.317768   6.170792E+00   7.422539E+16    6.77894E+37   6.320263355E-06  -3.155620E+00   8.799634095E-07
    10      40.035473   6.169577E+00   7.419887E+16    6.77625E+37   1.003274906E-05  -3.155421E+00   1.397065761E-06
    11      46.705002   6.167924E+00   7.416282E+16    6.77260E+37   1.592386997E-05  -3.155149E+00   2.217876305E-06
    12      54.484330   6.165676E+00   7.411379E+16    6.76763E+37   2.526975311E-05  -3.154780E+00   3.520582964E-06
    13      63.557375   6.162620E+00   7.404717E+16    6.76089E+37   4.009125465E-05  -3.154278E+00   5.587700069E-06
    14      74.138093   6.158468E+00   7.395666E+16    6.75172E+37   6.358538988E-05  -3.153595E+00   8.866898170E-06
    15      86.475130   6.152827E+00   7.383382E+16    6.73929E+37   1.008030305E-04  -3.152666E+00   1.406701172E-05
    16     100.857042   6.145171E+00   7.366724E+16    6.72243E+37   1.597092395E-04  -3.151405E+00   2.230923448E-05
    17     117.618064   6.134792E+00   7.344165E+16    6.69961E+37   2.528333201E-04  -3.149693E+00   3.536451324E-05
    18     137.144345   6.120739E+00   7.313673E+16    6.66877E+37   3.998175313E-04  -3.147371E+00   5.602476460E-05
    19     159.880454   6.101748E+00   7.272556E+16    6.62720E+37   6.313137899E-04  -3.144225E+00   8.868014006E-05
    20     186.335805   6.076149E+00   7.217298E+16    6.57138E+37   9.948574331E-04  -3.139970E+00   1.402099528E-04
    21     217.090413   6.041761E+00   7.143364E+16    6.49677E+37   1.563547798E-03  -3.134230E+00   2.213436352E-04
    22     252.799037   5.995776E+00   7.045032E+16    6.39767E+37   2.448523958E-03  -3.126507E+00   3.487108178E-04
    23     294.192383   5.934657E+00   6.915284E+16    6.26714E+37   3.816189997E-03  -3.116159E+00   5.478711749E-04
    24     342.073585   5.854070E+00   6.745867E+16    6.09711E+37   5.910623490E-03  -3.102367E+00   8.576773895E-04
    25     397.307845   5.748925E+00   6.527660E+16    5.87879E+37   9.080119362E-03  -3.084112E+00   1.336338301E-03
    26     460.803309   5.613579E+00   6.251527E+16    5.60365E+37   1.380381383E-02  -3.060167E+00   2.069442084E-03
    27     533.482384   5.442317E+00   5.909817E+16    5.26501E+37   2.070955740E-02  -3.029110E+00   3.179871778E-03
    28     616.245485   5.230168E+00   5.498519E+16    4.86024E+37   3.056868226E-02  -2.989394E+00   4.838914852E-03
    29     709.933989   4.974031E+00   5.019759E+16    4.39323E+37   4.425053861E-02  -2.939463E+00   7.276980348E-03
    30     815.305199   4.673941E+00   4.483871E+16    3.87626E+37   6.262568142E-02  -2.877932E+00   1.079152753E-02
    31     933.037002   4.334070E+00   3.909936E+16    3.33003E+37   8.642621086E-02  -2.803798E+00   1.574977070E-02
    32    1063.779747   3.963001E+00   3.323899E+16    2.78127E+37   1.161007960E-01  -2.716641E+00   2.258521633E-02
    33    1208.265051   3.572956E+00   2.754320E+16    2.25796E+37   1.517223269E-01  -2.616744E+00   3.179022146E-02
    34    1367.467550   3.178058E+00   2.227064E+16    1.78394E+37   1.929963704E-01  -2.505097E+00   4.391040524E-02
    35    1542.802840   2.792157E+00   1.760896E+16    1.37489E+37   2.393764904E-01  -2.383275E+00   5.954897609E-02
    36    1736.340478   2.426930E+00   1.365461E+16    1.03700E+37   2.902447116E-01  -2.253223E+00   7.938869712E-02
    37    1951.016647   2.090746E+00   1.041832E+16    7.68241E+36   3.450949928E-01  -2.117025E+00   1.042370594E-01
    38    2190.842178   1.788477E+00   7.854945E+15    5.61063E+36   4.036838072E-01  -1.976702E+00   1.351018224E-01
    39    2460.926869   1.522713E+00   5.899242E+15    4.05130E+36   4.662611951E-01  -1.834137E+00   1.732670316E-01
    40    2766.629442   1.293256E+00   4.436019E+15    2.89983E+36   5.334475208E-01  -1.691359E+00   2.203100542E-01
    41    3113.545284   1.097904E+00   3.354670E+15    2.06149E+36   6.061664481E-01  -1.550259E+00   2.781640597E-01
    42    3506.928810   9.332767E-01   2.561629E+15    1.45714E+36   6.855863728E-01  -1.412587E+00   3.491360992E-01
    43    3950.712850   7.954181E-01   1.982059E+15    1.02444E+36   7.729671923E-01  -1.279981E+00   4.357286514E-01
    44    4446.260411   6.807294E-01   1.558590E+15    7.15993E+35   8.694811904E-01  -1.153984E+00   5.404357829E-01
    45    4990.880108   5.857581E-01   1.248188E+15    4.96768E+35   9.758494365E-01  -1.036058E+00   6.651635312E-01
    46    5576.493463   5.071774E-01   1.019061E+15    3.41350E+35   1.091891286E+00  -9.275593E-01   8.104428540E-01
    47    6188.817474   4.420956E-01   8.479635E+14    2.31537E+35   1.215959770E+00  -8.297041E-01   9.743755083E-01
    48    6807.524961   3.879273E-01   7.180543E+14    1.54384E+35   1.344487052E+00  -7.435024E-01   1.151798477E+00
    49    7407.672365   3.422002E-01   6.168898E+14    1.00729E+35   1.471825133E+00  -6.696809E-01   1.333778836E+00
    50    7962.969078   3.026989E-01   5.352996E+14    6.40256E+34   1.590899402E+00  -6.085389E-01   1.508564771E+00
    51    8450.385586   2.677225E-01   4.669351E+14    3.95129E+34   1.694734567E+00  -5.598004E-01   1.664030407E+00
    52    8854.676668   2.359659E-01   4.074797E+14    2.36554E+34   1.778372166E+00  -5.225482E-01   1.790986783E+00
    53    9171.543287   2.065288E-01   3.541265E+14    1.37711E+34   1.840371454E+00  -4.952570E-01   1.885915325E+00
    54    9407.499278   1.792060E-01   3.057294E+14    7.82692E+33   1.882917870E+00  -4.760024E-01   1.951370854E+00
    55    9575.788190   1.536705E-01   2.612217E+14    4.37417E+33   1.910149998E+00  -4.628315E-01   1.993355378E+00
    56    9692.435806   1.293988E-01   2.193791E+14    2.42103E+33   1.926661323E+00  -4.539846E-01   2.018826867E+00
    57    9772.506231   1.061482E-01   1.795922E+14    1.33894E+33   1.936266203E+00  -4.480511E-01   2.033642616E+00
    58    9828.146193   8.412900E-02   1.422107E+14    7.45553E+32   1.941717196E+00  -4.439981E-01   2.042047165E+00
    59    9868.050137   6.166742E-02   1.041376E+14    4.22535E+32   1.944758281E+00  -4.411286E-01   2.046729122E+00
    60    9899.367760   4.395309E-02   7.411119E+13    2.43449E+32   1.946475869E+00  -4.388995E-01   2.049373016E+00
    61    9925.002594   3.087358E-02   5.200339E+13    1.40967E+32   1.947473772E+00  -4.370905E-01   2.050908663E+00
    62    9946.348959   2.167686E-02   3.647461E+13    8.15716E+31   1.948059545E+00  -4.355952E-01   2.051809787E+00
    63    9964.094257   1.516596E-02   2.549636E+13    4.72205E+31   1.948401973E+00  -4.343599E-01   2.052336444E+00
    64    9978.883251   1.060225E-02   1.780874E+13    2.73348E+31   1.948601995E+00  -4.333358E-01   2.052644023E+00
    65    9991.204857   7.360072E-03   1.235602E+13    1.58290E+31   1.948718601E+00  -4.324864E-01   2.052823321E+00
    66   10001.534202   5.023943E-03   8.431094E+12    9.20645E+30   1.948786141E+00  -4.317769E-01   2.052927128E+00
    67   10010.371127   3.267017E-03   5.479655E+12    5.42337E+30   1.948824926E+00  -4.311720E-01   2.052986732E+00
    68   10018.405366   1.984879E-03   3.327570E+12    3.29285E+30   1.948846869E+00  -4.306235E-01   2.053020450E+00
    69   10026.459955   1.112509E-03   1.863691E+12    2.02052E+30   1.948860028E+00  -4.300751E-01   2.053040672E+00
    70   10035.307315   6.059030E-04   1.013883E+12    1.27221E+30   1.948867801E+00  -4.294744E-01   2.053052621E+00
    71   10045.575683   3.593170E-04   6.010543E+11    7.81383E+29   1.948872925E+00  -4.287794E-01   2.053060498E+00
    72   10056.250227   1.817405E-04   3.036016E+11    5.29495E+29   1.948875568E+00  -4.280595E-01   2.053064563E+00
    73   10070.614714   1.183614E-04   1.976139E+11    3.14564E+29   1.948877838E+00  -4.270948E-01   2.053068055E+00
    74   10083.790455   7.728389E-05   1.289105E+11    1.85716E+29   1.948879209E+00  -4.262139E-01   2.053070163E+00
    75   10095.769397   5.012405E-05   8.353351E+10    1.10323E+29   1.948880017E+00  -4.254164E-01   2.053071405E+00
    76   10106.796014   3.361783E-05   5.600732E+10    6.47649E+28   1.948880509E+00  -4.246851E-01   2.053072161E+00
    77   10116.487627   2.185409E-05   3.638956E+10    3.85646E+28   1.948880793E+00  -4.240446E-01   2.053072597E+00
    78   10125.399066   1.452846E-05   2.417684E+10    2.26565E+28   1.948880966E+00  -4.234574E-01   2.053072864E+00
    79   10133.303380   9.487506E-06   1.577968E+10    1.34380E+28   1.948881067E+00  -4.229379E-01   2.053073019E+00
    80   10140.505780   6.246005E-06   1.039098E+10    7.98943E+27   1.948881127E+00  -4.224658E-01   2.053073111E+00
    81   10147.024563   4.190777E-06   6.967356E+09    4.68756E+27   1.948881163E+00  -4.220395E-01   2.053073167E+00
    82   10152.741470   2.775729E-06   4.612628E+09    2.76048E+27   1.948881185E+00  -4.216664E-01   2.053073200E+00
    83   10157.836743   1.856148E-06   3.083744E+09    1.62320E+27   1.948881197E+00  -4.213344E-01   2.053073219E+00
    84   10162.326096   1.246104E-06   2.069782E+09    9.51774E+26   1.948881205E+00  -4.210423E-01   2.053073231E+00
    85   10166.254073   8.368248E-07   1.390044E+09    5.57949E+26   1.948881209E+00  -4.207872E-01   2.053073237E+00
    86   10169.687372   5.381421E-07   8.934427E+08    3.34406E+26   1.948881212E+00  -4.205644E-01   2.053073241E+00
    87   10172.892554   3.618377E-07   6.006480E+08    1.95926E+26   1.948881213E+00  -4.203567E-01   2.053073244E+00
    88   10175.688927   2.434700E-07   4.041914E+08    1.14762E+26   1.948881214E+00  -4.201756E-01   2.053073245E+00
    89   10178.125335   1.591202E-07   2.640935E+08    6.73478E+25   1.948881215E+00  -4.200180E-01   2.053073246E+00
    90   10180.315434   1.073773E-07   1.782035E+08    3.94013E+25   1.948881215E+00  -4.198764E-01   2.053073246E+00
    91   10182.215717   7.252036E-08   1.203426E+08    2.30486E+25   1.948881215E+00  -4.197536E-01   2.053073247E+00
    92   10183.862860   4.909492E-08   8.145154E+07    1.34688E+25   1.948881215E+00  -4.196473E-01   2.053073247E+00
    93   10185.285788   3.331037E-08   5.526099E+07    7.86849E+24   1.948881215E+00  -4.195554E-01   2.053073247E+00
    94   10186.511638   2.264378E-08   3.757090E+07    4.59046E+24   1.948881215E+00  -4.194763E-01   2.053073247E+00
    95   10187.563969   1.545752E-08   2.564683E+07    2.67572E+24   1.948881215E+00  -4.194085E-01   2.053073247E+00
    96   10188.462871   1.056887E-08   1.753383E+07    1.55784E+24   1.948881215E+00  -4.193505E-01   2.053073247E+00
    97   10189.228620   7.266746E-09   1.205413E+07    9.05449E+23   1.948881215E+00  -4.193012E-01   2.053073247E+00
    98   10189.876184   5.000782E-09   8.294298E+06    5.26006E+23   1.948881215E+00  -4.192595E-01   2.053073247E+00
    99   10190.423026   3.396173E-09   5.632831E+06    3.08857E+23   1.948881215E+00  -4.192242E-01   2.053073247E+00
   100   10190.895920   2.362300E-09   3.917914E+06    1.78696E+23   1.948881215E+00  -4.191938E-01   2.053073247E+00
   101   10191.289348   1.643153E-09   2.725089E+06    1.03388E+23   1.948881215E+00  -4.191685E-01   2.053073247E+00
   102   10191.616652   1.153357E-09   1.912889E+06    5.96377E+22   1.948881215E+00  -4.191474E-01   2.053073247E+00
   103   10191.885647   8.102700E-10   1.343951E+06    3.43779E+22   1.948881215E+00  -4.191301E-01   2.053073247E+00
   104   10192.106371   5.708669E-10   9.468915E+05    1.98104E+22   1.948881215E+00  -4.191158E-01   2.053073247E+00
   105   10192.286913   4.045906E-10   6.710448E+05    1.13834E+22   1.948881215E+00  -4.191042E-01   2.053073247E+00
   106   10192.433310   2.867450E-10   4.755562E+05    6.54107E+21   1.948881215E+00  -4.190948E-01   2.053073247E+00
   107   10192.552019   2.041955E-10   3.386218E+05    3.75541E+21   1.948881215E+00  -4.190872E-01   2.053073247E+00
   108   10192.647738   1.457504E-10   2.416776E+05    2.15230E+21   1.948881215E+00  -4.190810E-01   2.053073247E+00
   109   10192.724604   1.040334E-10   1.724873E+05    1.23353E+21   1.948881215E+00  -4.190761E-01   2.053073247E+00
   110   10192.786331   7.466499E-11   1.238019E+05    7.05670E+20   1.948881215E+00  -4.190721E-01   2.053073247E+00
   111   10192.835531   5.362130E-11   8.891671E+04    4.03494E+20   1.948881215E+00  -4.190689E-01   2.053073247E+00
   112   10192.874700   3.853119E-11   6.389863E+04    2.30695E+20   1.948881215E+00  -4.190664E-01   2.053073247E+00
   113   10192.905864   2.782635E-11   4.614699E+04    1.31639E+20   1.948881215E+00  -4.190644E-01   2.053073247E+00
   114   10192.930488   2.009556E-11   3.332691E+04    7.51162E+19   1.948881215E+00  -4.190628E-01   2.053073247E+00
   115   10192.949944   1.454232E-11   2.411765E+04    4.28523E+19   1.948881215E+00  -4.190616E-01   2.053073247E+00
   116   10192.965281   1.057463E-11   1.753750E+04    2.43902E+19   1.948881215E+00  -4.190606E-01   2.053073247E+00
   117   10192.977286   7.689470E-12   1.275265E+04    1.38821E+19   1.948881215E+00  -4.190598E-01   2.053073247E+00
   118   10192.986683   5.596903E-12   9.282531E+03    7.90031E+18   1.948881215E+00  -4.190592E-01   2.053073247E+00
   119   10192.994030   4.079168E-12   6.765930E+03    4.49264E+18   1.948881215E+00  -4.190587E-01   2.053073247E+00
   120   10192.999762   2.973003E-12   4.931608E+03    2.55481E+18   1.948881215E+00  -4.190583E-01   2.053073247E+00
   121   10193.004233   2.166802E-12   3.594591E+03    1.45283E+18   1.948881215E+00  -4.190581E-01   2.053073247E+00
   122   10193.007722   1.579221E-12   2.620056E+03    8.26177E+17   1.948881215E+00  -4.190578E-01   2.053073247E+00
   123   10193.010444   1.150977E-12   1.909728E+03    4.69819E+17   1.948881215E+00  -4.190577E-01   2.053073247E+00
   124   10193.012568   8.388616E-13   1.391978E+03    2.67170E+17   1.948881215E+00  -4.190575E-01   2.053073247E+00
   125   10193.014225   6.209576E-13   1.030843E+03    1.51644E+17   1.948881215E+00  -4.190574E-01   2.053073247E+00
   126   10193.015495   4.686779E-13   7.788088E+02    8.50791E+16   1.948881215E+00  -4.190573E-01   2.053073247E+00
   127   10193.016438   3.537422E-13   5.883951E+02    4.77332E+16   1.948881215E+00  -4.190573E-01   2.053073247E+00
   128   10193.017138   2.669927E-13   4.445363E+02    2.67804E+16   1.948881215E+00  -4.190572E-01   2.053073247E+00
   129   10193.017658   2.015171E-13   3.358500E+02    1.50250E+16   1.948881215E+00  -4.190572E-01   2.053073247E+00
   130   10193.018044   1.520983E-13   2.537369E+02    8.42970E+15   1.948881215E+00  -4.190572E-01   2.053073247E+00
   131   10193.018331   1.159539E-13   1.934840E+02    4.72403E+15   1.948881215E+00  -4.190571E-01   2.053073247E+00
   132   10193.018542   8.976924E-14   1.496240E+02    2.62688E+15   1.948881215E+00  -4.190571E-01   2.053073247E+00
   133   10193.018693   6.949757E-14   1.157064E+02    1.46073E+15   1.948881215E+00  -4.190571E-01   2.053073247E+00
   134   10193.018802   5.380364E-14   8.947750E+01    8.12264E+14   1.948881215E+00  -4.190571E-01   2.053073247E+00
   135   10193.018881   4.165371E-14   6.919427E+01    4.51675E+14   1.948881215E+00  -4.190571E-01   2.053073247E+00
   136   10193.018937   3.224747E-14   5.350894E+01    2.51162E+14   1.948881215E+00  -4.190571E-01   2.053073247E+00
   137   10193.018978   2.511166E-14   4.163433E+01    1.39555E+14   1.948881215E+00  -4.190571E-01   2.053073247E+00
   138   10193.019006   1.975011E-14   3.273791E+01    7.71031E+13   1.948881215E+00  -4.190571E-01   2.053073247E+00
   139   10193.019027   1.553330E-14   2.574247E+01    4.25990E+13   1.948881215E+00  -4.190571E-01   2.053073247E+00
   140   10193.019041   1.221681E-14   2.024182E+01    2.35357E+13   1.948881215E+00  -4.190571E-01   2.053073247E+00
   141   10193.019051   9.793045E-15   1.622372E+01    1.29701E+13   1.948881215E+00  -4.190571E-01   2.053073247E+00
   142   10193.019058   8.924641E-15   1.479209E+01    6.74927E+12   1.948881215E+00  -4.190571E-01   2.053073247E+00
   143   10193.019062   8.133243E-15   1.348679E+01    3.51213E+12   1.948881215E+00  -4.190571E-01   2.053073247E+00
   144   10193.019064   7.412023E-15   1.229667E+01    1.82761E+12   1.948881215E+00  -4.190571E-01   2.053073247E+00
   145   10193.019065   6.754649E-15   1.120967E+01    9.51063E+11   1.948881215E+00  -4.190571E-01   2.053073247E+00
   146   10193.019066   6.155511E-15   1.021596E+01    4.94999E+11   1.948881215E+00  -4.190571E-01   2.053073247E+00
   147   10193.019067   5.609517E-15   9.310343E+00    2.57632E+11   1.948881215E+00  -4.190571E-01   2.053073247E+00
   148   10193.019067   5.111953E-15   8.485005E+00    1.34089E+11   1.948881215E+00  -4.190571E-01   2.053073247E+00
   149   10193.019067   4.885145E-15   8.108573E+00    6.93030E+10   1.948881215E+00  -4.190571E-01   2.053073247E+00
   150   10193.019067   4.840000E-15   8.033329E+00    3.47947E+10   1.948881215E+00  -4.190571E-01   2.053073247E+00
   151   10193.019067   4.795272E-15   7.958784E+00    1.74692E+10   1.948881215E+00  -4.190571E-01   2.053073247E+00
   152   10193.019067   4.758152E-15   7.897538E+00    8.76838E+09   1.948881215E+00  -4.190571E-01   2.053073247E+00
   153   10193.019067   4.749114E-15   7.885491E+00    4.38716E+09   1.948881215E+00  -4.190571E-01   2.053073247E+00
   154   10193.019067   4.740093E-15   7.873463E+00    2.19506E+09   1.948881215E+00  -4.190571E-01   2.053073247E+00
   155   10193.019067   4.731088E-15   7.861452E+00    1.09827E+09   1.948881215E+00  -4.190571E-01   2.053073247E+00
   156   10193.019067   4.722054E-15   7.844102E+00    5.49655E+08   1.948881215E+00  -4.190571E-01   2.053073247E+00
