       6     151      48      66

     EOS file :  /Users/jkopp/cernbox/ns-muons/packages/nscool/EOS/MF_B31.dat

  step        radius       baryon#       density        pressure       encl. mass            phi     encl. bar. mass 
                (m)        (#/fm3)       (g/cm3)        (dyn/cm2)      (sol. mass)                     (sol. mass)   

     0       0.000000   2.481936E-01   4.958482E+14    4.77327E+34   0.000000000E+00  -3.492296E-01   0.000000000E+00
     1      10.000000   2.481935E-01   4.958480E+14    4.77326E+34   1.044244772E-09  -3.492295E-01   8.753690683E-10
     2      11.666665   2.481935E-01   4.958479E+14    4.77326E+34   1.658221475E-09  -3.492294E-01   1.390053252E-09
     3      13.611108   2.481935E-01   4.958478E+14    4.77326E+34   2.633193125E-09  -3.492294E-01   2.207352223E-09
     4      15.879623   2.481934E-01   4.958477E+14    4.77325E+34   4.181410666E-09  -3.492293E-01   3.505191745E-09
     5      18.526223   2.481933E-01   4.958475E+14    4.77325E+34   6.639919908E-09  -3.492292E-01   5.566110734E-09
     6      21.613921   2.481932E-01   4.958473E+14    4.77324E+34   1.054393532E-08  -3.492291E-01   8.838769212E-09
     7      25.216232   2.481931E-01   4.958470E+14    4.77324E+34   1.674335378E-08  -3.492289E-01   1.403561984E-08
     8      29.418922   2.481929E-01   4.958466E+14    4.77322E+34   2.658777169E-08  -3.492287E-01   2.228800492E-08
     9      34.322052   2.481926E-01   4.958460E+14    4.77321E+34   4.222028003E-08  -3.492284E-01   3.539244088E-08
    10      40.042356   2.481923E-01   4.958452E+14    4.77319E+34   6.704398881E-08  -3.492279E-01   5.620170061E-08
    11      46.716022   2.481918E-01   4.958442E+14    4.77316E+34   1.064628261E-07  -3.492273E-01   8.924581988E-08
    12      54.501931   2.481912E-01   4.958427E+14    4.77312E+34   1.690578469E-07  -3.492265E-01   1.417181939E-07
    13      63.585435   2.481903E-01   4.958408E+14    4.77306E+34   2.684550535E-07  -3.492254E-01   2.250413786E-07
    14      74.182768   2.481890E-01   4.958381E+14    4.77299E+34   4.262911796E-07  -3.492239E-01   3.573533446E-07
    15      86.546182   2.481874E-01   4.958345E+14    4.77289E+34   6.769227115E-07  -3.492219E-01   5.674551660E-07
    16     100.969941   2.481851E-01   4.958296E+14    4.77275E+34   1.074902490E-06  -3.492191E-01   9.010789618E-07
    17     117.797305   2.481821E-01   4.958229E+14    4.77257E+34   1.706849787E-06  -3.492154E-01   1.430839331E-06
    18     137.428666   2.481779E-01   4.958138E+14    4.77231E+34   2.710294173E-06  -3.492102E-01   2.272031929E-06
    19     160.331024   2.481722E-01   4.958013E+14    4.77197E+34   4.303587262E-06  -3.492033E-01   3.607712502E-06
    20     187.049019   2.481645E-01   4.957844E+14    4.77150E+34   6.833376350E-06  -3.491938E-01   5.728503093E-06
    21     218.217756   2.481539E-01   4.957614E+14    4.77086E+34   1.084993655E-05  -3.491808E-01   9.095763080E-06
    22     254.577695   2.481396E-01   4.957301E+14    4.76999E+34   1.722667828E-05  -3.491632E-01   1.444181661E-05
    23     296.991931   2.481201E-01   4.956875E+14    4.76881E+34   2.734966760E-05  -3.491393E-01   2.292892463E-05
    24     346.466168   2.480935E-01   4.956296E+14    4.76720E+34   4.341803116E-05  -3.491067E-01   3.640132625E-05
    25     404.171761   2.480574E-01   4.955507E+14    4.76501E+34   6.891980850E-05  -3.490624E-01   5.778460651E-05
    26     471.472178   2.480083E-01   4.954434E+14    4.76204E+34   1.093850434E-04  -3.490021E-01   9.171801225E-05
    27     549.953182   2.479414E-01   4.952974E+14    4.75799E+34   1.735761784E-04  -3.489201E-01   1.455545227E-04
    28     641.456998   2.478505E-01   4.950988E+14    4.75249E+34   2.753665399E-04  -3.488085E-01   2.309402528E-04
    29     748.120466   2.477268E-01   4.948288E+14    4.74501E+34   4.366978780E-04  -3.486569E-01   3.663038191E-04
    30     872.416904   2.475587E-01   4.944617E+14    4.73487E+34   6.922222213E-04  -3.484509E-01   5.807692244E-04
    31    1017.200761   2.473302E-01   4.939629E+14    4.72110E+34   1.096555954E-03  -3.481712E-01   9.202832558E-04
    32    1185.753124   2.470200E-01   4.932857E+14    4.70245E+34   1.735549043E-03  -3.477917E-01   1.457161272E-03
    33    1381.824556   2.465990E-01   4.923670E+14    4.67723E+34   2.743648416E-03  -3.472775E-01   2.304852594E-03
    34    1609.669113   2.460285E-01   4.911220E+14    4.64320E+34   4.330345864E-03  -3.465817E-01   3.640553610E-03
    35    1874.059481   2.452564E-01   4.894377E+14    4.59741E+34   6.819817177E-03  -3.456423E-01   5.739359410E-03
    36    2180.267261   2.442198E-01   4.871775E+14    4.53606E+34   1.070902100E-02  -3.443778E-01   9.024863055E-03
    37    2533.975655   2.428253E-01   4.841384E+14    4.45433E+34   1.674982284E-02  -3.426823E-01   1.414183104E-02
    38    2941.116221   2.409403E-01   4.800330E+14    4.34626E+34   2.605937295E-02  -3.404209E-01   2.205631365E-02
    39    3407.573884   2.383965E-01   4.744979E+14    4.20483E+34   4.025565267E-02  -3.374263E-01   3.418377614E-02
    40    3938.666984   2.350180E-01   4.671522E+14    4.02222E+34   6.160330839E-02  -3.334982E-01   5.253744274E-02
    41    4538.304173   2.306080E-01   4.575818E+14    3.79062E+34   9.311937159E-02  -3.284108E-01   7.986028937E-02
    42    5207.797775   2.247706E-01   4.449378E+14    3.50392E+34   1.384989577E-01  -3.219327E-01   1.196284823E-01
    43    5944.845440   2.172127E-01   4.286146E+14    3.15968E+34   2.018169801E-01  -3.138609E-01   1.758780589E-01
    44    6741.753726   2.075548E-01   4.078345E+14    2.76241E+34   2.866421128E-01  -3.040796E-01   2.525146813E-01
    45    7584.474648   1.954218E-01   3.818672E+14    2.32629E+34   3.946048704E-01  -2.926318E-01   3.520525688E-01
    46    8452.695427   1.803188E-01   3.497726E+14    1.87617E+34   5.236553184E-01  -2.797822E-01   4.738660042E-01
    47    9323.113712   1.607954E-01   3.087088E+14    1.44465E+34   6.668350938E-01  -2.660127E-01   6.126302955E-01
    48   10181.206694   1.348742E-01   2.550364E+14    1.06461E+34   8.129917037E-01  -2.518337E-01   7.584499831E-01
    49   11038.875787   8.988781E-02   1.646265E+14    7.82958E+33   9.394197306E-01  -2.375144E-01   8.892929802E-01
    50   12116.739307   8.797795E-02   1.590208E+14    5.17637E+33   1.087286173E+00  -2.200900E-01   1.047420551E+00
    51   12963.732002   8.588106E-02   1.529514E+14    3.25210E+33   1.218692922E+00  -2.067974E-01   1.191196842E+00
    52   13583.794550   8.359987E-02   1.464511E+14    1.93591E+33   1.322157678E+00  -1.972267E-01   1.307068313E+00
    53   14004.391787   8.117369E-02   1.396560E+14    1.09759E+33   1.394606439E+00  -1.908026E-01   1.390084890E+00
    54   14270.240753   7.636088E-02   1.290862E+14    6.01494E+32   1.440185749E+00  -1.867718E-01   1.443472254E+00
    55   14434.225215   5.538753E-02   9.348325E+13    3.53825E+32   1.463836717E+00  -1.843023E-01   1.471504821E+00
    56   14570.686067   3.953894E-02   6.664762E+13    2.06685E+32   1.478333367E+00  -1.822669E-01   1.488723367E+00
    57   14684.855847   2.792790E-02   4.702786E+13    1.20714E+32   1.487055614E+00  -1.805832E-01   1.499092692E+00
    58   14781.067065   1.967536E-02   3.309802E+13    7.02698E+31   1.492311881E+00  -1.791810E-01   1.505344553E+00
    59   14861.880739   1.379560E-02   2.318730E+13    4.08624E+31   1.495449537E+00  -1.780163E-01   1.509077431E+00
    60   14929.844236   9.663206E-03   1.622780E+13    2.37252E+31   1.497316068E+00  -1.770466E-01   1.511298355E+00
    61   14986.856179   6.701644E-03   1.124993E+13    1.37929E+31   1.498417192E+00  -1.762405E-01   1.512608557E+00
    62   15035.113800   4.542779E-03   7.622534E+12    8.05159E+30   1.499063375E+00  -1.755634E-01   1.513377205E+00
    63   15077.018289   2.868062E-03   4.809897E+12    4.76029E+30   1.499438652E+00  -1.749795E-01   1.513823594E+00
    64   15116.546467   1.744281E-03   2.923852E+12    2.89322E+30   1.499654041E+00  -1.744321E-01   1.514079792E+00
    65   15156.317849   9.573411E-04   1.603395E+12    1.80641E+30   1.499780839E+00  -1.738849E-01   1.514230628E+00
    66   15201.879999   5.338123E-04   8.931947E+11    1.13454E+30   1.499860181E+00  -1.732621E-01   1.514325050E+00
    67   15253.613923   2.396251E-04   4.003929E+11    7.12476E+29   1.499910707E+00  -1.725603E-01   1.514385183E+00
    68   15326.643073   1.526557E-04   2.549118E+11    4.29728E+29   1.499945160E+00  -1.715794E-01   1.514426205E+00
    69   15396.636879   1.010213E-04   1.686259E+11    2.55280E+29   1.499966863E+00  -1.706497E-01   1.514452034E+00
    70   15460.198549   6.549998E-05   1.091893E+11    1.52155E+29   1.499979943E+00  -1.698143E-01   1.514467602E+00
    71   15519.295991   4.315680E-05   7.191667E+10    9.03777E+28   1.499987918E+00  -1.690448E-01   1.514477095E+00
    72   15573.091039   2.848829E-05   4.744440E+10    5.32291E+28   1.499992792E+00  -1.683505E-01   1.514482896E+00
    73   15621.524800   1.883363E-05   3.135878E+10    3.16246E+28   1.499995669E+00  -1.677303E-01   1.514486318E+00
    74   15665.392092   1.234114E-05   2.053486E+10    1.86429E+28   1.499997420E+00  -1.671726E-01   1.514488402E+00
    75   15705.153750   8.000768E-06   1.330816E+10    1.10330E+28   1.499998459E+00  -1.666702E-01   1.514489638E+00
    76   15741.687386   5.350021E-06   8.897227E+09    6.49633E+27   1.499999085E+00  -1.662114E-01   1.514490382E+00
    77   15774.046499   3.576381E-06   5.945107E+09    3.81601E+27   1.499999459E+00  -1.658071E-01   1.514490827E+00
    78   15802.636256   2.369863E-06   3.937491E+09    2.25099E+27   1.499999679E+00  -1.654515E-01   1.514491088E+00
    79   15828.212096   1.591171E-06   2.643402E+09    1.32084E+27   1.499999810E+00  -1.651347E-01   1.514491245E+00
    80   15850.654883   1.068884E-06   1.775210E+09    7.74822E+26   1.499999888E+00  -1.648577E-01   1.514491338E+00
    81   15870.326717   6.983617E-07   1.159840E+09    4.55883E+26   1.499999934E+00  -1.646157E-01   1.514491392E+00
    82   15888.095440   4.604866E-07   7.644756E+08    2.71105E+26   1.499999961E+00  -1.643977E-01   1.514491424E+00
    83   15904.170555   3.097419E-07   5.141469E+08    1.58895E+26   1.499999977E+00  -1.642010E-01   1.514491443E+00
    84   15918.214016   2.085209E-07   3.461992E+08    9.30773E+25   1.499999987E+00  -1.640296E-01   1.514491454E+00
    85   15930.457497   1.373923E-07   2.280258E+08    5.51336E+25   1.499999992E+00  -1.638804E-01   1.514491461E+00
    86   15941.488877   9.273328E-08   1.538964E+08    3.22641E+25   1.499999995E+00  -1.637462E-01   1.514491465E+00
    87   15951.070134   6.272333E-08   1.040765E+08    1.88731E+25   1.499999997E+00  -1.636299E-01   1.514491467E+00
    88   15959.369756   4.246878E-08   7.045254E+07    1.10311E+25   1.499999999E+00  -1.635292E-01   1.514491469E+00
    89   15966.545046   2.885702E-08   4.787560E+07    6.43981E+24   1.499999999E+00  -1.634423E-01   1.514491469E+00
    90   15972.716023   1.962325E-08   3.256067E+07    3.75738E+24   1.500000000E+00  -1.633676E-01   1.514491470E+00
    91   15978.015060   1.341851E-08   2.226288E+07    2.18792E+24   1.500000000E+00  -1.633035E-01   1.514491470E+00
    92   15982.531617   9.190342E-09   1.524619E+07    1.27374E+24   1.500000000E+00  -1.632490E-01   1.514491470E+00
    93   15986.373787   6.324401E-09   1.049047E+07    7.39953E+23   1.500000000E+00  -1.632026E-01   1.514491470E+00
    94   15989.619585   4.280754E-09   7.100089E+06    4.30644E+23   1.500000000E+00  -1.631634E-01   1.514491470E+00
    95   15992.412014   2.955955E-09   4.902620E+06    2.50540E+23   1.500000000E+00  -1.631297E-01   1.514491471E+00
    96   15994.765768   2.056175E-09   3.410150E+06    1.44964E+23   1.500000000E+00  -1.631013E-01   1.514491471E+00
    97   15996.724414   1.434795E-09   2.379569E+06    8.38445E+22   1.500000000E+00  -1.630777E-01   1.514491471E+00
    98   15998.348377   1.008019E-09   1.671881E+06    4.83340E+22   1.500000000E+00  -1.630581E-01   1.514491471E+00
    99   15999.681149   7.081806E-10   1.174650E+06    2.78629E+22   1.500000000E+00  -1.630421E-01   1.514491471E+00
   100   16000.774890   5.006844E-10   8.304590E+05    1.60402E+22   1.500000000E+00  -1.630289E-01   1.514491471E+00
   101   16001.665651   3.548552E-10   5.885395E+05    9.21718E+21   1.500000000E+00  -1.630182E-01   1.514491471E+00
   102   16002.388008   2.514747E-10   4.170511E+05    5.29638E+21   1.500000000E+00  -1.630095E-01   1.514491471E+00
   103   16002.973832   1.794992E-10   2.976565E+05    3.03552E+21   1.500000000E+00  -1.630024E-01   1.514491471E+00
   104   16003.444305   1.281237E-10   2.124418E+05    1.73974E+21   1.500000000E+00  -1.629967E-01   1.514491471E+00
   105   16003.822132   9.161737E-11   1.519029E+05    9.96871E+20   1.500000000E+00  -1.629922E-01   1.514491471E+00
   106   16004.124926   6.579616E-11   1.090999E+05    5.70004E+20   1.500000000E+00  -1.629885E-01   1.514491471E+00
   107   16004.365998   4.725225E-11   7.835779E+04    3.25924E+20   1.500000000E+00  -1.629856E-01   1.514491471E+00
   108   16004.557928   3.403720E-11   5.644637E+04    1.86296E+20   1.500000000E+00  -1.629833E-01   1.514491471E+00
   109   16004.710225   2.458096E-11   4.076513E+04    1.06305E+20   1.500000000E+00  -1.629815E-01   1.514491471E+00
   110   16004.830561   1.775184E-11   2.944024E+04    6.06600E+19   1.500000000E+00  -1.629801E-01   1.514491471E+00
   111   16004.925644   1.288175E-11   2.136370E+04    3.45801E+19   1.500000000E+00  -1.629789E-01   1.514491471E+00
   112   16005.000340   9.367130E-12   1.553494E+04    1.96819E+19   1.500000000E+00  -1.629780E-01   1.514491471E+00
   113   16005.058807   6.811428E-12   1.129647E+04    1.12023E+19   1.500000000E+00  -1.629773E-01   1.514491471E+00
   114   16005.104571   4.961987E-12   8.229783E+03    6.37281E+18   1.500000000E+00  -1.629768E-01   1.514491471E+00
   115   16005.140306   3.616427E-12   5.998597E+03    3.62400E+18   1.500000000E+00  -1.629763E-01   1.514491471E+00
   116   16005.168187   2.635746E-12   4.372310E+03    2.06085E+18   1.500000000E+00  -1.629760E-01   1.514491471E+00
   117   16005.189939   1.921001E-12   3.186927E+03    1.17193E+18   1.500000000E+00  -1.629757E-01   1.514491471E+00
   118   16005.206909   1.400075E-12   2.322914E+03    6.66440E+17   1.500000000E+00  -1.629755E-01   1.514491471E+00
   119   16005.220149   1.020411E-12   1.693145E+03    3.78982E+17   1.500000000E+00  -1.629754E-01   1.514491471E+00
   120   16005.230479   7.437020E-13   1.234114E+03    2.15514E+17   1.500000000E+00  -1.629752E-01   1.514491471E+00
   121   16005.238538   5.575708E-13   9.259630E+02    1.21553E+17   1.500000000E+00  -1.629751E-01   1.514491471E+00
   122   16005.244596   4.208357E-13   6.995711E+02    6.81966E+16   1.500000000E+00  -1.629751E-01   1.514491471E+00
   123   16005.249095   3.176326E-13   5.285305E+02    3.82613E+16   1.500000000E+00  -1.629750E-01   1.514491471E+00
   124   16005.252436   2.397383E-13   3.993082E+02    2.14663E+16   1.500000000E+00  -1.629750E-01   1.514491471E+00
   125   16005.254917   1.809464E-13   3.016800E+02    1.20436E+16   1.500000000E+00  -1.629749E-01   1.514491471E+00
   126   16005.256759   1.365722E-13   2.279211E+02    6.75697E+15   1.500000000E+00  -1.629749E-01   1.514491471E+00
   127   16005.258128   1.051204E-13   1.753317E+02    3.77259E+15   1.500000000E+00  -1.629749E-01   1.514491471E+00
   128   16005.259121   8.138213E-14   1.355866E+02    2.09782E+15   1.500000000E+00  -1.629749E-01   1.514491471E+00
   129   16005.259835   6.300443E-14   1.048511E+02    1.16653E+15   1.500000000E+00  -1.629749E-01   1.514491471E+00
   130   16005.260348   4.877678E-14   8.108288E+01    6.48671E+14   1.500000000E+00  -1.629749E-01   1.514491471E+00
   131   16005.260717   3.776201E-14   6.270259E+01    3.60705E+14   1.500000000E+00  -1.629749E-01   1.514491471E+00
   132   16005.260983   2.923460E-14   4.848883E+01    2.00577E+14   1.500000000E+00  -1.629749E-01   1.514491471E+00
   133   16005.261174   2.290367E-14   3.797037E+01    1.11174E+14   1.500000000E+00  -1.629749E-01   1.514491471E+00
   134   16005.261309   1.801355E-14   2.985686E+01    6.14230E+13   1.500000000E+00  -1.629749E-01   1.514491471E+00
   135   16005.261404   1.416751E-14   2.347705E+01    3.39358E+13   1.500000000E+00  -1.629749E-01   1.514491471E+00
   136   16005.261470   1.114263E-14   1.846048E+01    1.87494E+13   1.500000000E+00  -1.629749E-01   1.514491471E+00
   137   16005.261517   9.471474E-15   1.569367E+01    1.02551E+13   1.500000000E+00  -1.629749E-01   1.514491471E+00
   138   16005.261547   8.631585E-15   1.430881E+01    5.33645E+12   1.500000000E+00  -1.629749E-01   1.514491471E+00
   139   16005.261565   7.866174E-15   1.304615E+01    2.77694E+12   1.500000000E+00  -1.629749E-01   1.514491471E+00
   140   16005.261574   7.168636E-15   1.189492E+01    1.44504E+12   1.500000000E+00  -1.629749E-01   1.514491471E+00
   141   16005.261580   6.532786E-15   1.084170E+01    7.52030E+11   1.500000000E+00  -1.629749E-01   1.514491471E+00
   142   16005.261583   5.953328E-15   9.880614E+00    3.91408E+11   1.500000000E+00  -1.629749E-01   1.514491471E+00
   143   16005.261585   5.425267E-15   9.004723E+00    2.03716E+11   1.500000000E+00  -1.629749E-01   1.514491471E+00
   144   16005.261586   4.944046E-15   8.206477E+00    1.06028E+11   1.500000000E+00  -1.629749E-01   1.514491471E+00
   145   16005.261587   4.868146E-15   8.080240E+00    5.35056E+10   1.500000000E+00  -1.629749E-01   1.514491471E+00
   146   16005.261587   4.823158E-15   8.005259E+00    2.68633E+10   1.500000000E+00  -1.629749E-01   1.514491471E+00
   147   16005.261587   4.778585E-15   7.930974E+00    1.34871E+10   1.500000000E+00  -1.629749E-01   1.514491471E+00
   148   16005.261587   4.754767E-15   7.893027E+00    6.76638E+09   1.500000000E+00  -1.629749E-01   1.514491471E+00
   149   16005.261587   4.745735E-15   7.880987E+00    3.38548E+09   1.500000000E+00  -1.629749E-01   1.514491471E+00
   150   16005.261587   4.736720E-15   7.868965E+00    1.69388E+09   1.500000000E+00  -1.629749E-01   1.514491471E+00
   151   16005.261587   4.727708E-15   7.855414E+00    8.47543E+08   1.500000000E+00  -1.629749E-01   1.514491471E+00
