       6     153      52      68

     EOS file :  /Users/jkopp/cernbox/ns-muons/packages/nscool/EOS/nl3wr_test

  step        radius       baryon#       density        pressure       encl. mass            phi     encl. bar. mass 
                (m)        (#/fm3)       (g/cm3)        (dyn/cm2)      (sol. mass)                     (sol. mass)   

     0       0.000000   3.409938E-01   6.143398E+14    9.94980E+34   0.000000000E+00  -4.986958E-01   0.000000000E+00
     1      10.000000   3.409937E-01   6.143396E+14    9.94979E+34   1.293785594E-09  -4.986956E-01   1.202671616E-09
     2      11.666665   3.409936E-01   6.143395E+14    9.94979E+34   2.054482989E-09  -4.986956E-01   1.909797500E-09
     3      13.611108   3.409936E-01   6.143394E+14    9.94978E+34   3.262441582E-09  -4.986955E-01   3.032686683E-09
     4      15.879624   3.409935E-01   6.143393E+14    9.94977E+34   5.180633585E-09  -4.986954E-01   4.815791967E-09
     5      18.526224   3.409934E-01   6.143391E+14    9.94977E+34   8.226648189E-09  -4.986953E-01   7.647294633E-09
     6      21.613923   3.409933E-01   6.143389E+14    9.94975E+34   1.306359954E-08  -4.986951E-01   1.214361063E-08
     7      25.216234   3.409932E-01   6.143385E+14    9.94974E+34   2.074448394E-08  -4.986949E-01   1.928358230E-08
     8      29.418926   3.409930E-01   6.143381E+14    9.94972E+34   3.294141106E-08  -4.986945E-01   3.062156778E-08
     9      34.322059   3.409927E-01   6.143374E+14    9.94969E+34   5.230960862E-08  -4.986941E-01   4.862581460E-08
    10      40.042367   3.409923E-01   6.143366E+14    9.94964E+34   8.306543562E-08  -4.986934E-01   7.721577458E-08
    11      46.716040   3.409917E-01   6.143354E+14    9.94959E+34   1.319042183E-07  -4.986926E-01   1.226153189E-07
    12      54.501959   3.409910E-01   6.143338E+14    9.94951E+34   2.094576797E-07  -4.986914E-01   1.947075665E-07
    13      63.585479   3.409899E-01   6.143317E+14    9.94941E+34   3.326081554E-07  -4.986898E-01   3.091862028E-07
    14      74.182838   3.409886E-01   6.143288E+14    9.94927E+34   5.281632023E-07  -4.986877E-01   4.909714804E-07
    15      86.546294   3.409867E-01   6.143248E+14    9.94908E+34   8.386901392E-07  -4.986847E-01   7.796342426E-07
    16     100.970119   3.409841E-01   6.143194E+14    9.94882E+34   1.331779777E-06  -4.986807E-01   1.238008074E-06
    17     117.797588   3.409806E-01   6.143120E+14    9.94846E+34   2.114754065E-06  -4.986753E-01   1.965862928E-06
    18     137.429114   3.409758E-01   6.143019E+14    9.94798E+34   3.358015193E-06  -4.986679E-01   3.121613688E-06
    19     160.331736   3.409694E-01   6.142882E+14    9.94732E+34   5.332109963E-06  -4.986578E-01   4.956782512E-06
    20     187.050150   3.409606E-01   6.142696E+14    9.94642E+34   8.466558193E-06  -4.986441E-01   7.870702044E-06
    21     218.219552   3.409486E-01   6.142443E+14    9.94521E+34   1.344320865E-05  -4.986254E-01   1.249733517E-05
    22     254.580547   3.409322E-01   6.142098E+14    9.94355E+34   2.134435213E-05  -4.986000E-01   1.984304020E-05
    23     296.996460   3.409100E-01   6.141629E+14    9.94129E+34   3.388763298E-05  -4.985654E-01   3.150511788E-05
    24     346.473358   3.408798E-01   6.140990E+14    9.93823E+34   5.379846111E-05  -4.985183E-01   5.001838302E-05
    25     404.183177   3.408387E-01   6.140121E+14    9.93405E+34   8.540005252E-05  -4.984543E-01   7.940448604E-05
    26     471.490300   3.407827E-01   6.138938E+14    9.92837E+34   1.355475096E-04  -4.983672E-01   1.260420110E-04
    27     549.981949   3.407065E-01   6.137329E+14    9.92065E+34   2.151048903E-04  -4.982487E-01   2.000434031E-04
    28     641.502655   3.406029E-01   6.135141E+14    9.91015E+34   3.412773465E-04  -4.980876E-01   3.174312252E-04
    29     748.192916   3.404621E-01   6.132164E+14    9.89589E+34   5.412856508E-04  -4.978685E-01   5.035718867E-04
    30     872.531841   3.402705E-01   6.128118E+14    9.87652E+34   8.581392719E-04  -4.975707E-01   7.985807612E-04
    31    1017.383036   3.400112E-01   6.122640E+14    9.85024E+34   1.359671314E-03  -4.971663E-01   1.265803537E-03
    32    1186.041550   3.396630E-01   6.115279E+14    9.81462E+34   2.152606768E-03  -4.966175E-01   2.005069717E-03
    33    1382.278515   3.391903E-01   6.105289E+14    9.76642E+34   3.404279211E-03  -4.958735E-01   3.173255185E-03
    34    1610.382434   3.385494E-01   6.091748E+14    9.70133E+34   5.375861751E-03  -4.948663E-01   5.015965865E-03
    35    1875.179777   3.376864E-01   6.073512E+14    9.61368E+34   8.472436535E-03  -4.935053E-01   7.915742154E-03
    36    2182.021325   3.365315E-01   6.049105E+14    9.49611E+34   1.331698814E-02  -4.916713E-01   1.246427294E-02
    37    2536.715368   3.349891E-01   6.016511E+14    9.33920E+34   2.085614371E-02  -4.892086E-01   1.956770904E-02
    38    2945.370307   3.329440E-01   5.973296E+14    9.13125E+34   3.250554487E-02  -4.859176E-01   3.059575784E-02
    39    3414.090214   3.302155E-01   5.915877E+14    8.85818E+34   5.033457502E-02  -4.815482E-01   4.758034568E-02
    40    3948.505539   3.264803E-01   5.838391E+14    8.50408E+34   7.726924661E-02  -4.757974E-01   7.345247365E-02
    41    4553.115043   3.216822E-01   5.739012E+14    8.05231E+34   1.172820955E-01  -4.683145E-01   1.123044395E-01
    42    5229.727660   3.154932E-01   5.611823E+14    7.48817E+34   1.754126643E-01  -4.587290E-01   1.695430644E-01
    43    5976.260436   3.076067E-01   5.451525E+14    6.80336E+34   2.574046749E-01  -4.466986E-01   2.517140265E-01
    44    6784.697403   2.976590E-01   5.252348E+14    6.00122E+34   3.687889462E-01  -4.319981E-01   3.658027030E-01
    45    7639.488516   2.855611E-01   5.013708E+14    5.10280E+34   5.130831493E-01  -4.146369E-01   5.175060046E-01
    46    8515.731083   2.710986E-01   4.733769E+14    4.15098E+34   6.892097056E-01  -3.950070E-01   7.083023366E-01
    47    9380.242638   2.542984E-01   4.415200E+14    3.20686E+34   8.893860379E-01  -3.739635E-01   9.323419586E-01
    48   10194.704468   2.353571E-01   4.063575E+14    2.33985E+34   1.098466603E+00  -3.527897E-01   1.174262949E+00
    49   10922.364969   2.146046E-01   3.686223E+14    1.60816E+34   1.297259906E+00  -3.329555E-01   1.411614893E+00
    50   11536.334886   1.927555E-01   3.296115E+14    1.04313E+34   1.468212097E+00  -3.157251E-01   1.621319019E+00
    51   12025.294151   1.702449E-01   2.900459E+14    6.42806E+33   1.601277301E+00  -3.018198E-01   1.788030866E+00
    52   12395.259952   1.477829E-01   2.510366E+14    3.79994E+33   1.695845241E+00  -2.912854E-01   1.908294600E+00
    53   12663.940061   1.253069E-01   2.123587E+14    2.18485E+33   1.757832631E+00  -2.836834E-01   1.987888997E+00
    54   12855.276967   1.031187E-01   1.744239E+14    1.23833E+33   1.796062760E+00  -2.783248E-01   2.037261306E+00
    55   12991.956400   8.205033E-02   1.387084E+14    7.00286E+32   1.818681328E+00  -2.745408E-01   2.066562516E+00
    56   13091.671941   5.990437E-02   1.011458E+14    4.02761E+32   1.831586365E+00  -2.718114E-01   2.083290578E+00
    57   13171.827354   4.275626E-02   7.208733E+13    2.33271E+32   1.839130469E+00  -2.696416E-01   2.093080027E+00
    58   13237.995845   3.009810E-02   5.069340E+13    1.35528E+32   1.843580320E+00  -2.678694E-01   2.098856505E+00
    59   13293.390549   2.116447E-02   3.560995E+13    7.86084E+31   1.846223140E+00  -2.664003E-01   2.102287506E+00
    60   13339.646804   1.482061E-02   2.491438E+13    4.55883E+31   1.847782566E+00  -2.651844E-01   2.104312044E+00
    61   13378.353842   1.036922E-02   1.741639E+13    2.64227E+31   1.848700935E+00  -2.641746E-01   2.105504296E+00
    62   13410.703319   7.198596E-03   1.208475E+13    1.53214E+31   1.849239471E+00  -2.633364E-01   2.106203436E+00
    63   13437.918297   4.905882E-03   8.232691E+12    8.91954E+30   1.849553278E+00  -2.626351E-01   2.106610677E+00
    64   13461.305607   3.169259E-03   5.315533E+12    5.26088E+30   1.849734209E+00  -2.620354E-01   2.106845455E+00
    65   13482.771656   1.926321E-03   3.229305E+12    3.19558E+30   1.849837137E+00  -2.614874E-01   2.106979009E+00
    66   13504.325869   1.074789E-03   1.800411E+12    1.96921E+30   1.849898704E+00  -2.609395E-01   2.107058898E+00
    67   13528.249116   5.886508E-04   9.849998E+11    1.23942E+30   1.849935623E+00  -2.603341E-01   2.107106822E+00
    68   13555.896966   3.505088E-04   5.863014E+11    7.61390E+29   1.849960018E+00  -2.596379E-01   2.107138492E+00
    69   13584.586473   1.781580E-04   2.975997E+11    5.17053E+29   1.849972601E+00  -2.589195E-01   2.107154833E+00
    70   13623.168733   1.163169E-04   1.941790E+11    3.07319E+29   1.849983530E+00  -2.579598E-01   2.107169026E+00
    71   13658.588204   7.591049E-05   1.266115E+11    1.81747E+29   1.849990158E+00  -2.570852E-01   2.107177631E+00
    72   13690.942779   4.933571E-05   8.221903E+10    1.08017E+29   1.849994096E+00  -2.562915E-01   2.107182745E+00
    73   13720.745954   3.310525E-05   5.515235E+10    6.34501E+28   1.849996502E+00  -2.555648E-01   2.107185869E+00
    74   13747.000853   2.154869E-05   3.588172E+10    3.78482E+28   1.849997898E+00  -2.549281E-01   2.107187680E+00
    75   13771.198529   1.430729E-05   2.380870E+10    2.22506E+28   1.849998756E+00  -2.543441E-01   2.107188793E+00
    76   13792.741237   9.341011E-06   1.553616E+10    1.31982E+28   1.849999257E+00  -2.538265E-01   2.107189445E+00
    77   13812.407166   6.159770E-06   1.024761E+10    7.84244E+27   1.849999556E+00  -2.533559E-01   2.107189833E+00
    78   13830.192324   4.134126E-06   6.873180E+09    4.60308E+27   1.849999738E+00  -2.529318E-01   2.107190069E+00
    79   13845.811289   2.737818E-06   4.549546E+09    2.71240E+27   1.849999845E+00  -2.525606E-01   2.107190207E+00
    80   13859.758436   1.831916E-06   3.043473E+09    1.59490E+27   1.849999909E+00  -2.522301E-01   2.107190290E+00
    81   13872.051520   1.230091E-06   2.043164E+09    9.35410E+26   1.849999946E+00  -2.519394E-01   2.107190338E+00
    82   13882.817396   8.262147E-07   1.372447E+09    5.48476E+26   1.849999968E+00  -2.516855E-01   2.107190367E+00
    83   13892.234883   5.336890E-07   8.860474E+08    3.30687E+26   1.849999981E+00  -2.514638E-01   2.107190383E+00
    84   13901.045924   3.588937E-07   5.957590E+08    1.93782E+26   1.849999989E+00  -2.512567E-01   2.107190394E+00
    85   13908.738350   2.415211E-07   4.009575E+08    1.13522E+26   1.849999993E+00  -2.510762E-01   2.107190400E+00
    86   13915.444310   1.579278E-07   2.621142E+08    6.66609E+25   1.849999996E+00  -2.509190E-01   2.107190403E+00
    87   13921.475856   1.065825E-07   1.768842E+08    3.90043E+25   1.849999998E+00  -2.507779E-01   2.107190405E+00
    88   13926.711698   7.199435E-08   1.194692E+08    2.28186E+25   1.849999999E+00  -2.506554E-01   2.107190406E+00
    89   13931.251577   4.874218E-08   8.086598E+07    1.33357E+25   1.849999999E+00  -2.505494E-01   2.107190407E+00
    90   13935.174856   3.307835E-08   5.487623E+07    7.79208E+24   1.850000000E+00  -2.504578E-01   2.107190408E+00
    91   13938.555523   2.248720E-08   3.731121E+07    4.54621E+24   1.850000000E+00  -2.503790E-01   2.107190408E+00
    92   13941.458422   1.535263E-08   2.547275E+07    2.64993E+24   1.850000000E+00  -2.503113E-01   2.107190408E+00
    93   13943.938290   1.049753E-08   1.741546E+07    1.54291E+24   1.850000000E+00  -2.502536E-01   2.107190408E+00
    94   13946.051228   7.218603E-09   1.197424E+07    8.96744E+23   1.850000000E+00  -2.502043E-01   2.107190408E+00
    95   13947.838062   4.963847E-09   8.233039E+06    5.21012E+23   1.850000000E+00  -2.501628E-01   2.107190408E+00
    96   13949.348506   3.377662E-09   5.602127E+06    3.06323E+23   1.850000000E+00  -2.501276E-01   2.107190408E+00
    97   13950.653993   2.349469E-09   3.896630E+06    1.77235E+23   1.850000000E+00  -2.500972E-01   2.107190408E+00
    98   13951.740214   1.634253E-09   2.710328E+06    1.02545E+23   1.850000000E+00  -2.500720E-01   2.107190408E+00
    99   13952.643953   1.147267E-09   1.902790E+06    5.91471E+22   1.850000000E+00  -2.500509E-01   2.107190408E+00
   100   13953.386581   8.059998E-10   1.336870E+06    3.40956E+22   1.850000000E+00  -2.500337E-01   2.107190408E+00
   101   13953.995980   5.679489E-10   9.420504E+05    1.96476E+22   1.850000000E+00  -2.500195E-01   2.107190408E+00
   102   13954.494384   4.025253E-10   6.676186E+05    1.12900E+22   1.850000000E+00  -2.500079E-01   2.107190408E+00
   103   13954.898544   2.852828E-10   4.731308E+05    6.48747E+21   1.850000000E+00  -2.499985E-01   2.107190408E+00
   104   13955.226275   2.031732E-10   3.369260E+05    3.72442E+21   1.850000000E+00  -2.499909E-01   2.107190408E+00
   105   13955.490500   1.450212E-10   2.404681E+05    2.13456E+21   1.850000000E+00  -2.499848E-01   2.107190408E+00
   106   13955.702690   1.035132E-10   1.716246E+05    1.22336E+21   1.850000000E+00  -2.499798E-01   2.107190408E+00
   107   13955.873089   7.429748E-11   1.231927E+05    6.99816E+20   1.850000000E+00  -2.499759E-01   2.107190408E+00
   108   13956.008891   5.335747E-11   8.847932E+04    4.00148E+20   1.850000000E+00  -2.499727E-01   2.107190408E+00
   109   13956.117008   3.834529E-11   6.359036E+04    2.28780E+20   1.850000000E+00  -2.499702E-01   2.107190408E+00
   110   13956.203020   2.769213E-11   4.592441E+04    1.30547E+20   1.850000000E+00  -2.499682E-01   2.107190408E+00
   111   13956.270980   1.999864E-11   3.316620E+04    7.44929E+19   1.850000000E+00  -2.499666E-01   2.107190408E+00
   112   13956.324679   1.447389E-11   2.400415E+04    4.24962E+19   1.850000000E+00  -2.499654E-01   2.107190408E+00
   113   13956.367005   1.052487E-11   1.745498E+04    2.41875E+19   1.850000000E+00  -2.499644E-01   2.107190408E+00
   114   13956.400135   7.653289E-12   1.269264E+04    1.37668E+19   1.850000000E+00  -2.499636E-01   2.107190408E+00
   115   13956.426067   5.570785E-12   9.239226E+03    7.83464E+18   1.850000000E+00  -2.499630E-01   2.107190408E+00
   116   13956.446341   4.060134E-12   6.734367E+03    4.45530E+18   1.850000000E+00  -2.499626E-01   2.107190408E+00
   117   13956.462158   2.959132E-12   4.908603E+03    2.53358E+18   1.850000000E+00  -2.499622E-01   2.107190408E+00
   118   13956.474499   2.156692E-12   3.577824E+03    1.44076E+18   1.850000000E+00  -2.499619E-01   2.107190408E+00
   119   13956.484127   1.571853E-12   2.607835E+03    8.19311E+17   1.850000000E+00  -2.499617E-01   2.107190408E+00
   120   13956.491638   1.145607E-12   1.900820E+03    4.65914E+17   1.850000000E+00  -2.499615E-01   2.107190408E+00
   121   13956.497498   8.349479E-13   1.385486E+03    2.64950E+17   1.850000000E+00  -2.499614E-01   2.107190408E+00
   122   13956.502071   6.184198E-13   1.026645E+03    1.50374E+17   1.850000000E+00  -2.499613E-01   2.107190408E+00
   123   13956.505573   4.667624E-13   7.756370E+02    8.43663E+16   1.850000000E+00  -2.499612E-01   2.107190408E+00
   124   13956.508173   3.522965E-13   5.859988E+02    4.73333E+16   1.850000000E+00  -2.499611E-01   2.107190408E+00
   125   13956.510104   2.659015E-13   4.427259E+02    2.65561E+16   1.850000000E+00  -2.499611E-01   2.107190408E+00
   126   13956.511539   2.006935E-13   3.344822E+02    1.48991E+16   1.850000000E+00  -2.499610E-01   2.107190408E+00
   127   13956.512604   1.514767E-13   2.527035E+02    8.35909E+15   1.850000000E+00  -2.499610E-01   2.107190408E+00
   128   13956.513394   1.155270E-13   1.927685E+02    4.68425E+15   1.850000000E+00  -2.499610E-01   2.107190408E+00
   129   13956.513975   8.943874E-14   1.490707E+02    2.60476E+15   1.850000000E+00  -2.499610E-01   2.107190408E+00
   130   13956.514393   6.924170E-14   1.152786E+02    1.44843E+15   1.850000000E+00  -2.499610E-01   2.107190408E+00
   131   13956.514694   5.360555E-14   8.914664E+01    8.05424E+14   1.850000000E+00  -2.499610E-01   2.107190408E+00
   132   13956.514910   4.150035E-14   6.893841E+01    4.47871E+14   1.850000000E+00  -2.499610E-01   2.107190408E+00
   133   13956.515065   3.212875E-14   5.331108E+01    2.49047E+14   1.850000000E+00  -2.499610E-01   2.107190408E+00
   134   13956.515177   2.502551E-14   4.149137E+01    1.38375E+14   1.850000000E+00  -2.499610E-01   2.107190408E+00
   135   13956.515256   1.968236E-14   3.262549E+01    7.64513E+13   1.850000000E+00  -2.499610E-01   2.107190408E+00
   136   13956.515312   1.548001E-14   2.565408E+01    4.22389E+13   1.850000000E+00  -2.499610E-01   2.107190408E+00
   137   13956.515352   1.217490E-14   2.017232E+01    2.33368E+13   1.850000000E+00  -2.499610E-01   2.107190408E+00
   138   13956.515379   9.780857E-15   1.620363E+01    1.28569E+13   1.850000000E+00  -2.499610E-01   2.107190408E+00
   139   13956.515398   8.913533E-15   1.477377E+01    6.69039E+12   1.850000000E+00  -2.499610E-01   2.107190408E+00
   140   13956.515409   8.123120E-15   1.347009E+01    3.48149E+12   1.850000000E+00  -2.499610E-01   2.107190408E+00
   141   13956.515415   7.402797E-15   1.228144E+01    1.81167E+12   1.850000000E+00  -2.499610E-01   2.107190408E+00
   142   13956.515419   6.746238E-15   1.119572E+01    9.42768E+11   1.850000000E+00  -2.499610E-01   2.107190408E+00
   143   13956.515421   6.147846E-15   1.020325E+01    4.90682E+11   1.850000000E+00  -2.499610E-01   2.107190408E+00
   144   13956.515422   5.602532E-15   9.298756E+00    2.55385E+11   1.850000000E+00  -2.499610E-01   2.107190408E+00
   145   13956.515423   5.105587E-15   8.474445E+00    1.32920E+11   1.850000000E+00  -2.499610E-01   2.107190408E+00
   146   13956.515423   4.884511E-15   8.107517E+00    6.86389E+10   1.850000000E+00  -2.499610E-01   2.107190408E+00
   147   13956.515423   4.839372E-15   8.032283E+00    3.44612E+10   1.850000000E+00  -2.499610E-01   2.107190408E+00
   148   13956.515423   4.794650E-15   7.957747E+00    1.73018E+10   1.850000000E+00  -2.499610E-01   2.107190408E+00
   149   13956.515423   4.758026E-15   7.897370E+00    8.68420E+09   1.850000000E+00  -2.499610E-01   2.107190408E+00
   150   13956.515423   4.748988E-15   7.885323E+00    4.34504E+09   1.850000000E+00  -2.499610E-01   2.107190408E+00
   151   13956.515423   4.739967E-15   7.873295E+00    2.17399E+09   1.850000000E+00  -2.499610E-01   2.107190408E+00
   152   13956.515423   4.730963E-15   7.861285E+00    1.08773E+09   1.850000000E+00  -2.499610E-01   2.107190408E+00
   153   13956.515423   4.721929E-15   7.843850E+00    5.44383E+08   1.850000000E+00  -2.499610E-01   2.107190408E+00
