       6     152      49      67

     EOS file :  /Users/jkopp/cernbox/ns-muons/packages/nscool/EOS/MF_B31.dat

  step        radius       baryon#       density        pressure       encl. mass            phi     encl. bar. mass 
                (m)        (#/fm3)       (g/cm3)        (dyn/cm2)      (sol. mass)                     (sol. mass)   

     0       0.000000   2.907781E-01   5.894670E+14    8.01928E+34   0.000000000E+00  -4.554399E-01   0.000000000E+00
     1      10.000000   2.907780E-01   5.894668E+14    8.01927E+34   1.241403898E-09  -4.554398E-01   1.025562947E-09
     2      11.666665   2.907780E-01   5.894667E+14    8.01927E+34   1.971302787E-09  -4.554397E-01   1.628555531E-09
     3      13.611108   2.907780E-01   5.894666E+14    8.01926E+34   3.130354484E-09  -4.554397E-01   2.586084927E-09
     4      15.879623   2.907779E-01   5.894664E+14    8.01926E+34   4.970884127E-09  -4.554396E-01   4.106605075E-09
     5      18.526224   2.907778E-01   5.894662E+14    8.01925E+34   7.893573740E-09  -4.554394E-01   6.521132445E-09
     6      21.613922   2.907777E-01   5.894660E+14    8.01924E+34   1.253468948E-08  -4.554393E-01   1.035530749E-08
     7      25.216233   2.907775E-01   5.894656E+14    8.01923E+34   1.990459400E-08  -4.554390E-01   1.644382468E-08
     8      29.418924   2.907773E-01   5.894651E+14    8.01921E+34   3.160769618E-08  -4.554387E-01   2.611214115E-08
     9      34.322056   2.907770E-01   5.894644E+14    8.01918E+34   5.019171714E-08  -4.554383E-01   4.146501925E-08
    10      40.042362   2.907766E-01   5.894635E+14    8.01915E+34   7.970229881E-08  -4.554378E-01   6.584471213E-08
    11      46.716032   2.907760E-01   5.894623E+14    8.01910E+34   1.265636739E-07  -4.554370E-01   1.045585261E-07
    12      54.501947   2.907752E-01   5.894606E+14    8.01904E+34   2.009770763E-07  -4.554359E-01   1.660341201E-07
    13      63.585461   2.907742E-01   5.894583E+14    8.01895E+34   3.191412352E-07  -4.554345E-01   2.636539869E-07
    14      74.182809   2.907728E-01   5.894551E+14    8.01883E+34   5.067781538E-07  -4.554325E-01   4.186683432E-07
    15      86.546247   2.907708E-01   5.894509E+14    8.01867E+34   8.047313058E-07  -4.554299E-01   6.648202632E-07
    16     100.970045   2.907682E-01   5.894450E+14    8.01845E+34   1.277854044E-06  -4.554262E-01   1.055689293E-06
    17     117.797470   2.907646E-01   5.894371E+14    8.01815E+34   2.029121210E-06  -4.554213E-01   1.676350842E-06
    18     137.428927   2.907598E-01   5.894263E+14    8.01774E+34   3.222031691E-06  -4.554146E-01   2.661886534E-06
    19     160.331439   2.907531E-01   5.894117E+14    8.01718E+34   5.116169525E-06  -4.554055E-01   4.226768632E-06
    20     187.049679   2.907441E-01   5.893917E+14    8.01642E+34   8.123644840E-06  -4.553931E-01   6.711501220E-06
    21     218.218804   2.907318E-01   5.893645E+14    8.01539E+34   1.289865781E-05  -4.553761E-01   1.065664107E-05
    22     254.579360   2.907151E-01   5.893275E+14    8.01398E+34   2.047958855E-05  -4.553531E-01   1.692024583E-05
    23     296.994576   2.906924E-01   5.892772E+14    8.01207E+34   3.251434058E-05  -4.553218E-01   2.686417383E-05
    24     346.470367   2.906614E-01   5.892087E+14    8.00947E+34   5.161755130E-05  -4.552792E-01   4.264948181E-05
    25     404.178428   2.906193E-01   5.891155E+14    8.00593E+34   8.193647698E-05  -4.552212E-01   6.770455647E-05
    26     471.482763   2.905620E-01   5.889887E+14    8.00111E+34   1.300466796E-04  -4.551423E-01   1.074664420E-04
    27     549.969987   2.904840E-01   5.888162E+14    7.99457E+34   2.063680542E-04  -4.550350E-01   1.705536228E-04
    28     641.483672   2.903780E-01   5.885815E+14    7.98567E+34   3.273998763E-04  -4.548891E-01   2.706188359E-04
    29     748.162800   2.902338E-01   5.882624E+14    7.97358E+34   5.192408182E-04  -4.546907E-01   4.292707624E-04
    30     872.484079   2.900377E-01   5.878287E+14    7.95717E+34   8.231159697E-04  -4.544211E-01   6.806694677E-04
    31    1017.307319   2.897713E-01   5.872394E+14    7.93490E+34   1.304019294E-03  -4.540550E-01   1.078729132E-03
    32    1185.922092   2.894096E-01   5.864393E+14    7.90473E+34   2.064150693E-03  -4.535583E-01   1.708353065E-03
    33    1382.092316   2.889189E-01   5.853539E+14    7.86392E+34   3.263643118E-03  -4.528849E-01   2.702841997E-03
    34    1610.093093   2.882537E-01   5.838831E+14    7.80882E+34   5.152184449E-03  -4.519736E-01   4.270619114E-03
    35    1874.730174   2.873536E-01   5.818932E+14    7.73469E+34   8.116520176E-03  -4.507427E-01   6.735730314E-03
    36    2181.326853   2.861381E-01   5.792068E+14    7.63532E+34   1.275025136E-02  -4.490848E-01   1.059810182E-02
    37    2535.655047   2.845025E-01   5.755940E+14    7.50286E+34   1.995315206E-02  -4.468599E-01   1.662085717E-02
    38    2943.774246   2.823090E-01   5.707518E+14    7.32758E+34   3.106572630E-02  -4.438892E-01   2.595191906E-02
    39    3411.736563   2.794092E-01   5.643530E+14    7.09792E+34   4.803847860E-02  -4.399493E-01   4.028386691E-02
    40    3945.041515   2.755441E-01   5.558328E+14    6.80093E+34   7.361370147E-02  -4.347715E-01   6.204069392E-02
    41    4547.991576   2.705016E-01   5.447345E+14    6.42350E+34   1.114682134E-01  -4.280480E-01   9.455835232E-02
    42    5222.380230   2.639222E-01   5.302775E+14    5.95474E+34   1.661907720E-01  -4.194567E-01   1.421606155E-01
    43    5966.345081   2.556598E-01   5.121678E+14    5.38947E+34   2.429320360E-01  -4.087043E-01   2.099907988E-01
    44    6772.020289   2.474751E-01   4.942793E+14    4.72983E+34   3.469625786E-01  -3.956051E-01   3.037420281E-01
    45    7617.350493   2.346344E-01   4.663192E+14    4.00141E+34   4.798529459E-01  -3.803029E-01   4.263533609E-01
    46    8487.616331   2.190032E-01   4.324762E+14    3.23952E+34   6.401754675E-01  -3.630190E-01   5.784408245E-01
    47    9354.697616   2.003707E-01   3.924406E+14    2.49660E+34   8.201195711E-01  -3.444536E-01   7.544906319E-01
    48   10189.237608   1.783079E-01   3.455206E+14    1.82787E+34   1.006085258E+00  -3.255743E-01   9.424763349E-01
    49   10969.118221   1.515598E-01   2.894667E+14    1.27673E+34   1.181643324E+00  -3.073464E-01   1.125942542E+00
    50   11693.013283   1.047884E-01   1.941923E+14    8.76163E+33   1.327456762E+00  -2.903040E-01   1.283818424E+00
    51   12505.666886   8.851741E-02   1.605967E+14    5.82344E+33   1.453584878E+00  -2.717857E-01   1.426087599E+00
    52   13237.972971   8.619671E-02   1.538593E+14    3.49031E+33   1.574251258E+00  -2.558443E-01   1.565197690E+00
    53   13750.024636   8.373696E-02   1.468387E+14    1.99801E+33   1.662948275E+00  -2.450530E-01   1.669753410E+00
    54   14082.778667   8.118356E-02   1.396834E+14    1.10016E+33   1.721381227E+00  -2.381856E-01   1.740168996E+00
    55   14285.955030   7.562878E-02   1.278425E+14    5.91995E+32   1.756381304E+00  -2.340489E-01   1.783251271E+00
    56   14409.430141   5.457646E-02   9.210763E+13    3.45304E+32   1.773968562E+00  -2.315595E-01   1.805137316E+00
    57   14511.383096   3.879416E-02   6.538855E+13    2.00693E+32   1.784555471E+00  -2.295245E-01   1.818332651E+00
    58   14596.273060   2.733691E-02   4.602980E+13    1.16785E+32   1.790848403E+00  -2.278478E-01   1.826180582E+00
    59   14667.465951   1.922232E-02   3.233411E+13    6.78140E+31   1.794600921E+00  -2.264558E-01   1.830861703E+00
    60   14727.045003   1.346250E-02   2.262609E+13    3.93653E+31   1.796822184E+00  -2.253018E-01   1.833632982E+00
    61   14776.986444   9.422116E-03   1.582197E+13    2.28273E+31   1.798134523E+00  -2.243425E-01   1.835270393E+00
    62   14818.766334   6.525973E-03   1.095484E+13    1.32650E+31   1.798903855E+00  -2.235457E-01   1.836230236E+00
    63   14854.090512   4.413735E-03   7.405706E+12    7.74853E+30   1.799352902E+00  -2.228762E-01   1.836790307E+00
    64   14884.803413   2.770473E-03   4.646080E+12    4.59811E+30   1.799611934E+00  -2.222973E-01   1.837113371E+00
    65   14914.008986   1.684284E-03   2.823186E+12    2.79358E+30   1.799761651E+00  -2.217496E-01   1.837300093E+00
    66   14943.355877   9.168357E-04   1.535492E+12    1.75124E+30   1.799848886E+00  -2.212019E-01   1.837408902E+00
    67   14977.345318   5.147203E-04   8.612338E+11    1.09779E+30   1.799904091E+00  -2.205709E-01   1.837477787E+00
    68   15015.548280   2.315463E-04   3.868935E+11    6.87852E+29   1.799939092E+00  -2.198661E-01   1.837521461E+00
    69   15069.150302   1.479401E-04   2.470393E+11    4.13729E+29   1.799962816E+00  -2.188848E-01   1.837551080E+00
    70   15120.109594   9.769427E-05   1.630598E+11    2.45380E+29   1.799977621E+00  -2.179601E-01   1.837569555E+00
    71   15166.303191   6.333691E-05   1.055760E+11    1.46128E+29   1.799986479E+00  -2.171287E-01   1.837580610E+00
    72   15209.127082   4.186968E-05   6.977069E+10    8.68041E+28   1.799991846E+00  -2.163637E-01   1.837587309E+00
    73   15247.903388   2.745642E-05   4.572122E+10    5.11290E+28   1.799995114E+00  -2.156757E-01   1.837591386E+00
    74   15282.988173   1.822558E-05   3.034326E+10    3.02677E+28   1.799997046E+00  -2.150570E-01   1.837593797E+00
    75   15314.471281   1.193360E-05   1.985527E+10    1.78670E+28   1.799998206E+00  -2.145049E-01   1.837595244E+00
    76   15343.024122   7.709521E-06   1.282396E+10    1.05835E+28   1.799998894E+00  -2.140067E-01   1.837596102E+00
    77   15369.337033   5.173858E-06   8.603415E+09    6.21210E+27   1.799999310E+00  -2.135496E-01   1.837596620E+00
    78   15392.461084   3.452734E-06   5.739301E+09    3.64826E+27   1.799999556E+00  -2.131495E-01   1.837596927E+00
    79   15412.898153   2.290853E-06   3.806180E+09    2.15113E+27   1.799999700E+00  -2.127972E-01   1.837597107E+00
    80   15431.131260   1.537850E-06   2.554787E+09    1.26192E+27   1.799999787E+00  -2.124839E-01   1.837597215E+00
    81   15447.115610   1.032937E-06   1.715464E+09    7.40085E+26   1.799999838E+00  -2.122100E-01   1.837597278E+00
    82   15461.114204   6.662532E-07   1.106366E+09    4.35896E+26   1.799999867E+00  -2.119707E-01   1.837597315E+00
    83   15473.928110   4.432334E-07   7.358219E+08    2.57511E+26   1.799999885E+00  -2.117522E-01   1.837597337E+00
    84   15485.334576   2.981359E-07   4.948918E+08    1.50901E+26   1.799999895E+00  -2.115580E-01   1.837597350E+00
    85   15495.291862   2.009565E-07   3.336535E+08    8.83859E+25   1.799999902E+00  -2.113888E-01   1.837597358E+00
    86   15503.956892   1.326607E-07   2.201716E+08    5.25620E+25   1.799999905E+00  -2.112418E-01   1.837597363E+00
    87   15511.777115   8.953247E-08   1.485836E+08    3.07559E+25   1.799999907E+00  -2.111093E-01   1.837597365E+00
    88   15518.566559   6.056867E-08   1.004992E+08    1.79861E+25   1.799999909E+00  -2.109944E-01   1.837597367E+00
    89   15524.443418   4.100745E-08   6.802693E+07    1.05118E+25   1.799999909E+00  -2.108950E-01   1.837597368E+00
    90   15529.522584   2.787098E-08   4.624032E+07    6.13469E+24   1.799999910E+00  -2.108092E-01   1.837597368E+00
    91   15533.887124   1.896345E-08   3.146556E+07    3.57892E+24   1.799999910E+00  -2.107355E-01   1.837597369E+00
    92   15537.631679   1.296684E-08   2.151330E+07    2.08389E+24   1.799999910E+00  -2.106724E-01   1.837597369E+00
    93   15540.822660   8.886660E-09   1.474224E+07    1.21304E+24   1.799999910E+00  -2.106186E-01   1.837597369E+00
    94   15543.534717   6.115254E-09   1.014344E+07    7.04661E+23   1.799999910E+00  -2.105729E-01   1.837597369E+00
    95   15545.825483   4.122433E-09   6.837503E+06    4.10261E+23   1.799999910E+00  -2.105343E-01   1.837597369E+00
    96   15547.804796   2.857141E-09   4.738714E+06    2.38023E+23   1.799999910E+00  -2.105010E-01   1.837597369E+00
    97   15549.462299   1.987407E-09   3.296086E+06    1.37718E+23   1.799999910E+00  -2.104731E-01   1.837597369E+00
    98   15550.841443   1.388287E-09   2.302451E+06    7.96428E+22   1.799999910E+00  -2.104499E-01   1.837597369E+00
    99   15551.983463   9.753344E-10   1.617680E+06    4.59111E+22   1.799999910E+00  -2.104307E-01   1.837597369E+00
   100   15552.920650   6.852118E-10   1.136559E+06    2.64658E+22   1.799999910E+00  -2.104149E-01   1.837597369E+00
   101   15553.689713   4.847758E-10   8.040670E+05    1.52280E+22   1.799999911E+00  -2.104020E-01   1.837597369E+00
   102   15554.315282   3.435781E-10   5.698324E+05    8.75037E+21   1.799999911E+00  -2.103914E-01   1.837597369E+00
   103   15554.822566   2.436679E-10   4.041004E+05    5.02769E+21   1.799999911E+00  -2.103829E-01   1.837597369E+00
   104   15555.233610   1.739261E-10   2.884122E+05    2.88151E+21   1.799999911E+00  -2.103760E-01   1.837597369E+00
   105   15555.563709   1.241453E-10   2.058433E+05    1.65146E+21   1.799999911E+00  -2.103704E-01   1.837597369E+00
   106   15555.828801   8.883071E-11   1.472837E+05    9.46213E+20   1.799999911E+00  -2.103660E-01   1.837597369E+00
   107   15556.041084   6.379475E-11   1.057821E+05    5.41037E+20   1.799999911E+00  -2.103624E-01   1.837597369E+00
   108   15556.210095   4.581484E-11   7.597475E+04    3.09360E+20   1.799999911E+00  -2.103596E-01   1.837597369E+00
   109   15556.344651   3.301925E-11   5.475833E+04    1.76797E+20   1.799999911E+00  -2.103573E-01   1.837597369E+00
   110   15556.451346   2.384579E-11   3.954600E+04    1.00884E+20   1.799999911E+00  -2.103555E-01   1.837597369E+00
   111   15556.535650   1.722090E-11   2.855977E+04    5.75667E+19   1.799999911E+00  -2.103541E-01   1.837597369E+00
   112   15556.602262   1.250326E-11   2.073601E+04    3.28032E+19   1.799999911E+00  -2.103530E-01   1.837597369E+00
   113   15556.654542   9.091906E-12   1.507850E+04    1.86706E+19   1.799999911E+00  -2.103521E-01   1.837597369E+00
   114   15556.695462   6.611293E-12   1.096455E+04    1.06267E+19   1.799999911E+00  -2.103514E-01   1.837597369E+00
   115   15556.727492   4.817058E-12   7.989474E+03    6.04447E+18   1.799999911E+00  -2.103509E-01   1.837597369E+00
   116   15556.752495   3.510798E-12   5.823437E+03    3.43729E+18   1.799999911E+00  -2.103505E-01   1.837597369E+00
   117   15556.772002   2.558761E-12   4.244637E+03    1.95467E+18   1.799999911E+00  -2.103501E-01   1.837597369E+00
   118   15556.787221   1.864892E-12   3.093867E+03    1.11155E+18   1.799999911E+00  -2.103499E-01   1.837597369E+00
   119   15556.799094   1.359181E-12   2.255084E+03    6.32103E+17   1.799999911E+00  -2.103497E-01   1.837597369E+00
   120   15556.808358   9.906064E-13   1.643704E+03    3.59455E+17   1.799999911E+00  -2.103495E-01   1.837597369E+00
   121   15556.815585   7.219795E-13   1.198077E+03    2.04410E+17   1.799999911E+00  -2.103494E-01   1.837597369E+00
   122   15556.821224   5.428126E-13   9.015381E+02    1.15036E+17   1.799999911E+00  -2.103493E-01   1.837597369E+00
   123   15556.825441   4.096966E-13   6.811179E+02    6.45402E+16   1.799999911E+00  -2.103492E-01   1.837597369E+00
   124   15556.828572   3.092252E-13   5.145890E+02    3.62099E+16   1.799999911E+00  -2.103492E-01   1.837597369E+00
   125   15556.830898   2.333927E-13   3.887753E+02    2.03154E+16   1.799999911E+00  -2.103491E-01   1.837597369E+00
   126   15556.832625   1.761570E-13   2.937223E+02    1.13978E+16   1.799999911E+00  -2.103491E-01   1.837597369E+00
   127   15556.833907   1.329573E-13   2.219091E+02    6.39470E+15   1.799999911E+00  -2.103491E-01   1.837597369E+00
   128   15556.834860   1.025574E-13   1.710383E+02    3.56500E+15   1.799999911E+00  -2.103491E-01   1.837597369E+00
   129   15556.835549   7.939790E-14   1.322665E+02    1.98238E+15   1.799999911E+00  -2.103491E-01   1.837597369E+00
   130   15556.836044   6.146828E-14   1.022836E+02    1.10234E+15   1.799999911E+00  -2.103491E-01   1.837597369E+00
   131   15556.836400   4.758752E-14   7.909742E+01    6.12978E+14   1.799999911E+00  -2.103490E-01   1.837597369E+00
   132   15556.836656   3.684132E-14   6.116720E+01    3.40857E+14   1.799999911E+00  -2.103490E-01   1.837597369E+00
   133   15556.836840   2.852181E-14   4.730149E+01    1.89540E+14   1.799999911E+00  -2.103490E-01   1.837597369E+00
   134   15556.836973   2.237497E-14   3.709310E+01    1.04942E+14   1.799999911E+00  -2.103490E-01   1.837597369E+00
   135   15556.837066   1.759773E-14   2.916705E+01    5.79796E+13   1.799999911E+00  -2.103490E-01   1.837597369E+00
   136   15556.837132   1.384047E-14   2.293463E+01    3.20334E+13   1.799999911E+00  -2.103490E-01   1.837597369E+00
   137   15556.837178   1.088542E-14   1.803396E+01    1.76983E+13   1.799999911E+00  -2.103490E-01   1.837597369E+00
   138   15556.837211   9.384926E-15   1.555099E+01    9.61377E+12   1.799999911E+00  -2.103490E-01   1.837597369E+00
   139   15556.837231   8.552712E-15   1.417872E+01    5.00274E+12   1.799999911E+00  -2.103490E-01   1.837597369E+00
   140   15556.837243   7.794295E-15   1.292755E+01    2.60329E+12   1.799999911E+00  -2.103490E-01   1.837597369E+00
   141   15556.837249   7.103131E-15   1.178678E+01    1.35468E+12   1.799999911E+00  -2.103490E-01   1.837597369E+00
   142   15556.837253   6.473089E-15   1.074269E+01    7.05026E+11   1.799999911E+00  -2.103490E-01   1.837597369E+00
   143   15556.837255   5.898925E-15   9.790379E+00    3.66944E+11   1.799999911E+00  -2.103490E-01   1.837597369E+00
   144   15556.837256   5.375691E-15   8.922487E+00    1.90983E+11   1.799999911E+00  -2.103490E-01   1.837597369E+00
   145   15556.837257   4.908921E-15   8.148202E+00    9.93662E+10   1.799999911E+00  -2.103490E-01   1.837597369E+00
   146   15556.837258   4.863556E-15   8.072590E+00    4.98884E+10   1.799999911E+00  -2.103490E-01   1.837597369E+00
   147   15556.837258   4.818611E-15   7.997681E+00    2.50472E+10   1.799999911E+00  -2.103490E-01   1.837597369E+00
   148   15556.837258   4.774080E-15   7.923466E+00    1.25754E+10   1.799999911E+00  -2.103490E-01   1.837597369E+00
   149   15556.837258   4.753845E-15   7.891798E+00    6.30491E+09   1.799999911E+00  -2.103490E-01   1.837597369E+00
   150   15556.837258   4.744815E-15   7.879760E+00    3.15459E+09   1.799999911E+00  -2.103490E-01   1.837597369E+00
   151   15556.837258   4.735802E-15   7.867740E+00    1.57836E+09   1.799999911E+00  -2.103490E-01   1.837597369E+00
   152   15556.837258   4.726786E-15   7.853568E+00    7.89751E+08   1.799999911E+00  -2.103490E-01   1.837597369E+00
