       6     152      52      68

     EOS file :  /Users/jkopp/cernbox/ns-muons/packages/nscool/EOS/MF_B30.dat

  step        radius       baryon#       density        pressure       encl. mass            phi     encl. bar. mass 
                (m)        (#/fm3)       (g/cm3)        (dyn/cm2)      (sol. mass)                     (sol. mass)   

     0       0.000000   3.295374E-01   6.756634E+14    1.09173E+35   0.000000000E+00  -5.041209E-01   0.000000000E+00
     1      10.000000   3.295373E-01   6.756631E+14    1.09172E+35   1.422931610E-09  -5.041207E-01   1.162265264E-09
     2      11.666665   3.295372E-01   6.756631E+14    1.09172E+35   2.259561945E-09  -5.041207E-01   1.845633674E-09
     3      13.611108   3.295372E-01   6.756629E+14    1.09172E+35   3.588099087E-09  -5.041206E-01   2.930796821E-09
     4      15.879623   3.295371E-01   6.756628E+14    1.09172E+35   5.697765036E-09  -5.041205E-01   4.653994458E-09
     5      18.526223   3.295370E-01   6.756625E+14    1.09172E+35   9.047832477E-09  -5.041203E-01   7.390365783E-09
     6      21.613921   3.295368E-01   6.756622E+14    1.09172E+35   1.436760696E-08  -5.041201E-01   1.173561627E-08
     7      25.216232   3.295366E-01   6.756618E+14    1.09172E+35   2.281519337E-08  -5.041198E-01   1.863570049E-08
     8      29.418922   3.295364E-01   6.756612E+14    1.09172E+35   3.622960783E-08  -5.041195E-01   2.959275141E-08
     9      34.322052   3.295360E-01   6.756604E+14    1.09171E+35   5.753111499E-08  -5.041190E-01   4.699208354E-08
    10      40.042356   3.295355E-01   6.756593E+14    1.09171E+35   9.135693313E-08  -5.041183E-01   7.462145121E-08
    11      46.716022   3.295349E-01   6.756578E+14    1.09170E+35   1.450706769E-07  -5.041173E-01   1.184955885E-07
    12      54.501931   3.295340E-01   6.756558E+14    1.09169E+35   2.303652424E-07  -5.041160E-01   1.881654988E-07
    13      63.585435   3.295327E-01   6.756530E+14    1.09168E+35   3.658079727E-07  -5.041143E-01   2.987974501E-07
    14      74.182768   3.295311E-01   6.756493E+14    1.09166E+35   5.808819467E-07  -5.041119E-01   4.744741123E-07
    15      86.546181   3.295288E-01   6.756442E+14    1.09164E+35   9.224026658E-07  -5.041087E-01   7.534361392E-07
    16     100.969940   3.295257E-01   6.756373E+14    1.09161E+35   1.464705930E-06  -5.041043E-01   1.196404524E-06
    17     117.797303   3.295215E-01   6.756278E+14    1.09156E+35   2.325822386E-06  -5.040983E-01   1.899793857E-06
    18     137.428662   3.295157E-01   6.756150E+14    1.09151E+35   3.693154725E-06  -5.040902E-01   3.016689426E-06
    19     160.331018   3.295079E-01   6.755975E+14    1.09143E+35   5.864236139E-06  -5.040791E-01   4.790147169E-06
    20     187.049009   3.294972E-01   6.755737E+14    1.09132E+35   9.311418734E-06  -5.040640E-01   7.606049152E-06
    21     218.217738   3.294827E-01   6.755413E+14    1.09117E+35   1.478452176E-05  -5.040435E-01   1.207698512E-05
    22     254.577667   3.294630E-01   6.754972E+14    1.09097E+35   2.347367209E-05  -5.040156E-01   1.917534316E-05
    23     296.991886   3.294362E-01   6.754372E+14    1.09070E+35   3.726754103E-05  -5.039776E-01   3.044441472E-05
    24     346.466096   3.293996E-01   6.753556E+14    1.09033E+35   5.916266347E-05  -5.039259E-01   4.833310774E-05
    25     404.171647   3.293499E-01   6.752445E+14    1.08982E+35   9.391180024E-05  -5.038555E-01   7.672634916E-05
    26     471.471996   3.292823E-01   6.750934E+14    1.08914E+35   1.490500154E-04  -5.037598E-01   1.217849501E-04
    27     549.952896   3.291903E-01   6.748878E+14    1.08821E+35   2.365165081E-04  -5.036296E-01   1.932741164E-04
    28     641.456549   3.290651E-01   6.746082E+14    1.08694E+35   3.752137782E-04  -5.034526E-01   3.066619430E-04
    29     748.119766   3.288949E-01   6.742279E+14    1.08522E+35   5.950365469E-04  -5.032119E-01   4.864277814E-04
    30     872.415828   3.286636E-01   6.737111E+14    1.08288E+35   9.431944986E-04  -5.028849E-01   7.712642785E-04
    31    1017.199126   3.283493E-01   6.730090E+14    1.07971E+35   1.494091807E-03  -5.024409E-01   1.222227451E-03
    32    1185.750691   3.279250E-01   6.720612E+14    1.07541E+35   2.364675236E-03  -5.018384E-01   1.935444408E-03
    33    1381.819687   3.273503E-01   6.707774E+14    1.06960E+35   3.738069132E-03  -5.010220E-01   3.061781872E-03
    34    1609.659147   3.265715E-01   6.690381E+14    1.06176E+35   5.899569081E-03  -4.999172E-01   4.837012534E-03
    35    1874.040756   3.255179E-01   6.666856E+14    1.05122E+35   9.290568375E-03  -4.984256E-01   7.627462217E-03
    36    2180.234939   3.240956E-01   6.635110E+14    1.03710E+35   1.458748128E-02  -4.964173E-01   1.199777317E-02
    37    2533.932348   3.222008E-01   6.592835E+14    1.01830E+35   2.281361982E-02  -4.937238E-01   1.880895548E-02
    38    2941.048172   3.196664E-01   6.536322E+14    9.93457E+34   3.548891614E-02  -4.901304E-01   2.935385160E-02
    39    3407.434597   3.163258E-01   6.461892E+14    9.60961E+34   5.481622799E-02  -4.853700E-01   4.553448170E-02
    40    3938.289389   3.119273E-01   6.363967E+14    9.19034E+34   8.387571408E-02  -4.791230E-01   7.006644026E-02
    41    4537.402545   3.062044E-01   6.236712E+14    8.65907E+34   1.267655063E-01  -4.710277E-01   1.066710722E-01
    42    5205.948871   2.989169E-01   6.074960E+14    8.00151E+34   1.885528518E-01  -4.607100E-01   1.601511270E-01
    43    5940.837361   2.897573E-01   5.872082E+14    7.21210E+34   2.747931101E-01  -4.478457E-01   2.361386429E-01
    44    6733.088257   2.784761E-01   5.622953E+14    6.30029E+34   3.904133374E-01  -4.322541E-01   3.402837272E-01
    45    7566.197671   2.649632E-01   5.325629E+14    5.29648E+34   5.377986899E-01  -4.140252E-01   4.765967322E-01
    46    8415.244049   2.492122E-01   4.980719E+14    4.25413E+34   7.143859032E-01  -3.936502E-01   6.449704876E-01
    47    9248.093401   2.314840E-01   4.594824E+14    3.24368E+34   9.109358577E-01  -3.720804E-01   8.387524247E-01
    48   10028.897951   2.142632E-01   4.222586E+14    2.33069E+34   1.113499332E+00  -3.506334E-01   1.045398921E+00
    49   10715.820254   1.943240E-01   3.795266E+14    1.58231E+34   1.300789897E+00  -3.309748E-01   1.242958696E+00
    50   11292.125416   1.742497E-01   3.369539E+14    1.01552E+34   1.458859888E+00  -3.140970E-01   1.414835394E+00
    51   11748.438652   1.550254E-01   2.966741E+14    6.19018E+33   1.580400600E+00  -3.006201E-01   1.550430986E+00
    52   12089.114432   1.366673E-01   2.587149E+14    3.62192E+33   1.665558327E+00  -2.905760E-01   1.647464843E+00
    53   12331.618032   1.165834E-01   2.178423E+14    2.05091E+33   1.720988277E+00  -2.834785E-01   1.711706265E+00
    54   12502.006120   9.894560E-02   1.825866E+14    1.15604E+33   1.754111573E+00  -2.785428E-01   1.750775789E+00
    55   12620.349221   7.950251E-02   1.344237E+14    6.42931E+32   1.773812098E+00  -2.751512E-01   1.774541233E+00
    56   12711.792461   5.720094E-02   9.655926E+13    3.73171E+32   1.784471087E+00  -2.725592E-01   1.788378419E+00
    57   12787.032653   4.068760E-02   6.858957E+13    2.16046E+32   1.790839598E+00  -2.704506E-01   1.796653611E+00
    58   12849.304278   2.863371E-02   4.821990E+13    1.25465E+32   1.794593756E+00  -2.687242E-01   1.801532796E+00
    59   12901.413606   2.012779E-02   3.386095E+13    7.27522E+31   1.796821166E+00  -2.672936E-01   1.804427808E+00
    60   12944.917649   1.408822E-02   2.368031E+13    4.21933E+31   1.798134122E+00  -2.661097E-01   1.806134254E+00
    61   12981.329687   9.855918E-03   1.655221E+13    2.44515E+31   1.798907279E+00  -2.651262E-01   1.807139095E+00
    62   13011.753176   6.832531E-03   1.146981E+13    1.41905E+31   1.799359839E+00  -2.643098E-01   1.807727230E+00
    63   13037.399005   4.633899E-03   7.775645E+12    8.26731E+30   1.799623735E+00  -2.636254E-01   1.808070057E+00
    64   13059.558978   2.942538E-03   4.934920E+12    4.88406E+30   1.799775772E+00  -2.630368E-01   1.808267556E+00
    65   13080.281885   1.788498E-03   2.998043E+12    2.96666E+30   1.799862597E+00  -2.624888E-01   1.808380337E+00
    66   13101.089633   9.852433E-04   1.650197E+12    1.84553E+30   1.799913735E+00  -2.619409E-01   1.808446768E+00
    67   13124.703676   5.466797E-04   9.147356E+11    1.15924E+30   1.799945280E+00  -2.613218E-01   1.808487763E+00
    68   13151.587438   3.291153E-04   5.504715E+11    7.12924E+29   1.799965978E+00  -2.606207E-01   1.808514661E+00
    69   13179.211801   1.682691E-04   2.810342E+11    4.82965E+29   1.799976741E+00  -2.599043E-01   1.808528652E+00
    70   13216.056954   1.104552E-04   1.843434E+11    2.86802E+29   1.799986028E+00  -2.589549E-01   1.808540727E+00
    71   13249.669752   7.185195E-05   1.198183E+11    1.70105E+29   1.799991624E+00  -2.580950E-01   1.808548000E+00
    72   13280.555802   4.692573E-05   7.820068E+10    1.01044E+29   1.799994974E+00  -2.573100E-01   1.808552355E+00
    73   13308.845893   3.148535E-05   5.245036E+10    5.93673E+28   1.799997017E+00  -2.565952E-01   1.808555010E+00
    74   13333.773421   2.055735E-05   3.423319E+10    3.55463E+28   1.799998196E+00  -2.559688E-01   1.808556542E+00
    75   13356.758278   1.357205E-05   2.258490E+10    2.09093E+28   1.799998926E+00  -2.553939E-01   1.808557492E+00
    76   13377.348700   8.842899E-06   1.470812E+10    1.23874E+28   1.799999355E+00  -2.548811E-01   1.808558049E+00
    77   13396.158761   5.859381E-06   9.746912E+09    7.33570E+27   1.799999611E+00  -2.544145E-01   1.808558381E+00
    78   13413.032517   3.931043E-06   6.535483E+09    4.30600E+27   1.799999765E+00  -2.539975E-01   1.808558582E+00
    79   13427.855458   2.600296E-06   4.320727E+09    2.53956E+27   1.799999856E+00  -2.536322E-01   1.808558699E+00
    80   13441.118703   1.742472E-06   2.894833E+09    1.49156E+27   1.799999910E+00  -2.533063E-01   1.808558769E+00
    81   13452.777186   1.170102E-06   1.943449E+09    8.74758E+26   1.799999942E+00  -2.530206E-01   1.808558811E+00
    82   13462.985915   7.859340E-07   1.305638E+09    5.12892E+26   1.799999961E+00  -2.527709E-01   1.808558835E+00
    83   13471.914101   5.077320E-07   8.429405E+08    3.09222E+26   1.799999971E+00  -2.525530E-01   1.808558849E+00
    84   13480.266498   3.414446E-07   5.667829E+08    1.81198E+26   1.799999978E+00  -2.523494E-01   1.808558858E+00
    85   13487.557943   2.297978E-07   3.815052E+08    1.06139E+26   1.799999982E+00  -2.521720E-01   1.808558863E+00
    86   13493.912626   1.506466E-07   2.500275E+08    6.25074E+25   1.799999984E+00  -2.520176E-01   1.808558866E+00
    87   13499.630309   1.016680E-07   1.687267E+08    3.65737E+25   1.799999986E+00  -2.518788E-01   1.808558868E+00
    88   13504.593563   6.870548E-08   1.140085E+08    2.13956E+25   1.799999986E+00  -2.517585E-01   1.808558869E+00
    89   13508.894930   4.651533E-08   7.716946E+07    1.25040E+25   1.799999987E+00  -2.516543E-01   1.808558869E+00
    90   13512.612015   3.157969E-08   5.239090E+07    7.30366E+24   1.799999987E+00  -2.515643E-01   1.808558870E+00
    91   13515.812467   2.146832E-08   3.562128E+07    4.26123E+24   1.799999987E+00  -2.514869E-01   1.808558870E+00
    92   13518.560576   1.466549E-08   2.433235E+07    2.48279E+24   1.799999987E+00  -2.514205E-01   1.808558870E+00
    93   13520.905926   1.002652E-08   1.663384E+07    1.44557E+24   1.799999987E+00  -2.513638E-01   1.808558870E+00
    94   13522.904437   6.899571E-09   1.144486E+07    8.39731E+23   1.799999988E+00  -2.513155E-01   1.808558870E+00
    95   13524.592410   4.718854E-09   7.826704E+06    4.88163E+23   1.799999988E+00  -2.512748E-01   1.808558870E+00
    96   13526.027804   3.227156E-09   5.352473E+06    2.85983E+23   1.799999988E+00  -2.512401E-01   1.808558870E+00
    97   13527.257781   2.244775E-09   3.722975E+06    1.65466E+23   1.799999988E+00  -2.512104E-01   1.808558870E+00
    98   13528.281167   1.562016E-09   2.590522E+06    9.57286E+22   1.799999988E+00  -2.511858E-01   1.808558870E+00
    99   13529.132238   1.097383E-09   1.820070E+06    5.51837E+22   1.799999988E+00  -2.511652E-01   1.808558870E+00
   100   13529.830646   7.709536E-10   1.278751E+06    3.18108E+22   1.799999988E+00  -2.511484E-01   1.808558870E+00
   101   13530.403756   5.439437E-10   9.022257E+05    1.83285E+22   1.799999988E+00  -2.511346E-01   1.808558870E+00
   102   13530.871828   3.855118E-10   6.393950E+05    1.05320E+22   1.799999988E+00  -2.511233E-01   1.808558870E+00
   103   13531.251391   2.732246E-10   4.531289E+05    6.05190E+21   1.799999988E+00  -2.511141E-01   1.808558870E+00
   104   13531.559175   1.947313E-10   3.229227E+05    3.47241E+21   1.799999988E+00  -2.511067E-01   1.808558870E+00
   105   13531.806995   1.389955E-10   2.304737E+05    1.99012E+21   1.799999988E+00  -2.511007E-01   1.808558870E+00
   106   13532.006009   9.922260E-11   1.645092E+05    1.14055E+21   1.799999988E+00  -2.510959E-01   1.808558870E+00
   107   13532.165805   7.125777E-11   1.181538E+05    6.52157E+20   1.799999988E+00  -2.510921E-01   1.808558870E+00
   108   13532.293027   5.117446E-11   8.486026E+04    3.72897E+20   1.799999988E+00  -2.510890E-01   1.808558870E+00
   109   13532.394314   3.680600E-11   6.103780E+04    2.13180E+20   1.799999988E+00  -2.510866E-01   1.808558870E+00
   110   13532.474819   2.658049E-11   4.408097E+04    1.21646E+20   1.799999988E+00  -2.510846E-01   1.808558870E+00
   111   13532.538430   1.919584E-11   3.183488E+04    6.94136E+19   1.799999988E+00  -2.510831E-01   1.808558870E+00
   112   13532.588691   1.390655E-11   2.306327E+04    3.95943E+19   1.799999988E+00  -2.510819E-01   1.808558870E+00
   113   13532.628265   1.011232E-11   1.677080E+04    2.25358E+19   1.799999988E+00  -2.510809E-01   1.808558870E+00
   114   13532.659240   7.353302E-12   1.219513E+04    1.28267E+19   1.799999988E+00  -2.510802E-01   1.808558870E+00
   115   13532.683486   5.354253E-12   8.880199E+03    7.29953E+18   1.799999988E+00  -2.510796E-01   1.808558870E+00
   116   13532.702434   3.902319E-12   6.472676E+03    4.15100E+18   1.799999988E+00  -2.510792E-01   1.808558870E+00
   117   13532.717218   2.844112E-12   4.717860E+03    2.36053E+18   1.799999988E+00  -2.510788E-01   1.808558870E+00
   118   13532.728751   2.072863E-12   3.438793E+03    1.34236E+18   1.799999988E+00  -2.510785E-01   1.808558870E+00
   119   13532.737750   1.510756E-12   2.506497E+03    7.63352E+17   1.799999988E+00  -2.510783E-01   1.808558870E+00
   120   13532.744770   1.101078E-12   1.826956E+03    4.34092E+17   1.799999988E+00  -2.510781E-01   1.808558870E+00
   121   13532.750248   8.024939E-13   1.331647E+03    2.46853E+17   1.799999988E+00  -2.510780E-01   1.808558870E+00
   122   13532.754521   5.972973E-13   9.916994E+02    1.40013E+17   1.799999988E+00  -2.510779E-01   1.808558870E+00
   123   13532.757775   4.508199E-13   7.492354E+02    7.85534E+16   1.799999988E+00  -2.510778E-01   1.808558870E+00
   124   13532.760192   3.402636E-13   5.660522E+02    4.40720E+16   1.799999988E+00  -2.510778E-01   1.808558870E+00
   125   13532.761987   2.568195E-13   4.276561E+02    2.47263E+16   1.799999988E+00  -2.510777E-01   1.808558870E+00
   126   13532.763320   1.938387E-13   3.230969E+02    1.38726E+16   1.799999988E+00  -2.510777E-01   1.808558870E+00
   127   13532.764310   1.463029E-13   2.441018E+02    7.78313E+15   1.799999988E+00  -2.510777E-01   1.808558870E+00
   128   13532.765045   1.119669E-13   1.868025E+02    4.35984E+15   1.799999988E+00  -2.510776E-01   1.808558870E+00
   129   13532.765583   8.668253E-14   1.444571E+02    2.42437E+15   1.799999988E+00  -2.510776E-01   1.808558870E+00
   130   13532.765970   6.710790E-14   1.117108E+02    1.34811E+15   1.799999988E+00  -2.510776E-01   1.808558870E+00
   131   13532.766248   5.195360E-14   8.638761E+01    7.49644E+14   1.799999988E+00  -2.510776E-01   1.808558870E+00
   132   13532.766448   4.022145E-14   6.680481E+01    4.16853E+14   1.799999988E+00  -2.510776E-01   1.808558870E+00
   133   13532.766592   3.113865E-14   5.166114E+01    2.31799E+14   1.799999988E+00  -2.510776E-01   1.808558870E+00
   134   13532.766695   2.430621E-14   4.029771E+01    1.28756E+14   1.799999988E+00  -2.510776E-01   1.808558870E+00
   135   13532.766769   1.911663E-14   3.168690E+01    7.11370E+13   1.799999988E+00  -2.510776E-01   1.808558870E+00
   136   13532.766821   1.503507E-14   2.491604E+01    3.93028E+13   1.799999988E+00  -2.510776E-01   1.808558870E+00
   137   13532.766857   1.182496E-14   1.959199E+01    2.17146E+13   1.799999988E+00  -2.510776E-01   1.808558870E+00
   138   13532.766882   9.677988E-15   1.603408E+01    1.19354E+13   1.799999988E+00  -2.510776E-01   1.808558870E+00
   139   13532.766900   8.819786E-15   1.461918E+01    6.21083E+12   1.799999988E+00  -2.510776E-01   1.808558870E+00
   140   13532.766909   8.037686E-15   1.332914E+01    3.23194E+12   1.799999988E+00  -2.510776E-01   1.808558870E+00
   141   13532.766915   7.324940E-15   1.215293E+01    1.68181E+12   1.799999988E+00  -2.510776E-01   1.808558870E+00
   142   13532.766918   6.675252E-15   1.107799E+01    8.75198E+11   1.799999988E+00  -2.510776E-01   1.808558870E+00
   143   13532.766920   6.083157E-15   1.009595E+01    4.55514E+11   1.799999988E+00  -2.510776E-01   1.808558870E+00
   144   13532.766921   5.543581E-15   9.200973E+00    2.37081E+11   1.799999988E+00  -2.510776E-01   1.808558870E+00
   145   13532.766922   5.051865E-15   8.385330E+00    1.23393E+11   1.799999988E+00  -2.510776E-01   1.808558870E+00
   146   13532.766922   4.879130E-15   8.098547E+00    6.32468E+10   1.799999988E+00  -2.510776E-01   1.808558870E+00
   147   13532.766922   4.834040E-15   8.023396E+00    3.17540E+10   1.799999988E+00  -2.510776E-01   1.808558870E+00
   148   13532.766922   4.789367E-15   7.948943E+00    1.59426E+10   1.799999988E+00  -2.510776E-01   1.808558870E+00
   149   13532.766922   4.756956E-15   7.895943E+00    8.00076E+09   1.799999988E+00  -2.510776E-01   1.808558870E+00
   150   13532.766922   4.747919E-15   7.883899E+00    4.00309E+09   1.799999988E+00  -2.510776E-01   1.808558870E+00
   151   13532.766922   4.738900E-15   7.871872E+00    2.00290E+09   1.799999988E+00  -2.510776E-01   1.808558870E+00
   152   13532.766922   4.729898E-15   7.859796E+00    1.00213E+09   1.799999988E+00  -2.510776E-01   1.808558870E+00
