       6     151      51      66

     EOS file :  /Users/jkopp/cernbox/ns-muons/packages/nscool/EOS/MF_B30.dat

  step        radius       baryon#       density        pressure       encl. mass            phi     encl. bar. mass 
                (m)        (#/fm3)       (g/cm3)        (dyn/cm2)      (sol. mass)                     (sol. mass)   

     0       0.000000   2.794505E-01   5.644441E+14    6.37650E+34   0.000000000E+00  -3.690170E-01   0.000000000E+00
     1      10.000000   2.794503E-01   5.644438E+14    6.37649E+34   1.188706180E-09  -3.690169E-01   9.856106145E-10
     2      11.666665   2.794503E-01   5.644438E+14    6.37649E+34   1.887620753E-09  -3.690168E-01   1.565112691E-09
     3      13.611108   2.794503E-01   5.644437E+14    6.37649E+34   2.997470494E-09  -3.690168E-01   2.485340012E-09
     4      15.879623   2.794502E-01   5.644435E+14    6.37648E+34   4.759869227E-09  -3.690167E-01   3.946625807E-09
     5      18.526223   2.794501E-01   5.644434E+14    6.37648E+34   7.558489796E-09  -3.690166E-01   6.267091131E-09
     6      21.613920   2.794500E-01   5.644431E+14    6.37647E+34   1.200258838E-08  -3.690164E-01   9.951898945E-09
     7      25.216230   2.794499E-01   5.644428E+14    6.37646E+34   1.905963669E-08  -3.690162E-01   1.580322608E-08
     8      29.418920   2.794497E-01   5.644423E+14    6.37644E+34   3.026593426E-08  -3.690160E-01   2.509489267E-08
     9      34.322048   2.794494E-01   5.644417E+14    6.37642E+34   4.806104674E-08  -3.690156E-01   3.984966279E-08
    10      40.042349   2.794490E-01   5.644409E+14    6.37639E+34   7.631886844E-08  -3.690151E-01   6.327957823E-08
    11      46.716011   2.794485E-01   5.644398E+14    6.37635E+34   1.211909016E-07  -3.690144E-01   1.004851719E-07
    12      54.501914   2.794478E-01   5.644382E+14    6.37629E+34   1.924452911E-07  -3.690134E-01   1.595657486E-07
    13      63.585407   2.794469E-01   5.644361E+14    6.37622E+34   3.055930289E-07  -3.690121E-01   2.533823752E-07
    14      74.182723   2.794456E-01   5.644333E+14    6.37612E+34   4.852640018E-07  -3.690103E-01   4.023572369E-07
    15      86.546111   2.794438E-01   5.644294E+14    6.37598E+34   7.705674082E-07  -3.690079E-01   6.389184686E-07
    16     100.969827   2.794414E-01   5.644242E+14    6.37579E+34   1.223602562E-06  -3.690046E-01   1.014557421E-06
    17     117.797124   2.794382E-01   5.644170E+14    6.37554E+34   1.942970834E-06  -3.690002E-01   1.611033262E-06
    18     137.428377   2.794337E-01   5.644072E+14    6.37519E+34   3.085225854E-06  -3.689941E-01   2.558160985E-06
    19     160.330564   2.794277E-01   5.643939E+14    6.37472E+34   4.898922102E-06  -3.689858E-01   4.062048410E-06
    20     187.048288   2.794195E-01   5.643758E+14    6.37407E+34   7.778653564E-06  -3.689745E-01   6.449914554E-06
    21     218.216592   2.794083E-01   5.643512E+14    6.37320E+34   1.235080194E-05  -3.689592E-01   1.024121428E-05
    22     254.575846   2.793932E-01   5.643177E+14    6.37200E+34   1.960956513E-05  -3.689383E-01   1.626048386E-05
    23     296.988994   2.793725E-01   5.642721E+14    6.37038E+34   3.113267064E-05  -3.689099E-01   2.581632425E-05
    24     346.461502   2.793443E-01   5.642100E+14    6.36817E+34   4.942328402E-05  -3.688713E-01   4.098516396E-05
    25     404.164350   2.793060E-01   5.641255E+14    6.36517E+34   7.845157285E-05  -3.688187E-01   6.506087911E-05
    26     471.460409   2.792539E-01   5.640106E+14    6.36108E+34   1.245117264E-04  -3.687472E-01   1.032666485E-04
    27     549.934496   2.791831E-01   5.638543E+14    6.35552E+34   1.975764809E-04  -3.686499E-01   1.638807695E-04
    28     641.427332   2.790866E-01   5.636416E+14    6.34797E+34   3.134342914E-04  -3.685176E-01   2.600145343E-04
    29     748.073378   2.789555E-01   5.633524E+14    6.33771E+34   4.970534711E-04  -3.683377E-01   4.124141638E-04
    30     872.342181   2.787773E-01   5.629593E+14    6.32378E+34   7.878607260E-04  -3.680934E-01   6.538644529E-04
    31    1017.082218   2.785350E-01   5.624251E+14    6.30488E+34   1.247987015E-03  -3.677616E-01   1.036083486E-03
    32    1185.565137   2.782061E-01   5.616998E+14    6.27928E+34   1.975070628E-03  -3.673116E-01   1.640461228E-03
    33    1381.526593   2.777597E-01   5.607156E+14    6.24466E+34   3.121969103E-03  -3.667017E-01   2.594664313E-03
    34    1609.197114   2.771557E-01   5.593842E+14    6.19795E+34   4.926756313E-03  -3.658768E-01   4.098056807E-03
    35    1873.311554   2.763382E-01   5.575825E+14    6.13512E+34   7.757599176E-03  -3.647633E-01   6.460054222E-03
    36    2179.083296   2.752338E-01   5.551493E+14    6.05095E+34   1.217834685E-02  -3.632649E-01   1.015686240E-02
    37    2532.113212   2.737495E-01   5.518806E+14    5.93886E+34   1.904106894E-02  -3.612565E-01   1.591296280E-02
    38    2938.193157   2.717877E-01   5.475632E+14    5.79071E+34   2.961041360E-02  -3.585793E-01   2.481353907E-02
    39    3402.923959   2.691570E-01   5.417778E+14    5.59690E+34   4.571348890E-02  -3.550370E-01   3.844650041E-02
    40    3931.240154   2.656655E-01   5.341053E+14    5.34682E+34   6.989665082E-02  -3.503962E-01   5.906464767E-02
    41    4526.481620   2.611330E-01   5.241585E+14    5.02991E+34   1.055353753E-01  -3.443954E-01   8.972951850E-02
    42    5189.080351   2.552773E-01   5.113306E+14    4.63785E+34   1.567442304E-01  -3.367720E-01   1.343146618E-01
    43    5915.090178   2.478023E-01   4.949936E+14    4.16764E+34   2.279597854E-01  -3.273080E-01   1.972487730E-01
    44    6694.496855   2.385065E-01   4.747372E+14    3.62553E+34   3.229483572E-01  -3.159037E-01   2.827424105E-01
    45    7509.465918   2.279482E-01   4.518162E+14    3.03046E+34   4.432188073E-01  -3.026745E-01   3.933699652E-01
    46    8331.133495   2.160944E-01   4.262043E+14    2.41250E+34   5.865647812E-01  -2.880733E-01   5.284617847E-01
    47    9123.153651   2.012365E-01   3.942922E+14    1.82037E+34   7.429784564E-01  -2.729107E-01   6.798935001E-01
    48    9854.310408   1.848711E-01   3.594182E+14    1.29486E+34   8.998509757E-01  -2.581120E-01   8.360059570E-01
    49   10493.247830   1.680277E-01   3.238610E+14    8.67357E+33   1.042679392E+00  -2.446930E-01   9.819404323E-01
    50   11018.283503   1.512295E-01   2.887810E+14    5.49297E+33   1.160141591E+00  -2.334422E-01   1.104833114E+00
    51   11424.170502   1.342249E-01   2.537067E+14    3.31784E+33   1.247627229E+00  -2.246853E-01   1.198241619E+00
    52   11722.858010   1.141746E-01   2.129891E+14    1.92810E+33   1.307541124E+00  -2.182540E-01   1.263314852E+00
    53   11940.597940   9.782207E-02   1.803616E+14    1.09979E+33   1.345305745E+00  -2.136033E-01   1.305062891E+00
    54   12093.160281   7.759988E-02   1.311911E+14    6.17706E+32   1.368268643E+00  -2.103777E-01   1.331018993E+00
    55   12214.291121   5.600539E-02   9.453124E+13    3.60370E+32   1.380971397E+00  -2.078475E-01   1.346470228E+00
    56   12314.643182   3.986732E-02   6.720277E+13    2.09346E+32   1.388673446E+00  -2.057795E-01   1.355849529E+00
    57   12398.261189   2.810016E-02   4.731878E+13    1.21867E+32   1.393265526E+00  -2.040789E-01   1.361443358E+00
    58   12468.543658   1.977058E-02   3.325859E+13    7.07898E+31   1.396015524E+00  -2.026669E-01   1.364793671E+00
    59   12527.448969   1.384965E-02   2.327836E+13    4.11071E+31   1.397649026E+00  -2.014965E-01   1.366783823E+00
    60   12576.901534   9.695050E-03   1.628141E+13    2.38447E+31   1.398616993E+00  -2.005233E-01   1.367963140E+00
    61   12618.325516   6.721358E-03   1.128305E+13    1.38525E+31   1.399186288E+00  -1.997149E-01   1.368656694E+00
    62   12653.342399   4.555483E-03   7.643881E+12    8.08158E+30   1.399519545E+00  -1.990364E-01   1.369062550E+00
    63   12683.709812   2.876670E-03   4.824347E+12    4.77459E+30   1.399712725E+00  -1.984516E-01   1.369297802E+00
    64   12712.307424   1.749092E-03   2.931925E+12    2.90121E+30   1.399823292E+00  -1.979040E-01   1.369432444E+00
    65   12741.060301   9.601966E-04   1.608185E+12    1.81043E+30   1.399888310E+00  -1.973564E-01   1.369511625E+00
    66   12773.950583   5.350437E-04   8.952561E+11    1.13691E+30   1.399928883E+00  -1.967338E-01   1.369561057E+00
    67   12811.284799   2.400865E-04   4.011639E+11    7.13883E+29   1.399954670E+00  -1.960319E-01   1.369592476E+00
    68   12863.950882   1.528741E-04   2.552764E+11    4.30472E+29   1.399972215E+00  -1.950502E-01   1.369613862E+00
    69   12914.372791   1.011422E-04   1.688282E+11    2.55641E+29   1.399983236E+00  -1.941197E-01   1.369627290E+00
    70   12960.098407   6.556001E-05   1.092898E+11    1.52323E+29   1.399989860E+00  -1.932835E-01   1.369635361E+00
    71   13002.561599   4.318309E-05   7.196049E+10    9.04510E+28   1.399993888E+00  -1.925135E-01   1.369640270E+00
    72   13041.173574   2.850195E-05   4.746723E+10    5.32570E+28   1.399996344E+00  -1.918187E-01   1.369643262E+00
    73   13075.897521   1.883810E-05   3.136624E+10    3.16347E+28   1.399997791E+00  -1.911982E-01   1.369645024E+00
    74   13107.320722   1.234192E-05   2.053616E+10    1.86444E+28   1.399998669E+00  -1.906402E-01   1.369646094E+00
    75   13135.778202   7.999921E-06   1.330675E+10    1.10316E+28   1.399999190E+00  -1.901377E-01   1.369646728E+00
    76   13161.905381   5.348742E-06   8.895094E+09    6.49425E+27   1.399999503E+00  -1.896787E-01   1.369647109E+00
    77   13185.030117   3.575016E-06   5.942835E+09    3.81415E+27   1.399999689E+00  -1.892743E-01   1.369647336E+00
    78   13205.448465   2.368736E-06   3.935618E+09    2.24955E+27   1.399999799E+00  -1.889186E-01   1.369647470E+00
    79   13223.703692   1.590254E-06   2.641878E+09    1.31982E+27   1.399999865E+00  -1.886018E-01   1.369647549E+00
    80   13239.714553   1.068175E-06   1.774032E+09    7.74133E+26   1.399999903E+00  -1.883249E-01   1.369647597E+00
    81   13253.742357   6.976545E-07   1.158662E+09    4.55443E+26   1.399999926E+00  -1.880829E-01   1.369647624E+00
    82   13266.411978   4.600790E-07   7.637986E+08    2.70781E+26   1.399999939E+00  -1.878648E-01   1.369647640E+00
    83   13277.866158   3.094490E-07   5.136612E+08    1.58692E+26   1.399999947E+00  -1.876682E-01   1.369647650E+00
    84   13287.869477   2.083123E-07   3.458531E+08    9.29515E+25   1.399999952E+00  -1.874967E-01   1.369647656E+00
    85   13296.588220   1.372555E-07   2.277988E+08    5.50588E+25   1.399999955E+00  -1.873476E-01   1.369647659E+00
    86   13304.441966   9.263699E-08   1.537366E+08    3.22185E+25   1.399999957E+00  -1.872135E-01   1.369647661E+00
    87   13311.261806   6.265632E-08   1.039652E+08    1.88453E+25   1.399999958E+00  -1.870971E-01   1.369647663E+00
    88   13317.168198   4.242206E-08   7.037498E+07    1.10144E+25   1.399999958E+00  -1.869965E-01   1.369647663E+00
    89   13322.273619   2.882474E-08   4.782208E+07    6.42976E+24   1.399999958E+00  -1.869096E-01   1.369647664E+00
    90   13326.663733   1.960123E-08   3.252412E+07    3.75138E+24   1.399999959E+00  -1.868350E-01   1.369647664E+00
    91   13330.432993   1.340319E-08   2.223744E+07    2.18437E+24   1.399999959E+00  -1.867709E-01   1.369647664E+00
    92   13333.645325   9.179895E-09   1.522885E+07    1.27164E+24   1.399999959E+00  -1.867164E-01   1.369647664E+00
    93   13336.377693   6.317120E-09   1.047839E+07    7.38716E+23   1.399999959E+00  -1.866700E-01   1.369647664E+00
    94   13338.685771   4.275178E-09   7.090841E+06    4.29922E+23   1.399999959E+00  -1.866308E-01   1.369647664E+00
    95   13340.671634   2.952454E-09   4.896812E+06    2.50092E+23   1.399999959E+00  -1.865971E-01   1.369647664E+00
    96   13342.345063   2.053722E-09   3.406080E+06    1.44703E+23   1.399999959E+00  -1.865688E-01   1.369647664E+00
    97   13343.737517   1.433127E-09   2.376803E+06    8.36925E+22   1.399999959E+00  -1.865452E-01   1.369647664E+00
    98   13344.891942   1.006842E-09   1.669928E+06    4.82460E+22   1.399999959E+00  -1.865256E-01   1.369647664E+00
    99   13345.839337   7.073499E-10   1.173272E+06    2.78119E+22   1.399999959E+00  -1.865096E-01   1.369647664E+00
   100   13346.616796   5.001075E-10   8.295018E+05    1.60104E+22   1.399999959E+00  -1.864964E-01   1.369647664E+00
   101   13347.249930   3.544452E-10   5.878593E+05    9.20005E+21   1.399999959E+00  -1.864857E-01   1.369647664E+00
   102   13347.763358   2.511904E-10   4.165794E+05    5.28650E+21   1.399999959E+00  -1.864770E-01   1.369647664E+00
   103   13348.179723   1.792959E-10   2.973192E+05    3.02985E+21   1.399999959E+00  -1.864699E-01   1.369647664E+00
   104   13348.514100   1.279784E-10   2.122007E+05    1.73649E+21   1.399999959E+00  -1.864643E-01   1.369647664E+00
   105   13348.782629   9.151549E-11   1.517340E+05    9.95000E+20   1.399999959E+00  -1.864597E-01   1.369647664E+00
   106   13348.997823   6.572293E-11   1.089785E+05    5.68934E+20   1.399999959E+00  -1.864561E-01   1.369647664E+00
   107   13349.169150   4.719962E-11   7.827053E+04    3.25311E+20   1.399999959E+00  -1.864532E-01   1.369647664E+00
   108   13349.305553   3.399999E-11   5.638467E+04    1.85945E+20   1.399999959E+00  -1.864509E-01   1.369647664E+00
   109   13349.413785   2.455407E-11   4.072055E+04    1.06105E+20   1.399999959E+00  -1.864490E-01   1.369647664E+00
   110   13349.499303   1.773241E-11   2.940803E+04    6.05456E+19   1.399999959E+00  -1.864476E-01   1.369647664E+00
   111   13349.566875   1.286790E-11   2.134074E+04    3.45144E+19   1.399999959E+00  -1.864465E-01   1.369647664E+00
   112   13349.619957   9.357060E-12   1.551824E+04    1.96445E+19   1.399999959E+00  -1.864456E-01   1.369647664E+00
   113   13349.661505   6.804104E-12   1.128432E+04    1.11810E+19   1.399999959E+00  -1.864449E-01   1.369647664E+00
   114   13349.694027   4.956683E-12   8.220989E+03    6.36065E+18   1.399999959E+00  -1.864443E-01   1.369647664E+00
   115   13349.719421   3.612561E-12   5.992186E+03    3.61709E+18   1.399999959E+00  -1.864439E-01   1.369647664E+00
   116   13349.739234   2.632929E-12   4.367637E+03    2.05692E+18   1.399999959E+00  -1.864435E-01   1.369647664E+00
   117   13349.754691   1.918947E-12   3.183520E+03    1.16970E+18   1.399999959E+00  -1.864433E-01   1.369647664E+00
   118   13349.766751   1.398578E-12   2.320431E+03    6.65169E+17   1.399999959E+00  -1.864431E-01   1.369647664E+00
   119   13349.776160   1.019320E-12   1.691335E+03    3.78259E+17   1.399999959E+00  -1.864429E-01   1.369647664E+00
   120   13349.783500   7.429067E-13   1.232795E+03    2.15103E+17   1.399999959E+00  -1.864428E-01   1.369647664E+00
   121   13349.789227   5.570313E-13   9.250702E+02    1.21311E+17   1.399999959E+00  -1.864427E-01   1.369647664E+00
   122   13349.793532   4.204284E-13   6.988965E+02    6.80611E+16   1.399999959E+00  -1.864426E-01   1.369647664E+00
   123   13349.796728   3.173252E-13   5.280209E+02    3.81853E+16   1.399999959E+00  -1.864426E-01   1.369647664E+00
   124   13349.799102   2.395064E-13   3.989232E+02    2.14237E+16   1.399999959E+00  -1.864425E-01   1.369647664E+00
   125   13349.800864   1.807713E-13   3.013890E+02    1.20196E+16   1.399999959E+00  -1.864425E-01   1.369647664E+00
   126   13349.802173   1.364401E-13   2.277014E+02    6.74355E+15   1.399999959E+00  -1.864425E-01   1.369647664E+00
   127   13349.803145   1.050268E-13   1.751748E+02    3.76489E+15   1.399999959E+00  -1.864425E-01   1.369647664E+00
   128   13349.803851   8.130967E-14   1.354653E+02    2.09354E+15   1.399999959E+00  -1.864424E-01   1.369647664E+00
   129   13349.804358   6.294833E-14   1.047573E+02    1.16415E+15   1.399999959E+00  -1.864424E-01   1.369647664E+00
   130   13349.804723   4.873335E-14   8.101037E+01    6.47347E+14   1.399999959E+00  -1.864424E-01   1.369647664E+00
   131   13349.804985   3.772839E-14   6.264651E+01    3.59969E+14   1.399999959E+00  -1.864424E-01   1.369647664E+00
   132   13349.805174   2.920857E-14   4.844547E+01    2.00168E+14   1.399999959E+00  -1.864424E-01   1.369647664E+00
   133   13349.805309   2.288437E-14   3.793835E+01    1.10943E+14   1.399999959E+00  -1.864424E-01   1.369647664E+00
   134   13349.805405   1.799837E-14   2.983169E+01    6.12952E+13   1.399999959E+00  -1.864424E-01   1.369647664E+00
   135   13349.805473   1.415557E-14   2.345725E+01    3.38653E+13   1.399999959E+00  -1.864424E-01   1.369647664E+00
   136   13349.805520   1.113324E-14   1.844491E+01    1.87104E+13   1.399999959E+00  -1.864424E-01   1.369647664E+00
   137   13349.805553   9.468575E-15   1.568889E+01    1.02330E+13   1.399999959E+00  -1.864424E-01   1.369647664E+00
   138   13349.805575   8.628943E-15   1.430445E+01    5.32497E+12   1.399999959E+00  -1.864424E-01   1.369647664E+00
   139   13349.805587   7.863766E-15   1.304218E+01    2.77097E+12   1.399999959E+00  -1.864424E-01   1.369647664E+00
   140   13349.805594   7.166442E-15   1.189129E+01    1.44193E+12   1.399999959E+00  -1.864424E-01   1.369647664E+00
   141   13349.805598   6.530787E-15   1.083839E+01    7.50413E+11   1.399999959E+00  -1.864424E-01   1.369647664E+00
   142   13349.805600   5.951506E-15   9.877592E+00    3.90567E+11   1.399999959E+00  -1.864424E-01   1.369647664E+00
   143   13349.805602   5.423607E-15   9.001968E+00    2.03278E+11   1.399999959E+00  -1.864424E-01   1.369647664E+00
   144   13349.805602   4.942533E-15   8.203967E+00    1.05800E+11   1.399999959E+00  -1.864424E-01   1.369647664E+00
   145   13349.805603   4.867990E-15   8.079980E+00    5.33785E+10   1.399999959E+00  -1.864424E-01   1.369647664E+00
   146   13349.805603   4.823003E-15   8.005001E+00    2.67995E+10   1.399999959E+00  -1.864424E-01   1.369647664E+00
   147   13349.805603   4.778432E-15   7.930719E+00    1.34551E+10   1.399999959E+00  -1.864424E-01   1.369647664E+00
   148   13349.805603   4.754736E-15   7.892985E+00    6.75027E+09   1.399999959E+00  -1.864424E-01   1.369647664E+00
   149   13349.805603   4.745704E-15   7.880945E+00    3.37742E+09   1.399999959E+00  -1.864424E-01   1.369647664E+00
   150   13349.805603   4.736689E-15   7.868924E+00    1.68985E+09   1.399999959E+00  -1.864424E-01   1.369647664E+00
   151   13349.805603   4.727677E-15   7.855352E+00    8.45526E+08   1.399999959E+00  -1.864424E-01   1.369647664E+00
