       6     149      38      64

     EOS file :  /Users/jkopp/cernbox/ns-muons/packages/nscool/EOS/MF_B31.dat

  step        radius       baryon#       density        pressure       encl. mass            phi     encl. bar. mass 
                (m)        (#/fm3)       (g/cm3)        (dyn/cm2)      (sol. mass)                     (sol. mass)   

     0       0.000000   1.404948E-01   2.665841E+14    1.13438E+34   0.000000000E+00  -1.869550E-01   0.000000000E+00
     1      10.000000   1.404947E-01   2.665838E+14    1.13438E+34   5.614195612E-10  -1.869549E-01   4.955193773E-10
     2      11.666665   1.404947E-01   2.665838E+14    1.13438E+34   8.915131493E-10  -1.869549E-01   7.868661509E-10
     3      13.611108   1.404946E-01   2.665837E+14    1.13438E+34   1.415689195E-09  -1.869549E-01   1.249513759E-09
     4      15.879623   1.404946E-01   2.665835E+14    1.13438E+34   2.248060592E-09  -1.869549E-01   1.984180425E-09
     5      18.526224   1.404945E-01   2.665833E+14    1.13438E+34   3.569833923E-09  -1.869548E-01   3.150802584E-09
     6      21.613924   1.404944E-01   2.665831E+14    1.13438E+34   5.668757519E-09  -1.869548E-01   5.003352558E-09
     7      25.216238   1.404942E-01   2.665828E+14    1.13438E+34   9.001762887E-09  -1.869547E-01   7.945127241E-09
     8      29.418933   1.404940E-01   2.665823E+14    1.13437E+34   1.429443562E-08  -1.869546E-01   1.261654338E-08
     9      34.322071   1.404937E-01   2.665817E+14    1.13437E+34   2.269896855E-08  -1.869544E-01   2.003455087E-08
    10      40.042389   1.404933E-01   2.665808E+14    1.13437E+34   3.604497920E-08  -1.869542E-01   3.181401081E-08
    11      46.716077   1.404927E-01   2.665797E+14    1.13436E+34   5.723778474E-08  -1.869540E-01   5.051922460E-08
    12      54.502021   1.404919E-01   2.665781E+14    1.13435E+34   9.089081824E-08  -1.869536E-01   8.022212536E-08
    13      63.585582   1.404909E-01   2.665760E+14    1.13434E+34   1.443298179E-07  -1.869531E-01   1.273886136E-07
    14      74.183006   1.404895E-01   2.665731E+14    1.13432E+34   2.291873034E-07  -1.869524E-01   2.022859141E-07
    15      86.546565   1.404876E-01   2.665692E+14    1.13429E+34   3.639342452E-07  -1.869514E-01   3.212171660E-07
    16     100.970555   1.404850E-01   2.665638E+14    1.13426E+34   5.778996127E-07  -1.869501E-01   5.100693488E-07
    17     117.798286   1.404814E-01   2.665565E+14    1.13422E+34   9.176518650E-07  -1.869484E-01   8.099461337E-07
    18     137.430231   1.404766E-01   2.665466E+14    1.13416E+34   1.457129521E-06  -1.869460E-01   1.286110233E-06
    19     160.333515   1.404701E-01   2.665332E+14    1.13408E+34   2.313721560E-06  -1.869428E-01   2.042178231E-06
    20     187.052978   1.404612E-01   2.665149E+14    1.13397E+34   3.673788262E-06  -1.869383E-01   3.242650068E-06
    21     218.224042   1.404491E-01   2.664900E+14    1.13382E+34   5.833157032E-06  -1.869323E-01   5.148660690E-06
    22     254.587676   1.404327E-01   2.664561E+14    1.13361E+34   9.261362141E-06  -1.869242E-01   8.174699263E-06
    23     297.007775   1.404103E-01   2.664100E+14    1.13333E+34   1.470351262E-05  -1.869130E-01   1.297856295E-05
    24     346.491320   1.403798E-01   2.663473E+14    1.13295E+34   2.334174715E-05  -1.868979E-01   2.060395339E-05
    25     404.211693   1.403383E-01   2.662619E+14    1.13243E+34   3.705095486E-05  -1.868773E-01   3.270638211E-05
    26     471.535576   1.402819E-01   2.661459E+14    1.13173E+34   5.880341942E-05  -1.868493E-01   5.191075141E-05
    27     550.053841   1.402052E-01   2.659881E+14    1.13077E+34   9.330829548E-05  -1.868111E-01   8.237670416E-05
    28     641.616820   1.401010E-01   2.657736E+14    1.12948E+34   1.480204376E-04  -1.867593E-01   1.306910490E-04
    29     748.374230   1.399593E-01   2.654822E+14    1.12771E+34   2.347281226E-04  -1.866888E-01   2.072734407E-04
    30     872.819831   1.397670E-01   2.650866E+14    1.12532E+34   3.720437142E-04  -1.865931E-01   3.285839636E-04
    31    1017.840523   1.395060E-01   2.645499E+14    1.12207E+34   5.892933561E-04  -1.864631E-01   5.205760743E-04
    32    1186.768912   1.391524E-01   2.638228E+14    1.11768E+34   9.325543796E-04  -1.862867E-01   8.240675403E-04
    33    1383.437322   1.386741E-01   2.628394E+14    1.11175E+34   1.473947378E-03  -1.860477E-01   1.303031167E-03
    34    1612.229548   1.380318E-01   2.615189E+14    1.10376E+34   2.325780072E-03  -1.857242E-01   2.057266220E-03
    35    1878.118274   1.371684E-01   2.597445E+14    1.09304E+34   3.661693454E-03  -1.852875E-01   3.241452964E-03
    36    2186.696463   1.360143E-01   2.573750E+14    1.07872E+34   5.747608700E-03  -1.846996E-01   5.093266371E-03
    37    2544.155531   1.344804E-01   2.542299E+14    1.05972E+34   8.985582944E-03  -1.839110E-01   7.973667512E-03
    38    2957.217765   1.324608E-01   2.500963E+14    1.03473E+34   1.397286980E-02  -1.828586E-01   1.242214468E-02
    39    3432.955648   1.293355E-01   2.437098E+14    1.00228E+34   2.156955028E-02  -1.814637E-01   1.922264813E-02
    40    3980.613084   1.215170E-01   2.278150E+14    9.61556E+33   3.278590765E-02  -1.796291E-01   2.932714696E-02
    41    4625.771335   1.117459E-01   2.081097E+14    9.11538E+33   4.923336965E-02  -1.771939E-01   4.428163573E-02
    42    5386.580887   1.000767E-01   1.848277E+14    8.52442E+33   7.286994577E-02  -1.740069E-01   6.602325815E-02
    43    6287.739922   8.990109E-02   1.646657E+14    7.85188E+33   1.063142909E-01  -1.698905E-01   9.721420705E-02
    44    7326.934024   8.940204E-02   1.631937E+14    7.05331E+33   1.562811261E-01  -1.647383E-01   1.443405024E-01
    45    8396.752578   8.877892E-02   1.613627E+14    6.16403E+33   2.241754199E-01  -1.589136E-01   2.091234279E-01
    46    9481.637318   8.798978E-02   1.590552E+14    5.18979E+33   3.120304646E-01  -1.524137E-01   2.941522638E-01
    47   10547.904985   8.699031E-02   1.561509E+14    4.16442E+33   4.186235313E-01  -1.454173E-01   3.990739530E-01
    48   11547.619338   8.573860E-02   1.525423E+14    3.14972E+33   5.377178413E-01  -1.383029E-01   5.185924158E-01
    49   12427.574994   8.420480E-02   1.481644E+14    2.22443E+33   6.579473873E-01  -1.316024E-01   6.418428519E-01
    50   13144.219274   8.238428E-02   1.430312E+14    1.45988E+33   7.658315195E-01  -1.258543E-01   7.549373617E-01
    51   13679.160076   8.030778E-02   1.372606E+14    8.92681E+32   8.511427275E-01  -1.214050E-01   8.464166176E-01
    52   14045.085790   6.995367E-02   1.182039E+14    5.20403E+32   9.097916276E-01  -1.182914E-01   9.106565258E-01
    53   14305.241787   5.153972E-02   8.695806E+13    3.14136E+32   9.435392122E-01  -1.160605E-01   9.479410598E-01
    54   14526.302450   3.707464E-02   6.248196E+13    1.87101E+32   9.651535050E-01  -1.141740E-01   9.718902295E-01
    55   14715.226943   2.638344E-02   4.441974E+13    1.10545E+32   9.787127209E-01  -1.125800E-01   9.869370339E-01
    56   14876.496352   1.867072E-02   3.140406E+13    6.48650E+31   9.871214998E-01  -1.112384E-01   9.962768334E-01
    57   15013.495022   1.313811E-02   2.207961E+13    3.79261E+31   9.922593297E-01  -1.101156E-01   1.001986400E+00
    58   15129.724305   9.225979E-03   1.549183E+13    2.21056E+31   9.953736331E-01  -1.091766E-01   1.005448367E+00
    59   15227.939141   6.402495E-03   1.074742E+13    1.28978E+31   9.972370886E-01  -1.083934E-01   1.007519978E+00
    60   15311.742062   4.333431E-03   7.270777E+12    7.56141E+30   9.983432749E-01  -1.077330E-01   1.008749473E+00
    61   15385.262148   2.715961E-03   4.554577E+12    4.50752E+30   9.989896788E-01  -1.071597E-01   1.009467948E+00
    62   15455.977118   1.653765E-03   2.771982E+12    2.74289E+30   9.993704625E-01  -1.066137E-01   1.009891186E+00
    63   15527.405572   8.994637E-04   1.506340E+12    1.72549E+30   9.995941858E-01  -1.060676E-01   1.010139889E+00
    64   15610.933063   5.070647E-04   8.484182E+11    1.08302E+30   9.997384080E-01  -1.054360E-01   1.010300282E+00
    65   15705.122495   2.286981E-04   3.821343E+11    6.79176E+29   9.998312074E-01  -1.047327E-01   1.010403486E+00
    66   15837.962635   1.466180E-04   2.448321E+11    4.09263E+29   9.998951374E-01  -1.037566E-01   1.010474620E+00
    67   15965.285518   9.698888E-05   1.618797E+11    2.43289E+29   9.999358500E-01  -1.028380E-01   1.010519903E+00
    68   16081.841041   6.300459E-05   1.050216E+11    1.45206E+29   9.999607037E-01  -1.020112E-01   1.010547547E+00
    69   16190.834988   4.173227E-05   6.954159E+10    8.64247E+28   9.999760506E-01  -1.012500E-01   1.010564619E+00
    70   16290.302952   2.739777E-05   4.562328E+10    5.10099E+28   9.999855540E-01  -1.005652E-01   1.010575186E+00
    71   16381.028967   1.821604E-05   3.032732E+10    3.02465E+28   9.999912661E-01  -9.994866E-02   1.010581538E+00
    72   16462.973958   1.194253E-05   1.987017E+10    1.78839E+28   9.999947443E-01  -9.939826E-02   1.010585405E+00
    73   16537.756576   7.723332E-06   1.284691E+10    1.06088E+28   9.999968330E-01  -9.890125E-02   1.010587727E+00
    74   16607.069345   5.188569E-06   8.627949E+09    6.23571E+27   9.999981121E-01  -9.844502E-02   1.010589148E+00
    75   16668.304574   3.466318E-06   5.761911E+09    3.66661E+27   9.999988762E-01  -9.804546E-02   1.010589997E+00
    76   16722.668009   2.301345E-06   3.823616E+09    2.16432E+27   9.999993296E-01  -9.769345E-02   1.010590501E+00
    77   16771.378643   1.546013E-06   2.568359E+09    1.27091E+27   9.999996029E-01  -9.738019E-02   1.010590805E+00
    78   16814.240285   1.039090E-06   1.725691E+09    7.46002E+26   9.999997653E-01  -9.710621E-02   1.010590986E+00
    79   16851.899503   6.722106E-07   1.116287E+09    4.39608E+26   9.999998611E-01  -9.686676E-02   1.010591092E+00
    80   16886.378421   4.466640E-07   7.415193E+08    2.60200E+26   9.999999177E-01  -9.664856E-02   1.010591155E+00
    81   16917.241106   3.005751E-07   4.989385E+08    1.52572E+26   9.999999519E-01  -9.645409E-02   1.010591193E+00
    82   16944.246765   2.024106E-07   3.360597E+08    8.94102E+25   9.999999721E-01  -9.628456E-02   1.010591215E+00
    83   16967.827019   1.335998E-07   2.217305E+08    5.30698E+25   9.999999838E-01  -9.613702E-02   1.010591228E+00
    84   16989.105906   9.019480E-08   1.496829E+08    3.10664E+25   9.999999910E-01  -9.600427E-02   1.010591236E+00
    85   17007.609864   6.103031E-08   1.012657E+08    1.81752E+25   9.999999952E-01  -9.588913E-02   1.010591241E+00
    86   17023.650502   4.132977E-08   6.856195E+07    1.06257E+25   9.999999976E-01  -9.578955E-02   1.010591244E+00
    87   17037.530763   2.809388E-08   4.660998E+07    6.20329E+24   9.999999991E-01  -9.570354E-02   1.010591245E+00
    88   17049.472269   1.911572E-08   3.171830E+07    3.61988E+24   1.000000000E+00  -9.562967E-02   1.010591246E+00
    89   17059.728347   1.307290E-08   2.168932E+07    2.10818E+24   1.000000000E+00  -9.556632E-02   1.010591247E+00
    90   17068.475077   8.959035E-09   1.486234E+07    1.22742E+24   1.000000001E+00  -9.551235E-02   1.010591247E+00
    91   17075.915336   6.165714E-09   1.022717E+07    7.13126E+23   1.000000001E+00  -9.546650E-02   1.010591247E+00
    92   17082.203413   4.160961E-09   6.901404E+06    4.15201E+23   1.000000001E+00  -9.542778E-02   1.010591247E+00
    93   17087.633235   2.881428E-09   4.779000E+06    2.41079E+23   1.000000001E+00  -9.539437E-02   1.010591248E+00
    94   17092.189378   2.004429E-09   3.324319E+06    1.39500E+23   1.000000001E+00  -9.536635E-02   1.010591248E+00
    95   17095.981705   1.399871E-09   2.321659E+06    8.06820E+22   1.000000001E+00  -9.534305E-02   1.010591248E+00
    96   17099.123874   9.835149E-10   1.631246E+06    4.65133E+22   1.000000001E+00  -9.532375E-02   1.010591248E+00
    97   17101.703093   6.909833E-10   1.146130E+06    2.68144E+22   1.000000001E+00  -9.530791E-02   1.010591248E+00
    98   17103.820048   4.887873E-10   8.107219E+05    1.54313E+22   1.000000001E+00  -9.529491E-02   1.010591248E+00
    99   17105.542821   3.464292E-10   5.745619E+05    8.86752E+21   1.000000001E+00  -9.528434E-02   1.010591248E+00
   100   17106.940033   2.456464E-10   4.073825E+05    5.09526E+21   1.000000001E+00  -9.527577E-02   1.010591248E+00
   101   17108.072539   1.753410E-10   2.907590E+05    2.92031E+21   1.000000001E+00  -9.526882E-02   1.010591248E+00
   102   17108.982110   1.251567E-10   2.075208E+05    1.67373E+21   1.000000001E+00  -9.526324E-02   1.010591248E+00
   103   17109.712607   8.954012E-11   1.484596E+05    9.59007E+20   1.000000001E+00  -9.525876E-02   1.010591248E+00
   104   17110.297732   6.430471E-11   1.066275E+05    5.48359E+20   1.000000001E+00  -9.525517E-02   1.010591248E+00
   105   17110.763601   4.618136E-11   7.658238E+04    3.13550E+20   1.000000001E+00  -9.525231E-02   1.010591248E+00
   106   17111.134515   3.327978E-11   5.519035E+04    1.79208E+20   1.000000001E+00  -9.525004E-02   1.010591248E+00
   107   17111.428693   2.403403E-11   3.985816E+04    1.02261E+20   1.000000001E+00  -9.524823E-02   1.010591248E+00
   108   17111.661141   1.735690E-11   2.878529E+04    5.83525E+19   1.000000001E+00  -9.524681E-02   1.010591248E+00
   109   17111.844810   1.260025E-11   2.089686E+04    3.32547E+19   1.000000001E+00  -9.524568E-02   1.010591248E+00
   110   17111.988998   9.162452E-12   1.519550E+04    1.89276E+19   1.000000001E+00  -9.524480E-02   1.010591248E+00
   111   17112.101859   6.662600E-12   1.104964E+04    1.07730E+19   1.000000001E+00  -9.524411E-02   1.010591248E+00
   112   17112.190200   4.854220E-12   8.051093E+03    6.12793E+18   1.000000001E+00  -9.524356E-02   1.010591248E+00
   113   17112.259166   3.537886E-12   5.868356E+03    3.48475E+18   1.000000001E+00  -9.524314E-02   1.010591248E+00
   114   17112.312973   2.578505E-12   4.277381E+03    1.98166E+18   1.000000001E+00  -9.524281E-02   1.010591248E+00
   115   17112.354952   1.879283E-12   3.117735E+03    1.12691E+18   1.000000001E+00  -9.524255E-02   1.010591248E+00
   116   17112.387704   1.369670E-12   2.272482E+03    6.40834E+17   1.000000001E+00  -9.524235E-02   1.010591248E+00
   117   17112.413256   9.982515E-13   1.656386E+03    3.64421E+17   1.000000001E+00  -9.524220E-02   1.010591248E+00
   118   17112.433192   7.275516E-13   1.207321E+03    2.07234E+17   1.000000001E+00  -9.524207E-02   1.010591248E+00
   119   17112.448746   5.466026E-13   9.078109E+02    1.16692E+17   1.000000001E+00  -9.524198E-02   1.010591248E+00
   120   17112.460393   4.125573E-13   6.858571E+02    6.54693E+16   1.000000001E+00  -9.524191E-02   1.010591248E+00
   121   17112.469043   3.113843E-13   5.181695E+02    3.67312E+16   1.000000001E+00  -9.524185E-02   1.010591248E+00
   122   17112.475466   2.350224E-13   3.914805E+02    2.06079E+16   1.000000001E+00  -9.524182E-02   1.010591248E+00
   123   17112.480236   1.773870E-13   2.957660E+02    1.15619E+16   1.000000001E+00  -9.524179E-02   1.010591248E+00
   124   17112.483778   1.338857E-13   2.234531E+02    6.48676E+15   1.000000001E+00  -9.524176E-02   1.010591248E+00
   125   17112.486409   1.032162E-13   1.721418E+02    3.61773E+15   1.000000001E+00  -9.524175E-02   1.010591248E+00
   126   17112.488313   7.990792E-14   1.331198E+02    2.01170E+15   1.000000001E+00  -9.524174E-02   1.010591248E+00
   127   17112.489682   6.186313E-14   1.029435E+02    1.11865E+15   1.000000001E+00  -9.524173E-02   1.010591248E+00
   128   17112.490667   4.789321E-14   7.960774E+01    6.22043E+14   1.000000001E+00  -9.524172E-02   1.010591248E+00
   129   17112.491375   3.707797E-14   6.156184E+01    3.45899E+14   1.000000001E+00  -9.524172E-02   1.010591248E+00
   130   17112.491884   2.870503E-14   4.760667E+01    1.92343E+14   1.000000001E+00  -9.524171E-02   1.010591248E+00
   131   17112.492250   2.251094E-14   3.731870E+01    1.06524E+14   1.000000001E+00  -9.524171E-02   1.010591248E+00
   132   17112.492509   1.770467E-14   2.934445E+01    5.88538E+13   1.000000001E+00  -9.524171E-02   1.010591248E+00
   133   17112.492691   1.392457E-14   2.307413E+01    3.25164E+13   1.000000001E+00  -9.524171E-02   1.010591248E+00
   134   17112.492818   1.095156E-14   1.814365E+01    1.79651E+13   1.000000001E+00  -9.524171E-02   1.010591248E+00
   135   17112.492908   9.408393E-15   1.558968E+01    9.78416E+12   1.000000001E+00  -9.524171E-02   1.010591248E+00
   136   17112.492965   8.574098E-15   1.421399E+01    5.09140E+12   1.000000001E+00  -9.524171E-02   1.010591248E+00
   137   17112.492997   7.813785E-15   1.295970E+01    2.64942E+12   1.000000001E+00  -9.524171E-02   1.010591248E+00
   138   17112.493016   7.120892E-15   1.181610E+01    1.37869E+12   1.000000001E+00  -9.524171E-02   1.010591248E+00
   139   17112.493027   6.489275E-15   1.076954E+01    7.17514E+11   1.000000001E+00  -9.524171E-02   1.010591248E+00
   140   17112.493033   5.913676E-15   9.814846E+00    3.73444E+11   1.000000001E+00  -9.524171E-02   1.010591248E+00
   141   17112.493036   5.389133E-15   8.944785E+00    1.94366E+11   1.000000001E+00  -9.524171E-02   1.010591248E+00
   142   17112.493038   4.910105E-15   8.150174E+00    1.01160E+11   1.000000001E+00  -9.524171E-02   1.010591248E+00
   143   17112.493039   4.864729E-15   8.074545E+00    5.07888E+10   1.000000001E+00  -9.524171E-02   1.010591248E+00
   144   17112.493040   4.819772E-15   7.999617E+00    2.54993E+10   1.000000001E+00  -9.524171E-02   1.010591248E+00
   145   17112.493040   4.775231E-15   7.925384E+00    1.28023E+10   1.000000001E+00  -9.524171E-02   1.010591248E+00
   146   17112.493040   4.754081E-15   7.892112E+00    6.41978E+09   1.000000001E+00  -9.524171E-02   1.010591248E+00
   147   17112.493040   4.745050E-15   7.880073E+00    3.21206E+09   1.000000001E+00  -9.524171E-02   1.010591248E+00
   148   17112.493040   4.736037E-15   7.868053E+00    1.60712E+09   1.000000001E+00  -9.524171E-02   1.010591248E+00
   149   17112.493040   4.727022E-15   7.854040E+00    8.04138E+08   1.000000001E+00  -9.524171E-02   1.010591248E+00
