       6     155      55      70

     EOS file :  /Users/jkopp/cernbox/ns-muons/packages/nscool/EOS/nl3wr_test

  step        radius       baryon#       density        pressure       encl. mass            phi     encl. bar. mass 
                (m)        (#/fm3)       (g/cm3)        (dyn/cm2)      (sol. mass)                     (sol. mass)   

     0       0.000000   2.440306E+00   1.379144E+16    1.04853E+37   0.000000000E+00  -2.325045E+00   0.000000000E+00
     1      10.000000   2.440284E+00   1.379122E+16    1.04851E+37   2.904409543E-08  -2.325037E+00   8.606821886E-09
     2      11.666653   2.440277E+00   1.379115E+16    1.04851E+37   4.612068920E-08  -2.325034E+00   1.366726438E-08
     3      13.611078   2.440267E+00   1.379105E+16    1.04850E+37   7.323739675E-08  -2.325030E+00   2.170301141E-08
     4      15.879567   2.440253E+00   1.379091E+16    1.04849E+37   1.162970952E-07  -2.325025E+00   3.446337583E-08
     5      18.526125   2.440235E+00   1.379072E+16    1.04847E+37   1.846729427E-07  -2.325018E+00   5.472613659E-08
     6      21.613757   2.440210E+00   1.379046E+16    1.04845E+37   2.932483189E-07  -2.325009E+00   8.690216321E-08
     7      25.215963   2.440176E+00   1.379011E+16    1.04842E+37   4.656556470E-07  -2.324996E+00   1.379954492E-07
     8      29.418487   2.440130E+00   1.378964E+16    1.04838E+37   7.394183790E-07  -2.324978E+00   2.191274202E-07
     9      34.321352   2.440066E+00   1.378899E+16    1.04832E+37   1.174113807E-06  -2.324954E+00   3.479570687E-07
    10      40.041234   2.439981E+00   1.378811E+16    1.04825E+37   1.864329969E-06  -2.324922E+00   5.525231532E-07
    11      46.714228   2.439864E+00   1.378692E+16    1.04815E+37   2.960229195E-06  -2.324878E+00   8.773435553E-07
    12      54.499068   2.439705E+00   1.378529E+16    1.04801E+37   4.700177344E-06  -2.324818E+00   1.393096698E-06
    13      63.580873   2.439489E+00   1.378307E+16    1.04782E+37   7.462504009E-06  -2.324736E+00   2.211986348E-06
    14      74.175506   2.439194E+00   1.378005E+16    1.04757E+37   1.184757958E-05  -2.324625E+00   3.512121069E-06
    15      86.534630   2.438794E+00   1.377595E+16    1.04722E+37   1.880789978E-05  -2.324474E+00   5.576186229E-06
    16     100.951576   2.438249E+00   1.377037E+16    1.04675E+37   2.985411385E-05  -2.324268E+00   8.852763799E-06
    17     117.768120   2.437509E+00   1.376278E+16    1.04611E+37   4.738102286E-05  -2.323988E+00   1.405351191E-05
    18     137.382303   2.436501E+00   1.375246E+16    1.04524E+37   7.518273950E-05  -2.323607E+00   2.230706399E-05
    19     160.257399   2.435131E+00   1.373844E+16    1.04406E+37   1.192653345E-04  -2.323089E+00   3.540251346E-05
    20     186.932139   2.433270E+00   1.371940E+16    1.04246E+37   1.891256727E-04  -2.322385E+00   5.617411821E-05
    21     218.032274   2.430743E+00   1.369356E+16    1.04028E+37   2.997572604E-04  -2.321428E+00   8.910802813E-05
    22     254.283470   2.427314E+00   1.365853E+16    1.03733E+37   4.747822611E-04  -2.320128E+00   1.412968057E-04
    23     296.525448   2.422667E+00   1.361113E+16    1.03334E+37   7.513118288E-04  -2.318364E+00   2.239360533E-04
    24     345.727066   2.416379E+00   1.354710E+16    1.02795E+37   1.187424648E-03  -2.315972E+00   3.546602829E-04
    25     403.001739   2.407887E+00   1.346085E+16    1.02069E+37   1.873539761E-03  -2.312732E+00   5.611659138E-04
    26     469.622137   2.396450E+00   1.334509E+16    1.01096E+37   2.949431526E-03  -2.308354E+00   8.867829466E-04
    27     547.032415   2.381107E+00   1.319048E+16    9.97985E+36   4.629109218E-03  -2.302450E+00   1.398944376E-03
    28     636.855323   2.360625E+00   1.298536E+16    9.80789E+36   7.236027872E-03  -2.294515E+00   2.201857524E-03
    29     740.890435   2.333464E+00   1.271557E+16    9.58217E+36   1.125059954E-02  -2.283898E+00   3.455054159E-03
    30     861.098630   2.297761E+00   1.236480E+16    9.28949E+36   1.736980310E-02  -2.269773E+00   5.399747033E-03
    31     999.567357   2.251362E+00   1.191555E+16    8.91595E+36   2.657347673E-02  -2.251121E+00   8.394759810E-03
    32    1158.452180   2.191944E+00   1.135116E+16    8.44885E+36   4.018229154E-02  -2.226727E+00   1.296274433E-02
    33    1339.894033   2.117252E+00   1.065919E+16    7.87962E+36   5.987874079E-02  -2.195213E+00   1.984485991E-02
    34    1545.920396   2.025489E+00   9.835887E+15    7.20761E+36   8.764964556E-02  -2.155109E+00   3.005773405E-02
    35    1778.352496   1.915902E+00   8.891512E+15    6.44392E+36   1.256094118E-01  -2.104996E+00   4.494122006E-02
    36    2038.744660   1.788912E+00   7.858385E+15    5.61339E+36   1.757088733E-01  -2.043690E+00   6.618080880E-02
    37    2328.261656   1.647536E+00   6.782860E+15    4.75345E+36   2.393660013E-01  -1.970495E+00   9.577581419E-02
    38    2647.768983   1.495946E+00   5.718645E+15    3.90842E+36   3.171455615E-01  -1.885394E+00   1.359639019E-01
    39    2998.019805   1.340199E+00   4.718589E+15    3.12090E+36   4.086575754E-01  -1.789157E+00   1.891220621E-01
    40    3379.801928   1.186094E+00   3.823929E+15    2.42361E+36   5.127044549E-01  -1.683322E+00   2.576144581E-01
    41    3794.019275   1.039139E+00   3.058722E+15    1.83460E+36   6.276403592E-01  -1.570068E+00   3.436748957E-01
    42    4241.530185   9.031956E-01   2.428893E+15    1.35725E+36   7.517587224E-01  -1.452016E+00   4.492996850E-01
    43    4722.700187   7.811308E-01   1.926725E+15    9.83740E+35   8.835237691E-01  -1.332028E+00   5.760002517E-01
    44    5236.513295   6.741094E-01   1.535944E+15    6.99802E+35   1.021599168E+00  -1.213051E+00   7.245787761E-01
    45    5779.370070   5.820396E-01   1.236898E+15    4.88983E+35   1.164597047E+00  -1.097998E+00   8.945879370E-01
    46    6343.732848   5.039972E-01   1.010214E+15    3.35477E+35   1.310652319E+00  -9.896392E-01   1.083644881E+00
    47    6916.976120   4.382573E-01   8.383896E+14    2.25634E+35   1.456863596E+00  -8.905026E-01   1.286568826E+00
    48    7481.305012   3.832504E-01   7.073471E+14    1.48374E+35   1.598953389E+00  -8.026952E-01   1.494913391E+00
    49    8014.842069   3.366613E-01   6.051847E+14    9.50927E+34   1.731289937E+00  -7.277560E-01   1.697224256E+00
    50    8495.385872   2.966638E-01   5.232475E+14    5.92211E+34   1.847796392E+00  -6.663884E-01   1.880804724E+00
    51    8904.853219   2.613107E-01   4.547323E+14    3.57952E+34   1.943475046E+00  -6.183587E-01   2.034721429E+00
    52    9234.173842   2.291834E-01   3.950599E+14    2.10199E+34   2.016234891E+00  -5.824446E-01   2.153316599E+00
    53    9484.847652   1.997482E-01   3.420252E+14    1.20325E+34   2.067453726E+00  -5.566982E-01   2.237424708E+00
    54    9666.574078   1.725040E-01   2.939905E+14    6.75371E+33   2.101018221E+00  -5.388968E-01   2.292738371E+00
    55    9793.577568   1.471346E-01   2.499169E+14    3.74180E+33   2.121748234E+00  -5.268964E-01   2.326942455E+00
    56    9880.437737   1.230123E-01   2.084253E+14    2.06184E+33   2.133975436E+00  -5.189052E-01   2.347117874E+00
    57    9939.774726   9.988059E-02   1.689033E+14    1.13892E+33   2.140959437E+00  -5.135516E-01   2.358637134E+00
    58    9981.160452   7.888579E-02   1.333759E+14    6.34711E+32   2.144880827E+00  -5.098707E-01   2.365099907E+00
    59   10010.842951   5.649339E-02   9.535902E+13    3.65574E+32   2.147015146E+00  -5.072590E-01   2.368612554E+00
    60   10035.025812   4.000775E-02   6.744017E+13    2.10488E+32   2.148263601E+00  -5.051494E-01   2.370667138E+00
    61   10054.897835   2.809137E-02   4.730395E+13    1.21808E+32   2.148986452E+00  -5.034286E-01   2.371856234E+00
    62   10071.419650   1.970955E-02   3.315568E+13    7.04564E+31   2.149409452E+00  -5.020069E-01   2.372551855E+00
    63   10085.142415   1.377893E-02   2.315920E+13    4.07870E+31   2.149656010E+00  -5.008323E-01   2.372957226E+00
    64   10096.576759   9.630830E-03   1.617330E+13    2.36039E+31   2.149799861E+00  -4.998579E-01   2.373193701E+00
    65   10106.094846   6.667605E-03   1.119275E+13    1.36901E+31   2.149883371E+00  -4.990499E-01   2.373330959E+00
    66   10114.101515   4.512048E-03   7.570896E+12    7.97915E+30   2.149931725E+00  -4.983723E-01   2.373410403E+00
    67   10121.022091   2.841317E-03   4.765001E+12    4.71584E+30   2.149959475E+00  -4.977882E-01   2.373455993E+00
    68   10127.537718   1.726103E-03   2.893351E+12    2.86303E+30   2.149975290E+00  -4.972397E-01   2.373481973E+00
    69   10134.067787   9.444492E-04   1.581771E+12    1.78824E+30   2.149984497E+00  -4.966912E-01   2.373497099E+00
    70   10141.545053   5.270843E-04   8.819316E+11    1.12161E+30   2.149990229E+00  -4.960648E-01   2.373506520E+00
    71   10149.978031   2.365413E-04   3.952400E+11    7.03074E+29   2.149993843E+00  -4.953603E-01   2.373512460E+00
    72   10161.803124   1.506487E-04   2.515613E+11    4.22906E+29   2.149996275E+00  -4.943761E-01   2.373516459E+00
    73   10173.027899   9.946691E-05   1.660254E+11    2.50648E+29   2.149997781E+00  -4.934458E-01   2.373518933E+00
    74   10183.151047   6.441392E-05   1.073730E+11    1.49121E+29   2.149998673E+00  -4.926100E-01   2.373520400E+00
    75   10192.499044   4.245348E-05   7.074404E+10    8.84205E+28   2.149999210E+00  -4.918410E-01   2.373521283E+00
    76   10200.941513   2.789328E-05   4.645073E+10    5.20173E+28   2.149999533E+00  -4.911486E-01   2.373521814E+00
    77   10208.529813   1.846874E-05   3.074936E+10    3.08085E+28   2.149999723E+00  -4.905281E-01   2.373522125E+00
    78   10215.338544   1.208759E-05   2.011205E+10    1.81593E+28   2.149999836E+00  -4.899728E-01   2.373522312E+00
    79   10221.490082   7.819786E-06   1.300728E+10    1.07447E+28   2.149999903E+00  -4.894722E-01   2.373522421E+00
    80   10227.130914   5.235480E-06   8.706187E+09    6.31116E+27   2.149999943E+00  -4.890142E-01   2.373522487E+00
    81   10232.091602   3.494083E-06   5.808123E+09    3.70418E+27   2.149999967E+00  -4.886121E-01   2.373522526E+00
    82   10236.464095   2.316254E-06   3.848394E+09    2.18311E+27   2.149999980E+00  -4.882584E-01   2.373522549E+00
    83   10240.359754   1.554340E-06   2.582203E+09    1.28010E+27   2.149999989E+00  -4.879436E-01   2.373522562E+00
    84   10243.769147   1.043702E-06   1.733355E+09    7.50445E+26   2.149999993E+00  -4.876685E-01   2.373522570E+00
    85   10246.750500   6.755491E-07   1.121847E+09    4.41687E+26   2.149999996E+00  -4.874282E-01   2.373522575E+00
    86   10249.464714   4.481273E-07   7.439495E+08    2.61349E+26   2.149999998E+00  -4.872097E-01   2.373522577E+00
    87   10251.888978   3.013541E-07   5.002310E+08    1.53107E+26   2.149999999E+00  -4.870147E-01   2.373522579E+00
    88   10254.003070   2.028158E-07   3.367321E+08    8.96521E+25   2.150000000E+00  -4.868448E-01   2.373522580E+00
    89   10255.843511   1.337884E-07   2.220435E+08    5.31719E+25   2.150000000E+00  -4.866970E-01   2.373522580E+00
    90   10257.499993   9.028051E-08   1.498252E+08    3.11066E+25   2.150000000E+00  -4.865640E-01   2.373522581E+00
    91   10258.937076   6.106365E-08   1.013210E+08    1.81888E+25   2.150000000E+00  -4.864487E-01   2.373522581E+00
    92   10260.180316   4.133811E-08   6.857579E+07    1.06287E+25   2.150000000E+00  -4.863490E-01   2.373522581E+00
    93   10261.254209   2.809119E-08   4.660553E+07    6.20247E+24   2.150000000E+00  -4.862630E-01   2.373522581E+00
    94   10262.176688   1.910915E-08   3.170739E+07    3.61811E+24   2.150000000E+00  -4.861890E-01   2.373522581E+00
    95   10262.967915   1.306559E-08   2.167718E+07    2.10651E+24   2.150000000E+00  -4.861257E-01   2.373522581E+00
    96   10263.641932   8.952504E-09   1.485150E+07    1.22612E+24   2.150000000E+00  -4.860717E-01   2.373522581E+00
    97   10264.214707   6.160267E-09   1.021813E+07    7.12211E+23   2.150000000E+00  -4.860258E-01   2.373522581E+00
    98   10264.698382   4.156242E-09   6.893577E+06    4.14595E+23   2.150000000E+00  -4.859871E-01   2.373522581E+00
    99   10265.115804   2.878166E-09   4.773588E+06    2.40668E+23   2.150000000E+00  -4.859537E-01   2.373522581E+00
   100   10265.465779   2.001974E-09   3.320248E+06    1.39243E+23   2.150000000E+00  -4.859257E-01   2.373522581E+00
   101   10265.756934   1.398107E-09   2.318734E+06    8.05234E+22   2.150000000E+00  -4.859024E-01   2.373522581E+00
   102   10265.998059   9.822138E-10   1.629088E+06    4.64173E+22   2.150000000E+00  -4.858831E-01   2.373522581E+00
   103   10266.195914   6.900338E-10   1.144556E+06    2.67569E+22   2.150000000E+00  -4.858673E-01   2.373522581E+00
   104   10266.358260   4.881096E-10   8.095976E+05    1.53968E+22   2.150000000E+00  -4.858543E-01   2.373522581E+00
   105   10266.490339   3.459372E-10   5.737458E+05    8.84726E+21   2.150000000E+00  -4.858437E-01   2.373522581E+00
   106   10266.597438   2.452993E-10   4.068067E+05    5.08338E+21   2.150000000E+00  -4.858352E-01   2.373522581E+00
   107   10266.684229   1.750894E-10   2.903417E+05    2.91339E+21   2.150000000E+00  -4.858282E-01   2.373522581E+00
   108   10266.753926   1.249750E-10   2.072193E+05    1.66972E+21   2.150000000E+00  -4.858227E-01   2.373522581E+00
   109   10266.809895   8.941155E-11   1.482465E+05    9.56683E+20   2.150000000E+00  -4.858182E-01   2.373522581E+00
   110   10266.854721   6.421167E-11   1.064733E+05    5.47020E+20   2.150000000E+00  -4.858146E-01   2.373522581E+00
   111   10266.890409   4.611413E-11   7.647093E+04    3.12780E+20   2.150000000E+00  -4.858117E-01   2.373522581E+00
   112   10266.918821   3.323180E-11   5.511078E+04    1.78763E+20   2.150000000E+00  -4.858095E-01   2.373522581E+00
   113   10266.941353   2.399924E-11   3.980047E+04    1.02006E+20   2.150000000E+00  -4.858077E-01   2.373522581E+00
   114   10266.959157   1.733170E-11   2.874351E+04    5.82066E+19   2.150000000E+00  -4.858062E-01   2.373522581E+00
   115   10266.973224   1.258225E-11   2.086700E+04    3.31707E+19   2.150000000E+00  -4.858051E-01   2.373522581E+00
   116   10266.984266   9.149334E-12   1.517374E+04    1.88797E+19   2.150000000E+00  -4.858042E-01   2.373522581E+00
   117   10266.992910   6.653048E-12   1.103380E+04    1.07457E+19   2.150000000E+00  -4.858035E-01   2.373522581E+00
   118   10266.999675   4.847295E-12   8.039610E+03    6.11234E+18   2.150000000E+00  -4.858030E-01   2.373522581E+00
   119   10267.004956   3.532834E-12   5.859979E+03    3.47588E+18   2.150000000E+00  -4.858026E-01   2.373522581E+00
   120   10267.009077   2.574821E-12   4.271270E+03    1.97661E+18   2.150000000E+00  -4.858022E-01   2.373522581E+00
   121   10267.012292   1.876596E-12   3.113279E+03    1.12403E+18   2.150000000E+00  -4.858020E-01   2.373522581E+00
   122   10267.014800   1.367711E-12   2.269232E+03    6.39199E+17   2.150000000E+00  -4.858018E-01   2.373522581E+00
   123   10267.016757   9.968232E-13   1.654017E+03    3.63491E+17   2.150000000E+00  -4.858016E-01   2.373522581E+00
   124   10267.018283   7.265104E-13   1.205593E+03    2.06705E+17   2.150000000E+00  -4.858015E-01   2.373522581E+00
   125   10267.019474   5.458945E-13   9.066389E+02    1.16381E+17   2.150000000E+00  -4.858014E-01   2.373522581E+00
   126   10267.020366   4.120227E-13   6.849715E+02    6.52952E+16   2.150000000E+00  -4.858013E-01   2.373522581E+00
   127   10267.021028   3.109808E-13   5.175004E+02    3.66335E+16   2.150000000E+00  -4.858013E-01   2.373522581E+00
   128   10267.021520   2.347178E-13   3.909749E+02    2.05530E+16   2.150000000E+00  -4.858013E-01   2.373522581E+00
   129   10267.021885   1.771571E-13   2.953840E+02    1.15312E+16   2.150000000E+00  -4.858012E-01   2.373522581E+00
   130   10267.022156   1.337122E-13   2.231645E+02    6.46950E+15   2.150000000E+00  -4.858012E-01   2.373522581E+00
   131   10267.022358   1.030931E-13   1.719356E+02    3.60784E+15   2.150000000E+00  -4.858012E-01   2.373522581E+00
   132   10267.022503   7.981261E-14   1.329603E+02    2.00621E+15   2.150000000E+00  -4.858012E-01   2.373522581E+00
   133   10267.022608   6.178934E-14   1.028202E+02    1.11559E+15   2.150000000E+00  -4.858012E-01   2.373522581E+00
   134   10267.022684   4.783608E-14   7.951237E+01    6.20343E+14   2.150000000E+00  -4.858012E-01   2.373522581E+00
   135   10267.022738   3.703374E-14   6.148808E+01    3.44953E+14   2.150000000E+00  -4.858012E-01   2.373522581E+00
   136   10267.022777   2.867079E-14   4.754964E+01    1.91818E+14   2.150000000E+00  -4.858012E-01   2.373522581E+00
   137   10267.022805   2.248553E-14   3.727655E+01    1.06227E+14   2.150000000E+00  -4.858012E-01   2.373522581E+00
   138   10267.022825   1.768469E-14   2.931130E+01    5.86899E+13   2.150000000E+00  -4.858011E-01   2.373522581E+00
   139   10267.022838   1.390886E-14   2.304806E+01    3.24258E+13   2.150000000E+00  -4.858011E-01   2.373522581E+00
   140   10267.022848   1.093920E-14   1.812315E+01    1.79151E+13   2.150000000E+00  -4.858011E-01   2.373522581E+00
   141   10267.022855   9.404016E-15   1.558246E+01    9.75218E+12   2.150000000E+00  -4.858011E-01   2.373522581E+00
   142   10267.022859   8.570109E-15   1.420741E+01    5.07476E+12   2.150000000E+00  -4.858011E-01   2.373522581E+00
   143   10267.022862   7.810149E-15   1.295371E+01    2.64076E+12   2.150000000E+00  -4.858011E-01   2.373522581E+00
   144   10267.022863   7.117580E-15   1.181063E+01    1.37418E+12   2.150000000E+00  -4.858011E-01   2.373522581E+00
   145   10267.022864   6.486256E-15   1.076453E+01    7.15171E+11   2.150000000E+00  -4.858011E-01   2.373522581E+00
   146   10267.022865   5.910925E-15   9.810282E+00    3.72224E+11   2.150000000E+00  -4.858011E-01   2.373522581E+00
   147   10267.022865   5.386626E-15   8.940626E+00    1.93731E+11   2.150000000E+00  -4.858011E-01   2.373522581E+00
   148   10267.022865   4.909884E-15   8.149807E+00    1.00823E+11   2.150000000E+00  -4.858011E-01   2.373522581E+00
   149   10267.022865   4.864510E-15   8.074180E+00    5.06198E+10   2.150000000E+00  -4.858011E-01   2.373522581E+00
   150   10267.022865   4.819556E-15   7.999256E+00    2.54145E+10   2.150000000E+00  -4.858011E-01   2.373522581E+00
   151   10267.022865   4.775017E-15   7.925026E+00    1.27597E+10   2.150000000E+00  -4.858011E-01   2.373522581E+00
   152   10267.022865   4.754037E-15   7.892054E+00    6.39822E+09   2.150000000E+00  -4.858011E-01   2.373522581E+00
   153   10267.022865   4.745006E-15   7.880015E+00    3.20128E+09   2.150000000E+00  -4.858011E-01   2.373522581E+00
   154   10267.022865   4.735993E-15   7.867995E+00    1.60172E+09   2.150000000E+00  -4.858011E-01   2.373522581E+00
   155   10267.022865   4.726978E-15   7.853952E+00    8.01437E+08   2.150000000E+00  -4.858011E-01   2.373522581E+00
