       6     151      51      66

     EOS file :  /Users/jkopp/cernbox/ns-muons/packages/nscool/EOS/MF_B32.dat

  step        radius       baryon#       density        pressure       encl. mass            phi     encl. bar. mass 
                (m)        (#/fm3)       (g/cm3)        (dyn/cm2)      (sol. mass)                     (sol. mass)   

     0       0.000000   2.597693E-01   5.211694E+14    5.82255E+34   0.000000000E+00  -3.598445E-01   0.000000000E+00
     1      10.000000   2.597692E-01   5.211692E+14    5.82254E+34   1.097570742E-09  -3.598443E-01   9.161960128E-10
     2      11.666665   2.597692E-01   5.211691E+14    5.82254E+34   1.742901136E-09  -3.598443E-01   1.454884931E-09
     3      13.611108   2.597691E-01   5.211690E+14    5.82254E+34   2.767661281E-09  -3.598442E-01   2.310302536E-09
     4      15.879623   2.597691E-01   5.211689E+14    5.82254E+34   4.394941098E-09  -3.598442E-01   3.668673047E-09
     5      18.526224   2.597690E-01   5.211687E+14    5.82253E+34   6.978998284E-09  -3.598441E-01   5.825713024E-09
     6      21.613922   2.597689E-01   5.211685E+14    5.82252E+34   1.108237913E-08  -3.598439E-01   9.251008115E-09
     7      25.216233   2.597687E-01   5.211682E+14    5.82251E+34   1.759838243E-08  -3.598437E-01   1.469024012E-08
     8      29.418925   2.597685E-01   5.211677E+14    5.82250E+34   2.794552510E-08  -3.598435E-01   2.332751806E-08
     9      34.322057   2.597683E-01   5.211671E+14    5.82248E+34   4.437634129E-08  -3.598431E-01   3.704315006E-08
    10      40.042364   2.597679E-01   5.211663E+14    5.82246E+34   7.046773234E-08  -3.598426E-01   5.882296742E-08
    11      46.716035   2.597674E-01   5.211652E+14    5.82242E+34   1.118995999E-07  -3.598420E-01   9.340829832E-08
    12      54.501951   2.597667E-01   5.211636E+14    5.82238E+34   1.776912334E-07  -3.598411E-01   1.483280638E-07
    13      63.585468   2.597657E-01   5.211615E+14    5.82231E+34   2.821645324E-07  -3.598399E-01   2.355376249E-07
    14      74.182821   2.597644E-01   5.211587E+14    5.82223E+34   4.480612828E-07  -3.598383E-01   3.740210335E-07
    15      86.546266   2.597627E-01   5.211549E+14    5.82211E+34   7.114927396E-07  -3.598361E-01   5.939229219E-07
    16     100.970076   2.597603E-01   5.211496E+14    5.82195E+34   1.129798220E-06  -3.598330E-01   9.431089578E-07
    17     117.797519   2.597570E-01   5.211425E+14    5.82173E+34   1.794021754E-06  -3.598289E-01   1.497581797E-06
    18     137.429006   2.597526E-01   5.211328E+14    5.82144E+34   2.848719123E-06  -3.598233E-01   2.378017332E-06
    19     160.331565   2.597466E-01   5.211195E+14    5.82104E+34   4.523398999E-06  -3.598157E-01   3.776015212E-06
    20     187.049880   2.597383E-01   5.211015E+14    5.82049E+34   7.182425014E-06  -3.598053E-01   5.995765484E-06
    21     218.219123   2.597272E-01   5.210770E+14    5.81974E+34   1.140420375E-05  -3.597912E-01   9.520174326E-06
    22     254.579868   2.597120E-01   5.210437E+14    5.81873E+34   1.810681426E-05  -3.597720E-01   1.511578423E-05
    23     296.995382   2.596913E-01   5.209983E+14    5.81735E+34   2.874724813E-05  -3.597459E-01   2.399919975E-05
    24     346.471648   2.596631E-01   5.209366E+14    5.81548E+34   4.563724462E-05  -3.597103E-01   3.810096869E-05
    25     404.180464   2.596247E-01   5.208526E+14    5.81293E+34   7.244363673E-05  -3.596619E-01   6.048375951E-05
    26     471.485996   2.595726E-01   5.207383E+14    5.80946E+34   1.149803177E-04  -3.595960E-01   9.600456321E-05
    27     549.975121   2.595016E-01   5.205828E+14    5.80474E+34   1.824603253E-04  -3.595064E-01   1.523622592E-04
    28     641.491823   2.594051E-01   5.203713E+14    5.79833E+34   2.894721939E-04  -3.593846E-01   2.417525183E-04
    29     748.175735   2.592738E-01   5.200837E+14    5.78961E+34   4.590926972E-04  -3.592190E-01   3.834772261E-04
    30     872.504601   2.590958E-01   5.196936E+14    5.77778E+34   7.277748030E-04  -3.589939E-01   6.080484369E-04
    31    1017.339648   2.588574E-01   5.191711E+14    5.76173E+34   1.152994608E-03  -3.586883E-01   9.636222598E-04
    32    1185.970987   2.585336E-01   5.184616E+14    5.73998E+34   1.825131700E-03  -3.582736E-01   1.526024213E-03
    33    1382.165513   2.580942E-01   5.174990E+14    5.71056E+34   2.885813063E-03  -3.577115E-01   2.414291684E-03
    34    1610.202861   2.574988E-01   5.161946E+14    5.67084E+34   4.555898262E-03  -3.569507E-01   3.814519004E-03
    35    1874.895734   2.566929E-01   5.144297E+14    5.61738E+34   7.177537029E-03  -3.559231E-01   6.015977721E-03
    36    2181.578107   2.556046E-01   5.120470E+14    5.54573E+34   1.127600100E-02  -3.545391E-01   9.464821260E-03
    37    2536.038204   2.541024E-01   5.087595E+14    5.45020E+34   1.764722690E-02  -3.526817E-01   1.484143591E-02
    38    2944.415482   2.520851E-01   5.043474E+14    5.32376E+34   2.747805870E-02  -3.502015E-01   2.316927129E-02
    39    3412.829636   2.494592E-01   4.986112E+14    5.15805E+34   4.249765863E-02  -3.469119E-01   3.595720713E-02
    40    3946.796668   2.458703E-01   4.907768E+14    4.94373E+34   6.513275908E-02  -3.425889E-01   5.535870312E-02
    41    4550.940585   2.411897E-01   4.805759E+14    4.67130E+34   9.864678205E-02  -3.369738E-01   8.433898003E-02
    42    5227.304043   2.350162E-01   4.671483E+14    4.33292E+34   1.471107808E-01  -3.297971E-01   1.267259076E-01
    43    5974.613851   2.305786E-01   4.575180E+14    3.92268E+34   2.154972369E-01  -3.208064E-01   1.873804383E-01
    44    6773.855525   2.274109E-01   4.506524E+14    3.43993E+34   3.087563436E-01  -3.099685E-01   2.714176862E-01
    45    7597.932247   2.238013E-01   4.428414E+14    2.89745E+34   4.289603513E-01  -2.974605E-01   3.818055980E-01
    46    8414.070050   2.141341E-01   4.219804E+14    2.32500E+34   5.726659617E-01  -2.837410E-01   5.167705256E-01
    47    9201.940941   1.997259E-01   3.910623E+14    1.76822E+34   7.297100763E-01  -2.693324E-01   6.682822163E-01
    48    9934.355576   1.838735E-01   3.573030E+14    1.26569E+34   8.883733629E-01  -2.550680E-01   8.256397818E-01
    49   10576.970833   1.673694E-01   3.224794E+14    8.52156E+33   1.033552356E+00  -2.420093E-01   9.735030200E-01
    50   11106.685814   1.508099E-01   2.879102E+14    5.41746E+33   1.153487388E+00  -2.309817E-01   1.098613080E+00
    51   11517.094177   1.339349E-01   2.531129E+14    3.28166E+33   1.243107448E+00  -2.223549E-01   1.194042691E+00
    52   11819.688826   1.138743E-01   2.123852E+14    1.91256E+33   1.304580223E+00  -2.159955E-01   1.260648606E+00
    53   12040.987906   9.766798E-02   1.800569E+14    1.09189E+33   1.343515126E+00  -2.113768E-01   1.303589934E+00
    54   12196.009177   7.730022E-02   1.306820E+14    6.13769E+32   1.367203176E+00  -2.081721E-01   1.330303827E+00
    55   12319.466407   5.580208E-02   9.418640E+13    3.58211E+32   1.380322690E+00  -2.056498E-01   1.346225706E+00
    56   12421.773877   3.972213E-02   6.695731E+13    2.08168E+32   1.388281394E+00  -2.035875E-01   1.355895876E+00
    57   12507.063037   2.800072E-02   4.715085E+13    1.21201E+32   1.393030250E+00  -2.018907E-01   1.361667887E+00
    58   12578.762603   1.970116E-02   3.314153E+13    7.04105E+31   1.395875257E+00  -2.004817E-01   1.365126343E+00
    59   12638.866932   1.380168E-02   2.319753E+13    4.08898E+31   1.397565755E+00  -1.993136E-01   1.367181433E+00
    60   12689.332097   9.661791E-03   1.622542E+13    2.37199E+31   1.398567755E+00  -1.983422E-01   1.368399556E+00
    61   12731.608459   6.697852E-03   1.124356E+13    1.37814E+31   1.399157140E+00  -1.975353E-01   1.369116020E+00
    62   12767.354132   4.538596E-03   7.615504E+12    8.04172E+30   1.399502184E+00  -1.968579E-01   1.369535317E+00
    63   12798.368337   2.864106E-03   4.803256E+12    4.75371E+30   1.399702154E+00  -1.962739E-01   1.369778308E+00
    64   12827.612411   1.741484E-03   2.919159E+12    2.88858E+30   1.399816775E+00  -1.957263E-01   1.369917584E+00
    65   12857.017023   9.553091E-04   1.599987E+12    1.80355E+30   1.399884124E+00  -1.951788E-01   1.369999427E+00
    66   12890.698788   5.327367E-04   8.913940E+11    1.13248E+30   1.399926227E+00  -1.945554E-01   1.370050612E+00
    67   12928.900467   2.391269E-04   3.995604E+11    7.10957E+29   1.399952994E+00  -1.938532E-01   1.370083153E+00
    68   12982.766747   1.523282E-04   2.543652E+11    4.28614E+29   1.399971204E+00  -1.928717E-01   1.370105302E+00
    69   13034.310099   1.007655E-04   1.681981E+11    2.54517E+29   1.399982641E+00  -1.919419E-01   1.370119207E+00
    70   13081.061154   6.532179E-05   1.088877E+11    1.51652E+29   1.399989515E+00  -1.911063E-01   1.370127564E+00
    71   13124.477943   4.303981E-05   7.172161E+10    9.00514E+28   1.399993696E+00  -1.903369E-01   1.370132648E+00
    72   13163.945521   2.838877E-05   4.727821E+10    5.30263E+28   1.399996245E+00  -1.896429E-01   1.370135746E+00
    73   13199.468178   1.877251E-05   3.125670E+10    3.14876E+28   1.399997747E+00  -1.890227E-01   1.370137572E+00
    74   13231.590415   1.229855E-05   2.046383E+10    1.85615E+28   1.399998659E+00  -1.884653E-01   1.370138681E+00
    75   13260.689473   7.970276E-06   1.325746E+10    1.09843E+28   1.399999199E+00  -1.879632E-01   1.370139337E+00
    76   13287.416336   5.330704E-06   8.865007E+09    6.46500E+27   1.399999525E+00  -1.875045E-01   1.370139732E+00
    77   13311.060299   3.562470E-06   5.921953E+09    3.79706E+27   1.399999718E+00  -1.871006E-01   1.370139968E+00
    78   13331.941242   2.360792E-06   3.922415E+09    2.23946E+27   1.399999832E+00  -1.867453E-01   1.370140106E+00
    79   13350.607734   1.584933E-06   2.633035E+09    1.31391E+27   1.399999900E+00  -1.864288E-01   1.370140189E+00
    80   13366.979906   1.064613E-06   1.768111E+09    7.70673E+26   1.399999941E+00  -1.861522E-01   1.370140238E+00
    81   13381.324657   6.944743E-07   1.153365E+09    4.53465E+26   1.399999964E+00  -1.859105E-01   1.370140267E+00
    82   13394.298587   4.583860E-07   7.609869E+08    2.69440E+26   1.399999978E+00  -1.856924E-01   1.370140283E+00
    83   13406.010534   3.083152E-07   5.117800E+08    1.57906E+26   1.399999987E+00  -1.854960E-01   1.370140293E+00
    84   13416.239041   2.075499E-07   3.445878E+08    9.24920E+25   1.399999991E+00  -1.853248E-01   1.370140299E+00
    85   13425.154234   1.367789E-07   2.270077E+08    5.47984E+25   1.399999994E+00  -1.851758E-01   1.370140303E+00
    86   13433.185303   9.231560E-08   1.532031E+08    3.20662E+25   1.399999996E+00  -1.850419E-01   1.370140305E+00
    87   13440.159234   6.244059E-08   1.036071E+08    1.87561E+25   1.399999997E+00  -1.849257E-01   1.370140306E+00
    88   13446.198926   4.227609E-08   7.013270E+07    1.09622E+25   1.399999998E+00  -1.848252E-01   1.370140307E+00
    89   13451.419633   2.872647E-08   4.765910E+07    6.39917E+24   1.399999998E+00  -1.847384E-01   1.370140307E+00
    90   13455.908670   1.953561E-08   3.241520E+07    3.73353E+24   1.399999998E+00  -1.846639E-01   1.370140308E+00
    91   13459.762653   1.335833E-08   2.216300E+07    2.17397E+24   1.399999998E+00  -1.845999E-01   1.370140308E+00
    92   13463.047214   9.149783E-09   1.517888E+07    1.26558E+24   1.399999998E+00  -1.845454E-01   1.370140308E+00
    93   13465.840835   6.296406E-09   1.044402E+07    7.35198E+23   1.399999998E+00  -1.844991E-01   1.370140308E+00
    94   13468.200668   4.259486E-09   7.064815E+06    4.27893E+23   1.399999998E+00  -1.844600E-01   1.370140308E+00
    95   13470.231950   2.942684E-09   4.880606E+06    2.48846E+23   1.399999998E+00  -1.844264E-01   1.370140308E+00
    96   13471.942584   2.046927E-09   3.394810E+06    1.43982E+23   1.399999998E+00  -1.843981E-01   1.370140308E+00
    97   13473.366003   1.428536E-09   2.369191E+06    8.32746E+22   1.399999998E+00  -1.843745E-01   1.370140308E+00
    98   13474.545963   1.003617E-09   1.664580E+06    4.80051E+22   1.399999998E+00  -1.843550E-01   1.370140308E+00
    99   13475.514316   7.050846E-10   1.169516E+06    2.76731E+22   1.399999998E+00  -1.843390E-01   1.370140308E+00
   100   13476.308976   4.985394E-10   8.269004E+05    1.59297E+22   1.399999998E+00  -1.843258E-01   1.370140308E+00
   101   13476.956044   3.533339E-10   5.860159E+05    9.15367E+21   1.399999998E+00  -1.843151E-01   1.370140308E+00
   102   13477.480771   2.504215E-10   4.153039E+05    5.25981E+21   1.399999998E+00  -1.843064E-01   1.370140308E+00
   103   13477.906266   1.787471E-10   2.964089E+05    3.01455E+21   1.399999998E+00  -1.842994E-01   1.370140308E+00
   104   13478.247975   1.275866E-10   2.115510E+05    1.72772E+21   1.399999998E+00  -1.842938E-01   1.370140308E+00
   105   13478.522392   9.124122E-11   1.512794E+05    9.89970E+20   1.399999998E+00  -1.842892E-01   1.370140308E+00
   106   13478.742289   6.552596E-11   1.086520E+05    5.66058E+20   1.399999998E+00  -1.842856E-01   1.370140308E+00
   107   13478.917360   4.705817E-11   7.803603E+04    3.23667E+20   1.399999998E+00  -1.842827E-01   1.370140308E+00
   108   13479.056744   3.390239E-11   5.622282E+04    1.85026E+20   1.399999998E+00  -1.842804E-01   1.370140308E+00
   109   13479.167340   2.448359E-11   4.060367E+04    1.05580E+20   1.399999998E+00  -1.842786E-01   1.370140308E+00
   110   13479.254726   1.768151E-11   2.932362E+04    6.02464E+19   1.399999998E+00  -1.842771E-01   1.370140308E+00
   111   13479.323774   1.283163E-11   2.128058E+04    3.43424E+19   1.399999998E+00  -1.842760E-01   1.370140308E+00
   112   13479.378010   9.330682E-12   1.547449E+04    1.95467E+19   1.399999998E+00  -1.842751E-01   1.370140308E+00
   113   13479.420462   6.784923E-12   1.125251E+04    1.11253E+19   1.399999998E+00  -1.842744E-01   1.370140308E+00
   114   13479.453691   4.942794E-12   8.197959E+03    6.32889E+18   1.399999998E+00  -1.842738E-01   1.370140308E+00
   115   13479.479637   3.602438E-12   5.975401E+03    3.59903E+18   1.399999998E+00  -1.842734E-01   1.370140308E+00
   116   13479.499880   2.625551E-12   4.355402E+03    2.04664E+18   1.399999998E+00  -1.842731E-01   1.370140308E+00
   117   13479.515673   1.913570E-12   3.174602E+03    1.16386E+18   1.399999998E+00  -1.842728E-01   1.370140308E+00
   118   13479.527995   1.394659E-12   2.313931E+03    6.61846E+17   1.399999998E+00  -1.842726E-01   1.370140308E+00
   119   13479.537608   1.016464E-12   1.686597E+03    3.76370E+17   1.399999998E+00  -1.842724E-01   1.370140308E+00
   120   13479.545108   7.408251E-13   1.229341E+03    2.14029E+17   1.399999998E+00  -1.842723E-01   1.370140308E+00
   121   13479.550959   5.556188E-13   9.227326E+02    1.20680E+17   1.399999998E+00  -1.842722E-01   1.370140308E+00
   122   13479.555355   4.193623E-13   6.971305E+02    6.77070E+16   1.399999998E+00  -1.842721E-01   1.370140308E+00
   123   13479.558619   3.165205E-13   5.266866E+02    3.79867E+16   1.399999998E+00  -1.842721E-01   1.370140308E+00
   124   13479.561043   2.388990E-13   3.979151E+02    2.13122E+16   1.399999998E+00  -1.842720E-01   1.370140308E+00
   125   13479.562843   1.803129E-13   3.006274E+02    1.19571E+16   1.399999998E+00  -1.842720E-01   1.370140308E+00
   126   13479.564180   1.360941E-13   2.271260E+02    6.70847E+15   1.399999998E+00  -1.842720E-01   1.370140308E+00
   127   13479.565173   1.047817E-13   1.747643E+02    3.74478E+15   1.399999998E+00  -1.842720E-01   1.370140308E+00
   128   13479.565893   8.111993E-14   1.351478E+02    2.08235E+15   1.399999998E+00  -1.842720E-01   1.370140308E+00
   129   13479.566411   6.280144E-14   1.045118E+02    1.15793E+15   1.399999998E+00  -1.842720E-01   1.370140308E+00
   130   13479.566783   4.861963E-14   8.082051E+01    6.43889E+14   1.399999998E+00  -1.842719E-01   1.370140308E+00
   131   13479.567051   3.764035E-14   6.249969E+01    3.58046E+14   1.399999998E+00  -1.842719E-01   1.370140308E+00
   132   13479.567243   2.914041E-14   4.833193E+01    1.99098E+14   1.399999998E+00  -1.842719E-01   1.370140308E+00
   133   13479.567382   2.283385E-14   3.785452E+01    1.10339E+14   1.399999998E+00  -1.842719E-01   1.370140308E+00
   134   13479.567480   1.795863E-14   2.976576E+01    6.09614E+13   1.399999998E+00  -1.842719E-01   1.370140308E+00
   135   13479.567549   1.412432E-14   2.340542E+01    3.36809E+13   1.399999998E+00  -1.842719E-01   1.370140308E+00
   136   13479.567597   1.110866E-14   1.840415E+01    1.86085E+13   1.399999998E+00  -1.842719E-01   1.370140308E+00
   137   13479.567631   9.463708E-15   1.568086E+01    1.01961E+13   1.399999998E+00  -1.842719E-01   1.370140308E+00
   138   13479.567653   8.624508E-15   1.429713E+01    5.30575E+12   1.399999998E+00  -1.842719E-01   1.370140308E+00
   139   13479.567665   7.859725E-15   1.303551E+01    2.76096E+12   1.399999998E+00  -1.842719E-01   1.370140308E+00
   140   13479.567672   7.162759E-15   1.188521E+01    1.43673E+12   1.399999998E+00  -1.842719E-01   1.370140308E+00
   141   13479.567676   6.527430E-15   1.083282E+01    7.47706E+11   1.399999998E+00  -1.842719E-01   1.370140308E+00
   142   13479.567679   5.948447E-15   9.872518E+00    3.89158E+11   1.399999998E+00  -1.842719E-01   1.370140308E+00
   143   13479.567680   5.420819E-15   8.997344E+00    2.02545E+11   1.399999998E+00  -1.842719E-01   1.370140308E+00
   144   13479.567681   4.939992E-15   8.199753E+00    1.05418E+11   1.399999998E+00  -1.842719E-01   1.370140308E+00
   145   13479.567681   4.867728E-15   8.079543E+00    5.31658E+10   1.399999998E+00  -1.842719E-01   1.370140308E+00
   146   13479.567682   4.822744E-15   8.004569E+00    2.66927E+10   1.399999998E+00  -1.842719E-01   1.370140308E+00
   147   13479.567682   4.778175E-15   7.930290E+00    1.34015E+10   1.399999998E+00  -1.842719E-01   1.370140308E+00
   148   13479.567682   4.754684E-15   7.892915E+00    6.72312E+09   1.399999998E+00  -1.842719E-01   1.370140308E+00
   149   13479.567682   4.745652E-15   7.880875E+00    3.36384E+09   1.399999998E+00  -1.842719E-01   1.370140308E+00
   150   13479.567682   4.736637E-15   7.868854E+00    1.68306E+09   1.399999998E+00  -1.842719E-01   1.370140308E+00
   151   13479.567682   4.727625E-15   7.855247E+00    8.42126E+08   1.399999998E+00  -1.842719E-01   1.370140308E+00
