       6     156      56      71

     EOS file :  /Users/jkopp/cernbox/ns-muons/packages/nscool/EOS/BSk22_test

  step        radius       baryon#       density        pressure       encl. mass            phi     encl. bar. mass 
                (m)        (#/fm3)       (g/cm3)        (dyn/cm2)      (sol. mass)                     (sol. mass)   

     0       0.000000   3.450654E+00   2.416094E+16    3.32376E+37   0.000000000E+00  -2.895122E+00   0.000000000E+00
     1      10.000000   3.450608E+00   2.416030E+16    3.32363E+37   5.088139861E-08  -2.895100E+00   1.217025406E-08
     2      11.666639   3.450592E+00   2.416008E+16    3.32359E+37   8.079686145E-08  -2.895093E+00   1.932576857E-08
     3      13.611040   3.450571E+00   2.415977E+16    3.32354E+37   1.283004649E-07  -2.895082E+00   3.068831002E-08
     4      15.879488   3.450542E+00   2.415936E+16    3.32346E+37   2.037321723E-07  -2.895068E+00   4.873127954E-08
     5      18.525981   3.450502E+00   2.415880E+16    3.32335E+37   3.235100553E-07  -2.895049E+00   7.738214347E-08
     6      21.613504   3.450447E+00   2.415804E+16    3.32321E+37   5.137023620E-07  -2.895023E+00   1.228771340E-07
     7      25.215534   3.450373E+00   2.415700E+16    3.32301E+37   8.156979329E-07  -2.894987E+00   1.951182084E-07
     8      29.417773   3.450273E+00   2.415558E+16    3.32275E+37   1.295206511E-06  -2.894939E+00   3.098272584E-07
     9      34.320181   3.450136E+00   2.415366E+16    3.32238E+37   2.056542048E-06  -2.894873E+00   4.919656365E-07
    10      40.039332   3.449949E+00   2.415104E+16    3.32189E+37   3.265284935E-06  -2.894783E+00   7.811614765E-07
    11      46.711158   3.449696E+00   2.414747E+16    3.32122E+37   5.184227487E-06  -2.894661E+00   1.240322112E-06
    12      54.494136   3.449351E+00   2.414262E+16    3.32031E+37   8.230364864E-06  -2.894495E+00   1.969297398E-06
    13      63.572975   3.448881E+00   2.413602E+16    3.31907E+37   1.306520213E-05  -2.894269E+00   3.126548762E-06
    14      74.162888   3.448242E+00   2.412704E+16    3.31738E+37   2.073774352E-05  -2.893962E+00   4.963498856E-06
    15      86.514511   3.447374E+00   2.411483E+16    3.31509E+37   3.291065989E-05  -2.893544E+00   7.878948176E-06
    16     100.919541   3.446193E+00   2.409824E+16    3.31197E+37   5.221750920E-05  -2.892975E+00   1.250520792E-05
    17     117.717169   3.444587E+00   2.407570E+16    3.30774E+37   8.282585180E-05  -2.892202E+00   1.984427591E-05
    18     137.301349   3.442407E+00   2.404510E+16    3.30199E+37   1.313225808E-04  -2.891152E+00   3.148279004E-05
    19     160.128890   3.439446E+00   2.400359E+16    3.29420E+37   2.081008054E-04  -2.889725E+00   4.993060242E-05
    20     186.728336   3.435432E+00   2.394735E+16    3.28365E+37   3.295216976E-04  -2.887789E+00   7.915251293E-05
    21     217.709406   3.429995E+00   2.387129E+16    3.26941E+37   5.212615920E-04  -2.885165E+00   1.254000552E-04
    22     253.772634   3.422645E+00   2.376866E+16    3.25021E+37   8.234462634E-04  -2.881611E+00   1.985056720E-04
    23     295.718521   3.412730E+00   2.363057E+16    3.22442E+37   1.298426669E-03  -2.876810E+00   3.138817080E-04
    24     344.455085   3.399401E+00   2.344556E+16    3.18996E+37   2.042348977E-03  -2.870339E+00   4.955778137E-04
    25     401.002151   3.381555E+00   2.319900E+16    3.14419E+37   3.201951942E-03  -2.861648E+00   7.808954535E-04
    26     466.489993   3.357796E+00   2.287278E+16    3.08391E+37   4.998121435E-03  -2.850027E+00   1.227229190E-03
    27     542.149274   3.326397E+00   2.244522E+16    3.00538E+37   7.757308637E-03  -2.834579E+00   1.921969201E-03
    28     629.288802   3.285296E+00   2.189167E+16    2.90452E+37   1.195041069E-02  -2.814203E+00   2.996383480E-03
    29     729.258052   3.232148E+00   2.118615E+16    2.77733E+37   1.823539154E-02  -2.787586E+00   4.644268011E-03
    30     843.393410   3.164461E+00   2.030445E+16    2.62054E+37   2.749428589E-02  -2.753242E+00   7.145625985E-03
    31     972.951335   3.079854E+00   1.922879E+16    2.43263E+37   4.084794988E-02  -2.709585E+00   1.089455500E-02
    32    1119.038050   2.976417E+00   1.795366E+16    2.21484E+37   5.962614455E-02  -2.655066E+00   1.642892077E-02
    33    1282.552103   2.853144E+00   1.649138E+16    1.97200E+37   8.527230253E-02  -2.588361E+00   2.445771373E-02
    34    1464.159474   2.710330E+00   1.487525E+16    1.71268E+37   1.191778179E-01  -2.508572E+00   3.588107709E-02
    35    1664.317254   2.549795E+00   1.315846E+16    1.44834E+37   1.624696528E-01  -2.415412E+00   5.179872265E-02
    36    1883.350913   2.374845E+00   1.140782E+16    1.19156E+37   2.158052834E-01  -2.309310E+00   7.350495274E-02
    37    2121.577060   2.189940E+00   9.693886E+15    9.53813E+36   2.792408414E-01  -2.191419E+00   1.024719063E-01
    38    2379.455474   2.000162E+00   8.080333E+15    7.43666E+36   3.522197159E-01  -2.063510E+00   1.403257388E-01
    39    2657.754432   1.810514E+00   6.634358E+15    5.65724E+36   4.337574740E-01  -1.927804E+00   1.888229234E-01
    40    2957.106491   1.625266E+00   5.401400E+15    4.20685E+36   5.228328763E-01  -1.786982E+00   2.497053851E-01
    41    3277.410992   1.447985E+00   4.375567E+15    3.06495E+36   6.182439676E-01  -1.644161E+00   3.244203939E-01
    42    3618.248029   1.281105E+00   3.537407E+15    2.19197E+36   7.187537418E-01  -1.502396E+00   4.139860886E-01
    43    3978.575308   1.126122E+00   2.860163E+15    1.54113E+36   8.230255445E-01  -1.364554E+00   5.187046395E-01
    44    4356.464330   9.837736E-01   2.316931E+15    1.06616E+36   9.295713597E-01  -1.233197E+00   6.378614865E-01
    45    4748.684638   8.542869E-01   1.882107E+15    7.25970E+35   1.036651847E+00  -1.110530E+00   7.694041378E-01
    46    5150.433303   7.375523E-01   1.534063E+15    4.86422E+35   1.142179674E+00  -9.983289E-01   9.097642335E-01
    47    5555.051348   6.332407E-01   1.254799E+15    3.20463E+35   1.243714083E+00  -8.979147E-01   1.053864869E+00
    48    5954.001188   5.408472E-01   1.029908E+15    2.07339E+35   1.338574518E+00  -8.101168E-01   1.195479873E+00
    49    6337.131487   4.597416E-01   8.479936E+14    1.31556E+35   1.424042482E+00  -7.352632E-01   1.327946041E+00
    50    6693.494259   3.891669E-01   7.001686E+14    8.17448E+34   1.497769171E+00  -6.731745E-01   1.445210084E+00
    51    7012.679808   3.282675E-01   5.795225E+14    4.96917E+34   1.558217415E+00  -6.231874E-01   1.542928632E+00
    52    7286.559395   2.761031E-01   4.806312E+14    2.95464E+34   1.605032505E+00  -5.842058E-01   1.619277412E+00
    53    7510.945833   2.316822E-01   3.992299E+14    1.72001E+34   1.639156987E+00  -5.547899E-01   1.675126245E+00
    54    7686.399795   1.939831E-01   3.318780E+14    9.82563E+33   1.662565996E+00  -5.332949E-01   1.713446960E+00
    55    7817.772053   1.619926E-01   2.757732E+14    5.52666E+33   1.677741805E+00  -5.180377E-01   1.738252566E+00
    56    7912.616762   1.347484E-01   2.286161E+14    3.07330E+33   1.687111020E+00  -5.074603E-01   1.753533946E+00
    57    7979.275782   1.114152E-01   1.885926E+14    1.69675E+33   1.692673702E+00  -5.002444E-01   1.762587048E+00
    58    8025.378803   9.148327E-02   1.546093E+14    9.33295E+32   1.695884132E+00  -4.953593E-01   1.767802064E+00
    59    8057.024657   6.965495E-02   1.176967E+14    5.16736E+32   1.697684690E+00  -4.920565E-01   1.770722141E+00
    60    8080.396969   4.986670E-02   8.412165E+13    2.97465E+32   1.698650829E+00  -4.896439E-01   1.772286420E+00
    61    8099.430989   3.510219E-02   5.914831E+13    1.71930E+32   1.699212276E+00  -4.876964E-01   1.773195120E+00
    62    8115.218882   2.464350E-02   4.148204E+13    9.94735E+31   1.699540361E+00  -4.860929E-01   1.773725853E+00
    63    8128.341494   1.726125E-02   2.902788E+13    5.75380E+31   1.699732222E+00  -4.847683E-01   1.774036120E+00
    64    8139.256528   1.206648E-02   2.027452E+13    3.33050E+31   1.699844053E+00  -4.836723E-01   1.774216921E+00
    65    8148.349415   8.416596E-03   1.413101E+13    1.92771E+31   1.699909258E+00  -4.827632E-01   1.774322327E+00
    66    8155.933274   5.819360E-03   9.767968E+12    1.11963E+31   1.699947046E+00  -4.820078E-01   1.774383394E+00
    67    8162.328447   3.900474E-03   6.543377E+12    6.57265E+30   1.699968775E+00  -4.813727E-01   1.774418499E+00
    68    8167.949510   2.390016E-03   4.007483E+12    3.96591E+30   1.699981077E+00  -4.808160E-01   1.774438374E+00
    69    8173.501353   1.413270E-03   2.368370E+12    2.41520E+30   1.699988424E+00  -4.802675E-01   1.774450241E+00
    70    8179.236176   7.657246E-04   1.281947E+12    1.52321E+30   1.699992666E+00  -4.797023E-01   1.774457095E+00
    71    8185.933855   4.385373E-04   7.337061E+11    9.49789E+29   1.699995403E+00  -4.790441E-01   1.774461520E+00
    72    8193.251484   1.988716E-04   3.323068E+11    5.89635E+29   1.699997131E+00  -4.783271E-01   1.774464312E+00
    73    8203.308674   1.290153E-04   2.154445E+11    3.50621E+29   1.699998284E+00  -4.773454E-01   1.774466176E+00
    74    8212.575342   8.452500E-05   1.410319E+11    2.06807E+29   1.699998982E+00  -4.764448E-01   1.774467305E+00
    75    8220.960457   5.483419E-05   9.139074E+10    1.22870E+29   1.699999392E+00  -4.756329E-01   1.774467968E+00
    76    8228.677598   3.655731E-05   6.091057E+10    7.24331E+28   1.699999640E+00  -4.748884E-01   1.774468369E+00
    77    8235.527635   2.364504E-05   3.936747E+10    4.28316E+28   1.699999786E+00  -4.742296E-01   1.774468605E+00
    78    8241.814275   1.586706E-05   2.640499E+10    2.51365E+28   1.699999874E+00  -4.736267E-01   1.774468747E+00
    79    8247.330771   1.036159E-05   1.723440E+10    1.49414E+28   1.699999925E+00  -4.730990E-01   1.774468829E+00
    80    8252.367151   6.760419E-06   1.124619E+10    8.88023E+27   1.699999955E+00  -4.726184E-01   1.774468878E+00
    81    8256.964726   4.535296E-06   7.540079E+09    5.20949E+27   1.699999974E+00  -4.721805E-01   1.774468908E+00
    82    8260.995986   3.010611E-06   5.003481E+09    3.06236E+27   1.699999985E+00  -4.717973E-01   1.774468926E+00
    83    8264.573655   2.008434E-06   3.336823E+09    1.80385E+27   1.699999991E+00  -4.714578E-01   1.774468936E+00
    84    8267.738761   1.348121E-06   2.239368E+09    1.05768E+27   1.699999995E+00  -4.711578E-01   1.774468942E+00
    85    8270.508116   9.052695E-07   1.503551E+09    6.20036E+26   1.699999997E+00  -4.708957E-01   1.774468945E+00
    86    8272.929113   5.770187E-07   9.580064E+08    3.67324E+26   1.699999998E+00  -4.706669E-01   1.774468948E+00
    87    8275.182539   3.879570E-07   6.440232E+08    2.15213E+26   1.699999999E+00  -4.704540E-01   1.774468949E+00
    88    8277.148498   2.610083E-07   4.332916E+08    1.26074E+26   1.699999999E+00  -4.702685E-01   1.774468950E+00
    89    8278.861834   1.725864E-07   2.864822E+08    7.39706E+25   1.700000000E+00  -4.701070E-01   1.774468950E+00
    90    8280.383409   1.155314E-07   1.917383E+08    4.35347E+25   1.700000000E+00  -4.699636E-01   1.774468950E+00
    91    8281.722338   7.797202E-08   1.293946E+08    2.54679E+25   1.700000000E+00  -4.698376E-01   1.774468950E+00
    92    8282.883713   5.278519E-08   8.757755E+07    1.48825E+25   1.700000000E+00  -4.697283E-01   1.774468950E+00
    93    8283.886958   3.578117E-08   5.935837E+07    8.69514E+24   1.700000000E+00  -4.696339E-01   1.774468950E+00
    94    8284.752161   2.432325E-08   4.035641E+07    5.07269E+24   1.700000000E+00  -4.695525E-01   1.774468951E+00
    95    8285.494873   1.658903E-08   2.752474E+07    2.95865E+24   1.700000000E+00  -4.694827E-01   1.774468951E+00
    96    8286.130222   1.134248E-08   1.881762E+07    1.72256E+24   1.700000000E+00  -4.694230E-01   1.774468951E+00
    97    8286.671447   7.790986E-09   1.292404E+07    1.00191E+24   1.700000000E+00  -4.693722E-01   1.774468951E+00
    98    8287.129911   5.361012E-09   8.891981E+06    5.81972E+23   1.700000000E+00  -4.693291E-01   1.774468951E+00
    99    8287.517053   3.624038E-09   6.010806E+06    3.40620E+23   1.700000000E+00  -4.692928E-01   1.774468951E+00
   100    8287.852313   2.520793E-09   4.180806E+06    1.97073E+23   1.700000000E+00  -4.692613E-01   1.774468951E+00
   101    8288.131231   1.753394E-09   2.907938E+06    1.14020E+23   1.700000000E+00  -4.692351E-01   1.774468951E+00
   102    8288.363270   1.228914E-09   2.038178E+06    6.58443E+22   1.700000000E+00  -4.692133E-01   1.774468951E+00
   103    8288.554470   8.633498E-10   1.431975E+06    3.79556E+22   1.700000000E+00  -4.691954E-01   1.774468951E+00
   104    8288.711359   6.071611E-10   1.007105E+06    2.18762E+22   1.700000000E+00  -4.691807E-01   1.774468951E+00
   105    8288.839941   4.303131E-10   7.137163E+05    1.25704E+22   1.700000000E+00  -4.691686E-01   1.774468951E+00
   106    8288.944205   3.049751E-10   5.057964E+05    7.22316E+21   1.700000000E+00  -4.691588E-01   1.774468951E+00
   107    8289.028749   2.168990E-10   3.596946E+05    4.14887E+21   1.700000000E+00  -4.691509E-01   1.774468951E+00
   108    8289.097036   1.548179E-10   2.567173E+05    2.37780E+21   1.700000000E+00  -4.691445E-01   1.774468951E+00
   109    8289.151874   1.105055E-10   1.832213E+05    1.36277E+21   1.700000000E+00  -4.691393E-01   1.774468951E+00
   110    8289.195911   7.923734E-11   1.313814E+05    7.80164E+20   1.700000000E+00  -4.691352E-01   1.774468951E+00
   111    8289.231070   5.690497E-11   9.436041E+04    4.46088E+20   1.700000000E+00  -4.691319E-01   1.774468951E+00
   112    8289.259061   4.086676E-11   6.777126E+04    2.55068E+20   1.700000000E+00  -4.691293E-01   1.774468951E+00
   113    8289.281346   2.950108E-11   4.892419E+04    1.45591E+20   1.700000000E+00  -4.691272E-01   1.774468951E+00
   114    8289.298966   2.130501E-11   3.533257E+04    8.30775E+19   1.700000000E+00  -4.691255E-01   1.774468951E+00
   115    8289.312888   1.539590E-11   2.553324E+04    4.74015E+19   1.700000000E+00  -4.691242E-01   1.774468951E+00
   116    8289.323881   1.119532E-11   1.856687E+04    2.69794E+19   1.700000000E+00  -4.691232E-01   1.774468951E+00
   117    8289.332485   8.140809E-12   1.350116E+04    1.53558E+19   1.700000000E+00  -4.691224E-01   1.774468951E+00
   118    8289.339219   5.922649E-12   9.822634E+03    8.73947E+18   1.700000000E+00  -4.691217E-01   1.774468951E+00
   119    8289.344487   4.316581E-12   7.159605E+03    4.96984E+18   1.700000000E+00  -4.691212E-01   1.774468951E+00
   120    8289.348598   3.146036E-12   5.218553E+03    2.82618E+18   1.700000000E+00  -4.691209E-01   1.774468951E+00
   121    8289.351804   2.292912E-12   3.803742E+03    1.60715E+18   1.700000000E+00  -4.691206E-01   1.774468951E+00
   122    8289.354306   1.671133E-12   2.772503E+03    9.13933E+17   1.700000000E+00  -4.691203E-01   1.774468951E+00
   123    8289.356258   1.217965E-12   2.020845E+03    5.19722E+17   1.700000000E+00  -4.691201E-01   1.774468951E+00
   124    8289.357781   8.876843E-13   1.472970E+03    2.95548E+17   1.700000000E+00  -4.691200E-01   1.774468951E+00
   125    8289.358969   6.524941E-13   1.083010E+03    1.67889E+17   1.700000000E+00  -4.691199E-01   1.774468951E+00
   126    8289.359887   4.924805E-13   8.182208E+02    9.41931E+16   1.700000000E+00  -4.691198E-01   1.774468951E+00
   127    8289.360569   3.717077E-13   6.181711E+02    5.28465E+16   1.700000000E+00  -4.691197E-01   1.774468951E+00
   128    8289.361075   2.805524E-13   4.670323E+02    2.96493E+16   1.700000000E+00  -4.691197E-01   1.774468951E+00
   129    8289.361451   2.117515E-13   3.528459E+02    1.66346E+16   1.700000000E+00  -4.691197E-01   1.774468951E+00
   130    8289.361730   1.598229E-13   2.665773E+02    9.33273E+15   1.700000000E+00  -4.691196E-01   1.774468951E+00
   131    8289.361937   1.212448E-13   2.023519E+02    5.23291E+15   1.700000000E+00  -4.691196E-01   1.774468951E+00
   132    8289.362090   9.386534E-14   1.564817E+02    2.90986E+15   1.700000000E+00  -4.691196E-01   1.774468951E+00
   133    8289.362200   7.266868E-14   1.210096E+02    1.61808E+15   1.700000000E+00  -4.691196E-01   1.774468951E+00
   134    8289.362279   5.625865E-14   9.357852E+01    8.99763E+14   1.700000000E+00  -4.691196E-01   1.774468951E+00
   135    8289.362336   4.355433E-14   7.236565E+01    5.00330E+14   1.700000000E+00  -4.691196E-01   1.774468951E+00
   136    8289.362377   3.371890E-14   5.596142E+01    2.78218E+14   1.700000000E+00  -4.691196E-01   1.774468951E+00
   137    8289.362407   2.617759E-14   4.340324E+01    1.54648E+14   1.700000000E+00  -4.691196E-01   1.774468951E+00
   138    8289.362428   2.058846E-14   3.412884E+01    8.54421E+13   1.700000000E+00  -4.691196E-01   1.774468951E+00
   139    8289.362443   1.619265E-14   2.683619E+01    4.72063E+13   1.700000000E+00  -4.691196E-01   1.774468951E+00
   140    8289.362453   1.273539E-14   2.110183E+01    2.60812E+13   1.700000000E+00  -4.691196E-01   1.774468951E+00
   141    8289.362460   1.001628E-14   1.659280E+01    1.44097E+13   1.700000000E+00  -4.691196E-01   1.774468951E+00
   142    8289.362466   9.066289E-15   1.502565E+01    7.53989E+12   1.700000000E+00  -4.691196E-01   1.774468951E+00
   143    8289.362469   8.262330E-15   1.369974E+01    3.92355E+12   1.700000000E+00  -4.691196E-01   1.774468951E+00
   144    8289.362470   7.529663E-15   1.249083E+01    2.04170E+12   1.700000000E+00  -4.691196E-01   1.774468951E+00
   145    8289.362471   6.861906E-15   1.138756E+01    1.06246E+12   1.700000000E+00  -4.691196E-01   1.774468951E+00
   146    8289.362472   6.253255E-15   1.037808E+01    5.52978E+11   1.700000000E+00  -4.691196E-01   1.774468951E+00
   147    8289.362472   5.698591E-15   9.458089E+00    2.87808E+11   1.700000000E+00  -4.691196E-01   1.774468951E+00
   148    8289.362472   5.193126E-15   8.619654E+00    1.49795E+11   1.700000000E+00  -4.691196E-01   1.774468951E+00
   149    8289.362472   4.892573E-15   8.120953E+00    7.75749E+10   1.700000000E+00  -4.691196E-01   1.774468951E+00
   150    8289.362472   4.847359E-15   8.045595E+00    3.89477E+10   1.700000000E+00  -4.691196E-01   1.774468951E+00
   151    8289.362472   4.802563E-15   7.970935E+00    1.95543E+10   1.700000000E+00  -4.691196E-01   1.774468951E+00
   152    8289.362472   4.759629E-15   7.899505E+00    9.81701E+09   1.700000000E+00  -4.691196E-01   1.774468951E+00
   153    8289.362473   4.750587E-15   7.887455E+00    4.91183E+09   1.700000000E+00  -4.691196E-01   1.774468951E+00
   154    8289.362473   4.741563E-15   7.875424E+00    2.45758E+09   1.700000000E+00  -4.691196E-01   1.774468951E+00
   155    8289.362473   4.732556E-15   7.863410E+00    1.22962E+09   1.700000000E+00  -4.691196E-01   1.774468951E+00
   156    8289.362473   4.723527E-15   7.847048E+00    6.15325E+08   1.700000000E+00  -4.691196E-01   1.774468951E+00
