       6     157      57      72

     EOS file :  /Users/jkopp/cernbox/ns-muons/packages/nscool/EOS/BSk22_test

  step        radius       baryon#       density        pressure       encl. mass            phi     encl. bar. mass 
                (m)        (#/fm3)       (g/cm3)        (dyn/cm2)      (sol. mass)                     (sol. mass)   

     0       0.000000   7.735492E+00   1.222547E+17    3.04923E+38   0.000000000E+00  -4.325468E+00   0.000000000E+00
     1      10.000000   7.734792E+00   1.222325E+17    3.04847E+38   2.574329536E-07  -4.325285E+00   2.728163844E-08
     2      11.666488   7.734546E+00   1.222247E+17    3.04820E+38   4.087620586E-07  -4.325221E+00   4.331993151E-08
     3      13.610643   7.734211E+00   1.222140E+17    3.04784E+38   6.490304462E-07  -4.325134E+00   6.878565039E-08
     4      15.878689   7.733755E+00   1.221996E+17    3.04735E+38   1.030488609E-06  -4.325015E+00   1.092188744E-07
     5      18.524522   7.733134E+00   1.221799E+17    3.04667E+38   1.636059075E-06  -4.324853E+00   1.734136815E-07
     6      21.610976   7.732290E+00   1.221531E+17    3.04576E+38   2.597313245E-06  -4.324632E+00   2.753274796E-07
     7      25.211277   7.731141E+00   1.221166E+17    3.04452E+38   4.122951734E-06  -4.324333E+00   4.371084348E-07
     8      29.410737   7.729579E+00   1.220671E+17    3.04283E+38   6.543887358E-06  -4.323925E+00   6.938931721E-07
     9      34.308691   7.727454E+00   1.219997E+17    3.04054E+38   1.038452782E-05  -4.323371E+00   1.101404347E-06
    10      40.020725   7.724567E+00   1.219082E+17    3.03742E+38   1.647530878E-05  -4.322617E+00   1.747970105E-06
    11      46.681205   7.720644E+00   1.217838E+17    3.03318E+38   2.612997238E-05  -4.321592E+00   2.773513363E-06
    12      54.446128   7.715317E+00   1.216151E+17    3.02744E+38   4.142403795E-05  -4.320200E+00   4.399497639E-06
    13      63.496289   7.708092E+00   1.213865E+17    3.01966E+38   6.563050996E-05  -4.318311E+00   6.976033879E-06
    14      74.040726   7.698302E+00   1.210770E+17    3.00915E+38   1.038979635E-04  -4.315749E+00   1.105573353E-05
    15      86.320366   7.685059E+00   1.206591E+17    2.99495E+38   1.642981529E-04  -4.312279E+00   1.750896737E-05
    16     100.611696   7.667183E+00   1.200960E+17    2.97587E+38   2.594284405E-04  -4.307588E+00   2.770264156E-05
    17     117.230194   7.643127E+00   1.193404E+17    2.95030E+38   4.088296492E-04  -4.301261E+00   4.377520977E-05
    18     136.533076   7.610877E+00   1.183312E+17    2.91625E+38   6.425666041E-04  -4.292753E+00   6.905506336E-05
    19     158.920739   7.567866E+00   1.169919E+17    2.87122E+38   1.006395430E-03  -4.281362E+00   1.086877235E-04
    20     184.836062   7.510893E+00   1.152296E+17    2.81227E+38   1.568958290E-03  -4.266193E+00   1.705578794E-04
    21     214.760625   7.436087E+00   1.129361E+17    2.73603E+38   2.431307640E-03  -4.246135E+00   2.666107574E-04
    22     249.206944   7.338966E+00   1.099931E+17    2.63903E+38   3.738624114E-03  -4.219851E+00   4.146846240E-04
    23     288.706383   7.214645E+00   1.062827E+17    2.51810E+38   5.693101119E-03  -4.185798E+00   6.409491889E-04
    24     333.793472   7.058235E+00   1.017054E+17    2.37104E+38   8.565589832E-03  -4.142284E+00   9.829905916E-04
    25     384.989155   6.865465E+00   9.620317E+16    2.19745E+38   1.270204122E-02  -4.087588E+00   1.493492442E-03
    26     442.787350   6.633452E+00   8.978460E+16    1.99953E+38   1.851989283E-02  -4.020121E+00   2.244362619E-03
    27     507.650172   6.361461E+00   8.254331E+16    1.78240E+38   2.649051667E-02  -3.938620E+00   3.331108057E-03
    28     580.016099   6.051432E+00   7.466207E+16    1.55392E+38   3.710734841E-02  -3.842324E+00   4.877327185E-03
    29     660.321987   5.708072E+00   6.639679E+16    1.32367E+38   5.084443703E-02  -3.731092E+00   7.039376330E-03
    30     749.035762   5.338453E+00   5.804330E+16    1.10142E+38   6.811433379E-02  -3.605434E+00   1.001148586E-02
    31     846.694072   4.951209E+00   4.989601E+16    8.95698E+37   8.923501385E-02  -3.466453E+00   1.403173088E-02
    32     953.939741   4.555569E+00   4.221057E+16    7.12620E+37   1.144125686E-01  -3.315723E+00   1.938924787E-02
    33    1071.556760   4.160457E+00   3.517898E+16    5.55492E+37   1.437416806E-01  -3.155145E+00   2.643300011E-02
    34    1200.503847   3.773808E+00   2.892017E+16    4.24984E+37   1.772218124E-01  -2.986803E+00   3.558236236E-02
    35    1341.949658   3.402154E+00   2.348372E+16    3.19706E+37   2.147847887E-01  -2.812846E+00   4.733992142E-02
    36    1497.313066   3.050464E+00   1.886201E+16    2.36943E+37   2.563288643E-01  -2.635391E+00   6.230720527E-02
    37    1668.310906   2.722160E+00   1.500595E+16    1.73328E+37   3.017547237E-01  -2.456454E+00   8.120452935E-02
    38    1857.013880   2.419267E+00   1.184045E+16    1.25376E+37   3.509996252E-01  -2.277894E+00   1.048967118E-01
    39    2065.909515   2.142617E+00   9.277729E+15    8.98284E+36   4.040668388E-01  -2.101377E+00   1.344269688E-01
    40    2297.969551   1.892072E+00   7.232558E+15    6.38463E+36   4.610566723E-01  -1.928351E+00   1.710617551E-01
    41    2556.593754   1.666291E+00   5.659718E+15    4.50465E+36   5.223986053E-01  -1.760068E+00   2.163275491E-01
    42    2844.085759   1.463623E+00   4.460435E+15    3.15652E+36   5.886793998E-01  -1.598256E+00   2.717501248E-01
    43    3161.690615   1.282233E+00   3.542689E+15    2.19726E+36   6.603358993E-01  -1.444553E+00   3.387444363E-01
    44    3509.487226   1.120148E+00   2.835985E+15    1.51892E+36   7.375627541E-01  -1.300308E+00   4.184269622E-01
    45    3886.009849   9.754775E-01   2.287343E+15    1.04184E+36   8.201542313E-01  -1.166602E+00   5.113035614E-01
    46    4287.919048   8.465086E-01   1.857674E+15    7.08111E+35   9.073556553E-01  -1.044271E+00   6.169050044E-01
    47    4709.704257   7.317619E-01   1.517797E+15    4.76069E+35   9.977296005E-01  -9.339280E-01   7.334249160E-01
    48    5143.592353   6.299618E-01   1.246469E+15    3.15926E+35   1.089109675E+00  -8.359572E-01   8.575040233E-01
    49    5579.549145   5.400145E-01   1.027968E+15    2.06453E+35   1.178658806E+00  -7.505216E-01   9.842490854E-01
    50    6005.634072   4.609482E-01   8.506025E+14    1.32534E+35   1.263107987E+00  -6.775407E-01   1.107649827E+00
    51    6408.808037   3.918607E-01   7.056499E+14    8.33880E+34   1.339189337E+00  -6.166592E-01   1.221424147E+00
    52    6776.267986   3.318819E-01   5.865195E+14    5.13293E+34   1.404195904E+00  -5.672211E-01   1.320151563E+00
    53    7097.274620   2.801469E-01   4.881636E+14    3.08823E+34   1.456539690E+00  -5.282591E-01   1.400378779E+00
    54    7365.063262   2.357823E-01   4.066459E+14    1.81672E+34   1.496088620E+00  -4.985204E-01   1.461260984E+00
    55    7578.116723   1.978945E-01   3.387998E+14    1.04689E+34   1.524101382E+00  -4.765446E-01   1.504432065E+00
    56    7740.137079   1.655845E-01   2.820303E+14    5.92832E+33   1.542762280E+00  -4.607899E-01   1.533167420E+00
    57    7858.612594   1.379751E-01   2.341752E+14    3.31263E+33   1.554537535E+00  -4.497799E-01   1.551268911E+00
    58    7942.679124   1.142759E-01   1.934842E+14    1.83471E+33   1.561645539E+00  -4.422263E-01   1.562174752E+00
    59    8001.194114   9.395667E-02   1.588178E+14    1.01118E+33   1.565796399E+00  -4.370955E-01   1.568532236E+00
    60    8041.529516   7.306319E-02   1.234847E+14    5.59179E+32   1.568150329E+00  -4.336198E-01   1.572131793E+00
    61    8070.735322   5.233006E-02   8.829813E+13    3.22135E+32   1.569413183E+00  -4.311348E-01   1.574059610E+00
    62    8094.563538   3.693206E-02   6.224095E+13    1.85989E+32   1.570151312E+00  -4.291275E-01   1.575186056E+00
    63    8114.282794   2.593493E-02   4.366242E+13    1.07652E+32   1.570582237E+00  -4.274803E-01   1.575843349E+00
    64    8130.692536   1.818087E-02   3.057819E+13    6.22842E+31   1.570834845E+00  -4.261192E-01   1.576228524E+00
    65    8144.346223   1.271143E-02   2.136085E+13    3.60613E+31   1.570982346E+00  -4.249935E-01   1.576453374E+00
    66    8155.729878   8.884696E-03   1.491749E+13    2.08726E+31   1.571068509E+00  -4.240596E-01   1.576584704E+00
    67    8165.211581   6.138715E-03   1.030433E+13    1.21247E+31   1.571118486E+00  -4.232850E-01   1.576660860E+00
    68    8173.217981   4.131843E-03   6.932080E+12    7.09675E+30   1.571147381E+00  -4.226332E-01   1.576704876E+00
    69    8180.207813   2.559831E-03   4.292505E+12    4.24807E+30   1.571163834E+00  -4.220660E-01   1.576729937E+00
    70    8186.984236   1.546011E-03   2.591162E+12    2.58241E+30   1.571173497E+00  -4.215175E-01   1.576744655E+00
    71    8193.827130   8.351431E-04   1.398411E+12    1.62912E+30   1.571179051E+00  -4.209652E-01   1.576753116E+00
    72    8201.846693   4.749097E-04   7.945910E+11    1.02073E+30   1.571182612E+00  -4.203199E-01   1.576758543E+00
    73    8210.717319   2.146751E-04   3.587025E+11    6.36501E+29   1.571184873E+00  -4.196085E-01   1.576761988E+00
    74    8223.007828   1.380771E-04   2.305731E+11    3.80614E+29   1.571186388E+00  -4.186271E-01   1.576764299E+00
    75    8234.499731   9.078458E-05   1.515012E+11    2.25015E+29   1.571187317E+00  -4.177138E-01   1.576765715E+00
    76    8244.889306   5.885616E-05   9.810046E+10    1.33787E+29   1.571187866E+00  -4.168918E-01   1.576766551E+00
    77    8254.470342   3.906299E-05   6.509060E+10    7.91354E+28   1.571188196E+00  -4.161367E-01   1.576767055E+00
    78    8263.045824   2.516602E-05   4.189627E+10    4.65411E+28   1.571188395E+00  -4.154633E-01   1.576767357E+00
    79    8270.909108   1.687734E-05   2.809190E+10    2.73134E+28   1.571188512E+00  -4.148479E-01   1.576767537E+00
    80    8277.814130   1.103341E-05   1.835436E+10    1.61782E+28   1.571188581E+00  -4.143091E-01   1.576767641E+00
    81    8284.091785   7.166023E-06   1.192047E+10    9.59894E+27   1.571188622E+00  -4.138205E-01   1.576767703E+00
    82    8289.841633   4.807319E-06   7.992282E+09    5.63117E+27   1.571188646E+00  -4.133740E-01   1.576767740E+00
    83    8294.884688   3.196660E-06   5.313104E+09    3.30619E+27   1.571188661E+00  -4.129833E-01   1.576767762E+00
    84    8299.347955   2.127128E-06   3.534081E+09    1.94792E+27   1.571188669E+00  -4.126381E-01   1.576767775E+00
    85    8303.308620   1.427702E-06   2.371666E+09    1.14223E+27   1.571188674E+00  -4.123323E-01   1.576767783E+00
    86    8306.775107   9.587078E-07   1.592162E+09    6.69646E+26   1.571188677E+00  -4.120651E-01   1.576767787E+00
    87    8309.806694   6.070484E-07   1.007879E+09    3.93285E+26   1.571188679E+00  -4.118317E-01   1.576767790E+00
    88    8312.622778   4.081486E-07   6.775552E+08    2.30436E+26   1.571188680E+00  -4.116151E-01   1.576767792E+00
    89    8315.080085   2.745527E-07   4.557642E+08    1.34997E+26   1.571188681E+00  -4.114263E-01   1.576767793E+00
    90    8317.222370   1.828633E-07   3.035683E+08    7.91492E+25   1.571188681E+00  -4.112619E-01   1.576767793E+00
    91    8319.109789   1.217618E-07   2.020803E+08    4.67656E+25   1.571188681E+00  -4.111172E-01   1.576767793E+00
    92    8320.786346   8.216622E-08   1.363569E+08    2.73594E+25   1.571188681E+00  -4.109887E-01   1.576767794E+00
    93    8322.240954   5.561170E-08   9.226984E+07    1.59909E+25   1.571188681E+00  -4.108773E-01   1.576767794E+00
    94    8323.498115   3.767283E-08   6.249527E+07    9.34358E+24   1.571188681E+00  -4.107810E-01   1.576767794E+00
    95    8324.583218   2.560945E-08   4.248961E+07    5.45107E+24   1.571188681E+00  -4.106980E-01   1.576767794E+00
    96    8325.514754   1.744930E-08   2.895251E+07    3.17931E+24   1.571188681E+00  -4.106267E-01   1.576767794E+00
    97    8326.312410   1.193077E-08   1.979390E+07    1.85105E+24   1.571188681E+00  -4.105657E-01   1.576767794E+00
    98    8326.991927   8.189384E-09   1.358514E+07    1.07722E+24   1.571188681E+00  -4.105138E-01   1.576767794E+00
    99    8327.568261   5.635186E-09   9.346892E+06    6.25722E+23   1.571188681E+00  -4.104698E-01   1.576767794E+00
   100    8328.054953   3.796721E-09   6.297249E+06    3.65378E+23   1.571188681E+00  -4.104326E-01   1.576767794E+00
   101    8328.476862   2.640919E-09   4.380061E+06    2.11399E+23   1.571188681E+00  -4.104003E-01   1.576767794E+00
   102    8328.827877   1.836957E-09   3.046539E+06    1.22309E+23   1.571188681E+00  -4.103735E-01   1.576767794E+00
   103    8329.119901   1.286117E-09   2.133033E+06    7.06882E+22   1.571188681E+00  -4.103512E-01   1.576767794E+00
   104    8329.360986   9.035389E-10   1.498622E+06    4.07480E+22   1.571188681E+00  -4.103328E-01   1.576767794E+00
   105    8329.558810   6.347633E-10   1.052895E+06    2.34889E+22   1.571188681E+00  -4.103177E-01   1.576767794E+00
   106    8329.721133   4.497968E-10   7.460384E+05    1.34989E+22   1.571188681E+00  -4.103053E-01   1.576767794E+00
   107    8329.852798   3.187841E-10   5.287031E+05    7.75671E+21   1.571188681E+00  -4.102953E-01   1.576767794E+00
   108    8329.959561   2.264830E-10   3.755929E+05    4.45585E+21   1.571188681E+00  -4.102871E-01   1.576767794E+00
   109    8330.045896   1.616588E-10   2.680643E+05    2.55374E+21   1.571188681E+00  -4.102805E-01   1.576767794E+00
   110    8330.115227   1.153885E-10   1.913198E+05    1.46360E+21   1.571188681E+00  -4.102752E-01   1.576767794E+00
   111    8330.170903   8.268436E-11   1.370953E+05    8.38322E+20   1.571188681E+00  -4.102710E-01   1.576767794E+00
   112    8330.215407   5.938050E-11   9.846432E+04    4.79343E+20   1.571188681E+00  -4.102676E-01   1.576767794E+00
   113    8330.250839   4.264459E-11   7.071878E+04    2.74083E+20   1.571188681E+00  -4.102649E-01   1.576767794E+00
   114    8330.279047   3.076581E-11   5.102147E+04    1.56516E+20   1.571188681E+00  -4.102627E-01   1.576767794E+00
   115    8330.301374   2.221837E-11   3.684722E+04    8.93114E+19   1.571188681E+00  -4.102610E-01   1.576767794E+00
   116    8330.319016   1.604559E-11   2.661070E+04    5.09629E+19   1.571188681E+00  -4.102597E-01   1.576767794E+00
   117    8330.332955   1.166466E-11   1.934525E+04    2.90123E+19   1.571188681E+00  -4.102586E-01   1.576767794E+00
   118    8330.343871   8.482102E-12   1.406718E+04    1.65129E+19   1.571188681E+00  -4.102578E-01   1.576767794E+00
   119    8330.352415   6.168874E-12   1.023088E+04    9.39836E+18   1.571188681E+00  -4.102571E-01   1.576767794E+00
   120    8330.359101   4.496036E-12   7.457172E+03    5.34453E+18   1.571188681E+00  -4.102566E-01   1.576767794E+00
   121    8330.364318   3.276827E-12   5.435446E+03    3.03925E+18   1.571188681E+00  -4.102562E-01   1.576767794E+00
   122    8330.368388   2.388236E-12   3.961834E+03    1.72832E+18   1.571188681E+00  -4.102559E-01   1.576767794E+00
   123    8330.371563   1.740608E-12   2.887734E+03    9.82836E+17   1.571188681E+00  -4.102557E-01   1.576767794E+00
   124    8330.374040   1.268600E-12   2.104836E+03    5.58906E+17   1.571188681E+00  -4.102555E-01   1.576767794E+00
   125    8330.375973   9.245885E-13   1.534190E+03    3.17830E+17   1.571188681E+00  -4.102553E-01   1.576767794E+00
   126    8330.377481   6.761873E-13   1.122196E+03    1.80652E+17   1.571188681E+00  -4.102552E-01   1.576767794E+00
   127    8330.378652   5.103633E-13   8.478264E+02    1.01354E+17   1.571188681E+00  -4.102551E-01   1.576767794E+00
   128    8330.379523   3.852050E-13   6.405384E+02    5.68640E+16   1.571188681E+00  -4.102551E-01   1.576767794E+00
   129    8330.380169   2.907397E-13   4.839309E+02    3.19032E+16   1.571188681E+00  -4.102550E-01   1.576767794E+00
   130    8330.380649   2.194405E-13   3.656129E+02    1.78991E+16   1.571188681E+00  -4.102550E-01   1.576767794E+00
   131    8330.381005   1.656263E-13   2.762229E+02    1.00422E+16   1.571188681E+00  -4.102550E-01   1.576767794E+00
   132    8330.381270   1.252030E-13   2.089872E+02    5.63290E+15   1.571188681E+00  -4.102549E-01   1.576767794E+00
   133    8330.381466   9.692967E-14   1.616129E+02    3.13228E+15   1.571188681E+00  -4.102549E-01   1.576767794E+00
   134    8330.381607   7.504102E-14   1.249776E+02    1.74176E+15   1.571188681E+00  -4.102549E-01   1.576767794E+00
   135    8330.381708   5.809527E-14   9.664706E+01    9.68539E+14   1.571188681E+00  -4.102549E-01   1.576767794E+00
   136    8330.381781   4.497620E-14   7.473859E+01    5.38574E+14   1.571188681E+00  -4.102549E-01   1.576767794E+00
   137    8330.381834   3.481968E-14   5.779645E+01    2.99484E+14   1.571188681E+00  -4.102549E-01   1.576767794E+00
   138    8330.381871   2.697293E-14   4.472316E+01    1.66516E+14   1.571188681E+00  -4.102549E-01   1.576767794E+00
   139    8330.381898   2.121399E-14   3.516671E+01    9.19989E+13   1.571188681E+00  -4.102549E-01   1.576767794E+00
   140    8330.381917   1.668462E-14   2.765229E+01    5.08289E+13   1.571188681E+00  -4.102549E-01   1.576767794E+00
   141    8330.381931   1.312232E-14   2.174355E+01    2.80827E+13   1.571188681E+00  -4.102549E-01   1.576767794E+00
   142    8330.381940   1.032060E-14   1.709739E+01    1.55155E+13   1.571188681E+00  -4.102549E-01   1.576767794E+00
   143    8330.381947   9.180118E-15   1.521334E+01    8.23159E+12   1.571188681E+00  -4.102549E-01   1.576767794E+00
   144    8330.381951   8.366066E-15   1.387086E+01    4.28349E+12   1.571188681E+00  -4.102549E-01   1.576767794E+00
   145    8330.381953   7.624200E-15   1.264685E+01    2.22901E+12   1.571188681E+00  -4.102549E-01   1.576767794E+00
   146    8330.381954   6.948100E-15   1.153051E+01    1.15992E+12   1.571188681E+00  -4.102549E-01   1.576767794E+00
   147    8330.381955   6.331803E-15   1.050836E+01    6.03702E+11   1.571188681E+00  -4.102549E-01   1.576767794E+00
   148    8330.381955   5.770172E-15   9.576820E+00    3.14208E+11   1.571188681E+00  -4.102549E-01   1.576767794E+00
   149    8330.381956   5.258358E-15   8.727860E+00    1.63536E+11   1.571188681E+00  -4.102549E-01   1.576767794E+00
   150    8330.381956   4.898474E-15   8.130790E+00    8.48348E+10   1.571188681E+00  -4.102549E-01   1.576767794E+00
   151    8330.381956   4.853206E-15   8.055340E+00    4.25927E+10   1.571188681E+00  -4.102549E-01   1.576767794E+00
   152    8330.381956   4.808356E-15   7.980590E+00    2.13843E+10   1.571188681E+00  -4.102549E-01   1.576767794E+00
   153    8330.381956   4.763920E-15   7.906534E+00    1.07363E+10   1.571188681E+00  -4.102549E-01   1.576767794E+00
   154    8330.381956   4.751763E-15   7.889022E+00    5.37489E+09   1.571188681E+00  -4.102549E-01   1.576767794E+00
   155    8330.381956   4.742736E-15   7.876988E+00    2.68926E+09   1.571188681E+00  -4.102549E-01   1.576767794E+00
   156    8330.381956   4.733727E-15   7.864972E+00    1.34554E+09   1.571188681E+00  -4.102549E-01   1.576767794E+00
   157    8330.381956   4.724702E-15   7.849399E+00    6.73277E+08   1.571188681E+00  -4.102549E-01   1.576767794E+00
