       6     153      52      68

     EOS file :  /Users/jkopp/cernbox/ns-muons/packages/nscool/EOS/MF_B30.dat

  step        radius       baryon#       density        pressure       encl. mass            phi     encl. bar. mass 
                (m)        (#/fm3)       (g/cm3)        (dyn/cm2)      (sol. mass)                     (sol. mass)   

     0       0.000000   3.452034E-01   7.107332E+14    1.25560E+35   0.000000000E+00  -5.442450E-01   0.000000000E+00
     1      10.000000   3.452032E-01   7.107329E+14    1.25560E+35   1.496787774E-09  -5.442448E-01   1.217518628E-09
     2      11.666665   3.452032E-01   7.107328E+14    1.25560E+35   2.376842753E-09  -5.442447E-01   1.933373944E-09
     3      13.611108   3.452031E-01   7.107327E+14    1.25560E+35   3.774336566E-09  -5.442446E-01   3.070125065E-09
     4      15.879623   3.452031E-01   7.107325E+14    1.25560E+35   5.993503043E-09  -5.442445E-01   4.875242433E-09
     5      18.526223   3.452029E-01   7.107322E+14    1.25560E+35   9.517453022E-09  -5.442444E-01   7.741699124E-09
     6      21.613921   3.452028E-01   7.107319E+14    1.25560E+35   1.511334601E-08  -5.442441E-01   1.229352006E-08
     7      25.216232   3.452026E-01   7.107314E+14    1.25560E+35   2.399939722E-08  -5.442438E-01   1.952162989E-08
     8      29.418922   3.452023E-01   7.107308E+14    1.25559E+35   3.811007508E-08  -5.442434E-01   3.099957198E-08
     9      34.322052   3.452019E-01   7.107299E+14    1.25559E+35   6.051721737E-08  -5.442429E-01   4.922605709E-08
    10      40.042356   3.452014E-01   7.107287E+14    1.25558E+35   9.609873160E-08  -5.442421E-01   7.816890676E-08
    11      46.716023   3.452006E-01   7.107270E+14    1.25557E+35   1.526004308E-07  -5.442411E-01   1.241287912E-07
    12      54.501932   3.451996E-01   7.107248E+14    1.25556E+35   2.423221122E-07  -5.442397E-01   1.971107613E-07
    13      63.585436   3.451983E-01   7.107218E+14    1.25555E+35   3.847948216E-07  -5.442378E-01   3.130020774E-07
    14      74.182770   3.451965E-01   7.107177E+14    1.25553E+35   6.110318902E-07  -5.442353E-01   4.970302789E-07
    15      86.546185   3.451940E-01   7.107121E+14    1.25550E+35   9.702786445E-07  -5.442317E-01   7.892539439E-07
    16     100.969946   3.451906E-01   7.107045E+14    1.25547E+35   1.540729017E-06  -5.442270E-01   1.253280678E-06
    17     117.797312   3.451859E-01   7.106941E+14    1.25542E+35   2.446539493E-06  -5.442205E-01   1.990108502E-06
    18     137.428677   3.451796E-01   7.106799E+14    1.25535E+35   3.884838774E-06  -5.442116E-01   3.160100161E-06
    19     160.331041   3.451710E-01   7.106607E+14    1.25526E+35   6.168601168E-06  -5.441996E-01   5.017866053E-06
    20     187.049047   3.451594E-01   7.106345E+14    1.25513E+35   9.794691277E-06  -5.441832E-01   7.967632258E-06
    21     218.217798   3.451435E-01   7.105989E+14    1.25496E+35   1.555183725E-05  -5.441609E-01   1.265110942E-05
    22     254.577763   3.451219E-01   7.105504E+14    1.25473E+35   2.469191723E-05  -5.441306E-01   2.008690964E-05
    23     296.992038   3.450925E-01   7.104845E+14    1.25441E+35   3.920158642E-05  -5.440893E-01   3.189168570E-05
    24     346.466337   3.450524E-01   7.103947E+14    1.25398E+35   6.223281296E-05  -5.440331E-01   5.063075260E-05
    25     404.172030   3.449979E-01   7.102725E+14    1.25340E+35   9.878483114E-05  -5.439567E-01   8.037369740E-05
    26     471.472606   3.449238E-01   7.101064E+14    1.25260E+35   1.567833432E-04  -5.438527E-01   1.275741545E-04
    27     549.953866   3.448230E-01   7.098803E+14    1.25152E+35   2.487862441E-04  -5.437113E-01   2.024614376E-04
    28     641.458094   3.446858E-01   7.095728E+14    1.25006E+35   3.946750028E-04  -5.435190E-01   3.212387201E-04
    29     748.122230   3.444994E-01   7.091547E+14    1.24806E+35   6.258913792E-04  -5.432576E-01   5.095485212E-04
    30     872.419758   3.442459E-01   7.085865E+14    1.24535E+35   9.920855203E-04  -5.429024E-01   8.079217139E-04
    31    1017.205407   3.439016E-01   7.078145E+14    1.24168E+35   1.571502264E-03  -5.424200E-01   1.280314359E-03
    32    1185.760748   3.434341E-01   7.067666E+14    1.23670E+35   2.487109903E-03  -5.417656E-01   2.027415660E-03
    33    1381.837193   3.427999E-01   7.053454E+14    1.22997E+35   3.931437669E-03  -5.408788E-01   3.207251203E-03
    34    1609.690314   3.419449E-01   7.034294E+14    1.22089E+35   6.204386334E-03  -5.396788E-01   5.066781378E-03
    35    1874.092466   3.407977E-01   7.008588E+14    1.20869E+35   9.769890956E-03  -5.380585E-01   7.989746545E-03
    36    2180.312263   3.392495E-01   6.973911E+14    1.19234E+35   1.533860294E-02  -5.358771E-01   1.256754845E-02
    37    2534.045210   3.371713E-01   6.927383E+14    1.17058E+35   2.398501902E-02  -5.329517E-01   1.970186463E-02
    38    2941.232089   3.344166E-01   6.865731E+14    1.14185E+35   3.730503074E-02  -5.290488E-01   3.074727337E-02
    39    3407.719346   3.307692E-01   6.784166E+14    1.10428E+35   5.760832063E-02  -5.238786E-01   4.769539691E-02
    40    3938.756042   3.259822E-01   6.677221E+14    1.05586E+35   8.812397943E-02  -5.170939E-01   7.339229498E-02
    41    4538.175051   3.197794E-01   6.538842E+14    9.94556E+34   1.331432434E-01  -5.083016E-01   1.117392686E-01
    42    5207.210035   3.118997E-01   6.363353E+14    9.18774E+34   1.979670898E-01  -4.970953E-01   1.677772824E-01
    43    5942.906132   3.020329E-01   6.144079E+14    8.27920E+34   2.884047873E-01  -4.831204E-01   2.474351003E-01
    44    6736.477920   2.899853E-01   5.877127E+14    7.23126E+34   4.096208047E-01  -4.661761E-01   3.567039962E-01
    45    7571.548302   2.756069E-01   5.559713E+14    6.07930E+34   5.641189722E-01  -4.463547E-01   4.998992820E-01
    46    8423.539151   2.589630E-01   5.194025E+14    4.88441E+34   7.493198501E-01  -4.241763E-01   6.771445952E-01
    47    9260.519335   2.402984E-01   4.786357E+14    3.72675E+34   9.557021347E-01  -4.006603E-01   8.817479475E-01
    48   10046.868209   2.222447E-01   4.394764E+14    2.68608E+34   1.167753881E+00  -3.772365E-01   1.099765133E+00
    49   10741.650716   2.014375E-01   3.947223E+14    1.82740E+34   1.365674898E+00  -3.556768E-01   1.310476842E+00
    50   11326.835308   1.807655E-01   3.507180E+14    1.17520E+34   1.533577522E+00  -3.370882E-01   1.495069966E+00
    51   11791.460286   1.604826E-01   3.080550E+14    7.19191E+33   1.662891665E+00  -3.222032E-01   1.641181398E+00
    52   12141.084773   1.414353E-01   2.685219E+14    4.21311E+33   1.754488315E+00  -3.110245E-01   1.746987792E+00
    53   12390.833417   1.232125E-01   2.312520E+14    2.39130E+33   1.814239181E+00  -3.031012E-01   1.817260477E+00
    54   12563.131106   1.029532E-01   1.905395E+14    1.35783E+33   1.849840155E+00  -2.976917E-01   1.859850222E+00
    55   12685.814425   9.069943E-02   1.663297E+14    7.43098E+32   1.871838827E+00  -2.938821E-01   1.886514334E+00
    56   12764.641744   6.466513E-02   1.092253E+14    4.57010E+32   1.882354230E+00  -2.914583E-01   1.900182118E+00
    57   12839.586099   4.636910E-02   7.819719E+13    2.64457E+32   1.889598160E+00  -2.891774E-01   1.909764040E+00
    58   12901.105539   3.263574E-02   5.498051E+13    1.53606E+32   1.893861229E+00  -2.873247E-01   1.915405477E+00
    59   12952.588814   2.294623E-02   3.861697E+13    8.90778E+31   1.896390715E+00  -2.857892E-01   1.918752896E+00
    60   12995.566052   1.607855E-02   2.703434E+13    5.16276E+31   1.897883178E+00  -2.845185E-01   1.920727956E+00
    61   13031.478333   1.124867E-02   1.889722E+13    2.99203E+31   1.898760525E+00  -2.834646E-01   1.921888930E+00
    62   13061.485921   7.830777E-03   1.314680E+13    1.73384E+31   1.899275153E+00  -2.825897E-01   1.922569924E+00
    63   13086.644665   5.379800E-03   9.029157E+12    1.00847E+31   1.899574845E+00  -2.818602E-01   1.922966376E+00
    64   13108.068161   3.572670E-03   5.992833E+12    5.93145E+30   1.899747903E+00  -2.812420E-01   1.923195265E+00
    65   13127.140672   2.171361E-03   3.640513E+12    3.60263E+30   1.899845652E+00  -2.806939E-01   1.923324544E+00
    66   13146.286179   1.247300E-03   2.089848E+12    2.20038E+30   1.899904912E+00  -2.801458E-01   1.923402918E+00
    67   13166.736400   6.793387E-04   1.137047E+12    1.38833E+30   1.899939468E+00  -2.795629E-01   1.923448632E+00
    68   13190.548720   3.938545E-04   6.589055E+11    8.59982E+29   1.899962127E+00  -2.788871E-01   1.923478617E+00
    69   13216.126777   1.970864E-04   3.293128E+11    5.83076E+29   1.899974101E+00  -2.781650E-01   1.923494468E+00
    70   13250.992811   1.279177E-04   2.136120E+11    3.47017E+29   1.899984421E+00  -2.771868E-01   1.923508130E+00
    71   13283.219719   8.380996E-05   1.398372E+11    2.04771E+29   1.899990716E+00  -2.762890E-01   1.923516459E+00
    72   13312.468337   5.440842E-05   9.068047E+10    1.21724E+29   1.899994432E+00  -2.754792E-01   1.923521378E+00
    73   13339.445353   3.630837E-05   6.049530E+10    7.17754E+28   1.899996690E+00  -2.747366E-01   1.923524366E+00
    74   13363.426198   2.350302E-05   3.913134E+10    4.24891E+28   1.899998027E+00  -2.740800E-01   1.923526134E+00
    75   13385.483001   1.576707E-05   2.623855E+10    2.49499E+28   1.899998834E+00  -2.734788E-01   1.923527201E+00
    76   13404.889105   1.030268E-05   1.713620E+10    1.48339E+28   1.899999302E+00  -2.729521E-01   1.923527822E+00
    77   13422.627174   6.726751E-06   1.119022E+10    8.82121E+27   1.899999583E+00  -2.724726E-01   1.923528193E+00
    78   13438.839972   4.513989E-06   7.504658E+09    5.17681E+27   1.899999754E+00  -2.720357E-01   1.923528419E+00
    79   13453.075549   2.996816E-06   4.980525E+09    3.04444E+27   1.899999855E+00  -2.716533E-01   1.923528552E+00
    80   13465.727746   1.999925E-06   3.322681E+09    1.79363E+27   1.899999914E+00  -2.713144E-01   1.923528630E+00
    81   13476.930426   1.342675E-06   2.230316E+09    1.05196E+27   1.899999949E+00  -2.710150E-01   1.923528677E+00
    82   13486.741732   9.017659E-07   1.497741E+09    6.16818E+26   1.899999970E+00  -2.707534E-01   1.923528705E+00
    83   13495.325978   5.751194E-07   9.548523E+08    3.65698E+26   1.899999982E+00  -2.705249E-01   1.923528721E+00
    84   13503.323090   3.867333E-07   6.419910E+08    2.14299E+26   1.899999990E+00  -2.703124E-01   1.923528730E+00
    85   13510.304790   2.602173E-07   4.319791E+08    1.25558E+26   1.899999994E+00  -2.701271E-01   1.923528736E+00
    86   13516.392912   1.720089E-07   2.855221E+08    7.36811E+25   1.899999996E+00  -2.699658E-01   1.923528739E+00
    87   13521.804993   1.151906E-07   1.911727E+08    4.33598E+25   1.899999998E+00  -2.698226E-01   1.923528741E+00
    88   13526.567070   7.775045E-08   1.290267E+08    2.53683E+25   1.899999999E+00  -2.696966E-01   1.923528742E+00
    89   13530.699226   5.263884E-08   8.733460E+07    1.48257E+25   1.899999999E+00  -2.695875E-01   1.923528743E+00
    90   13534.270028   3.568533E-08   5.919944E+07    8.66264E+24   1.900000000E+00  -2.694932E-01   1.923528743E+00
    91   13537.350327   2.425934E-08   4.025042E+07    5.05409E+24   1.900000000E+00  -2.694120E-01   1.923528744E+00
    92   13539.995237   1.654671E-08   2.745450E+07    2.94792E+24   1.900000000E+00  -2.693422E-01   1.923528744E+00
    93   13542.258209   1.131396E-08   1.877030E+07    1.71640E+24   1.900000000E+00  -2.692826E-01   1.923528744E+00
    94   13544.186308   7.771911E-09   1.289239E+07    9.98344E+23   1.900000000E+00  -2.692318E-01   1.923528744E+00
    95   13545.819750   5.348029E-09   8.870439E+06    5.79925E+23   1.900000000E+00  -2.691888E-01   1.923528744E+00
    96   13547.199281   3.615922E-09   5.997344E+06    3.39471E+23   1.900000000E+00  -2.691525E-01   1.923528744E+00
    97   13548.394018   2.515196E-09   4.171522E+06    1.96413E+23   1.900000000E+00  -2.691211E-01   1.923528744E+00
    98   13549.388081   1.749528E-09   2.901526E+06    1.13641E+23   1.900000000E+00  -2.690949E-01   1.923528744E+00
    99   13550.215138   1.226282E-09   2.033814E+06    6.56244E+22   1.900000000E+00  -2.690731E-01   1.923528744E+00
   100   13550.896624   8.615100E-10   1.428924E+06    3.78294E+22   1.900000000E+00  -2.690552E-01   1.923528744E+00
   101   13551.455848   6.059093E-10   1.005028E+06    2.18036E+22   1.900000000E+00  -2.690405E-01   1.923528744E+00
   102   13551.914166   4.294289E-10   7.122495E+05    1.25289E+22   1.900000000E+00  -2.690285E-01   1.923528744E+00
   103   13552.285819   3.043502E-10   5.047598E+05    7.19936E+21   1.900000000E+00  -2.690187E-01   1.923528744E+00
   104   13552.587190   2.164660E-10   3.589764E+05    4.13521E+21   1.900000000E+00  -2.690108E-01   1.923528744E+00
   105   13552.830606   1.545094E-10   2.562057E+05    2.36999E+21   1.900000000E+00  -2.690044E-01   1.923528744E+00
   106   13553.026085   1.102857E-10   1.828566E+05    1.35829E+21   1.900000000E+00  -2.689992E-01   1.923528744E+00
   107   13553.183064   7.908227E-11   1.311243E+05    7.77587E+20   1.900000000E+00  -2.689951E-01   1.923528744E+00
   108   13553.308389   5.679370E-11   9.417596E+04    4.44617E+20   1.900000000E+00  -2.689918E-01   1.923528744E+00
   109   13553.408166   4.078691E-11   6.763888E+04    2.54227E+20   1.900000000E+00  -2.689892E-01   1.923528744E+00
   110   13553.487603   2.944430E-11   4.883002E+04    1.45109E+20   1.900000000E+00  -2.689871E-01   1.923528744E+00
   111   13553.550410   2.126402E-11   3.526460E+04    8.28022E+19   1.900000000E+00  -2.689855E-01   1.923528744E+00
   112   13553.600036   1.536700E-11   2.548532E+04    4.72442E+19   1.900000000E+00  -2.689841E-01   1.923528744E+00
   113   13553.639216   1.117431E-11   1.853203E+04    2.68899E+19   1.900000000E+00  -2.689831E-01   1.923528744E+00
   114   13553.669884   8.125537E-12   1.347584E+04    1.53049E+19   1.900000000E+00  -2.689823E-01   1.923528744E+00
   115   13553.693889   5.911632E-12   9.804367E+03    8.71048E+18   1.900000000E+00  -2.689817E-01   1.923528744E+00
   116   13553.712666   4.308552E-12   7.146292E+03    4.95336E+18   1.900000000E+00  -2.689812E-01   1.923528744E+00
   117   13553.727316   3.140185E-12   5.208850E+03    2.81681E+18   1.900000000E+00  -2.689808E-01   1.923528744E+00
   118   13553.738746   2.288648E-12   3.796671E+03    1.60182E+18   1.900000000E+00  -2.689805E-01   1.923528744E+00
   119   13553.747664   1.668026E-12   2.767349E+03    9.10902E+17   1.900000000E+00  -2.689803E-01   1.923528744E+00
   120   13553.754621   1.215700E-12   2.017089E+03    5.17999E+17   1.900000000E+00  -2.689801E-01   1.923528744E+00
   121   13553.760049   8.860338E-13   1.470232E+03    2.94568E+17   1.900000000E+00  -2.689799E-01   1.923528744E+00
   122   13553.764283   6.514317E-13   1.081252E+03    1.67328E+17   1.900000000E+00  -2.689798E-01   1.923528744E+00
   123   13553.767554   4.916787E-13   8.168932E+02    9.38783E+16   1.900000000E+00  -2.689797E-01   1.923528744E+00
   124   13553.769983   3.711025E-13   6.171681E+02    5.26699E+16   1.900000000E+00  -2.689797E-01   1.923528744E+00
   125   13553.771787   2.800956E-13   4.662745E+02    2.95502E+16   1.900000000E+00  -2.689796E-01   1.923528744E+00
   126   13553.773127   2.114067E-13   3.522734E+02    1.65790E+16   1.900000000E+00  -2.689796E-01   1.923528744E+00
   127   13553.774121   1.595626E-13   2.661448E+02    9.30154E+15   1.900000000E+00  -2.689796E-01   1.923528744E+00
   128   13553.774860   1.210670E-13   2.020539E+02    5.21533E+15   1.900000000E+00  -2.689796E-01   1.923528744E+00
   129   13553.775406   9.372768E-14   1.562512E+02    2.90008E+15   1.900000000E+00  -2.689795E-01   1.923528744E+00
   130   13553.775798   7.256211E-14   1.208314E+02    1.61264E+15   1.900000000E+00  -2.689795E-01   1.923528744E+00
   131   13553.776080   5.617614E-14   9.344069E+01    8.96740E+14   1.900000000E+00  -2.689795E-01   1.923528744E+00
   132   13553.776283   4.349046E-14   7.225906E+01    4.98649E+14   1.900000000E+00  -2.689795E-01   1.923528744E+00
   133   13553.776429   3.366945E-14   5.587899E+01    2.77283E+14   1.900000000E+00  -2.689795E-01   1.923528744E+00
   134   13553.776533   2.614182E-14   4.334388E+01    1.54126E+14   1.900000000E+00  -2.689795E-01   1.923528744E+00
   135   13553.776609   2.056033E-14   3.408216E+01    8.51540E+13   1.900000000E+00  -2.689795E-01   1.923528744E+00
   136   13553.776661   1.617053E-14   2.679949E+01    4.70471E+13   1.900000000E+00  -2.689795E-01   1.923528744E+00
   137   13553.776699   1.271798E-14   2.107297E+01    2.59933E+13   1.900000000E+00  -2.689795E-01   1.923528744E+00
   138   13553.776725   1.000259E-14   1.657010E+01    1.43611E+13   1.900000000E+00  -2.689795E-01   1.923528744E+00
   139   13553.776743   9.061109E-15   1.501711E+01    7.50964E+12   1.900000000E+00  -2.689795E-01   1.923528744E+00
   140   13553.776754   8.257609E-15   1.369195E+01    3.90780E+12   1.900000000E+00  -2.689795E-01   1.923528744E+00
   141   13553.776760   7.525361E-15   1.248373E+01    2.03351E+12   1.900000000E+00  -2.689795E-01   1.923528744E+00
   142   13553.776763   6.857984E-15   1.138105E+01    1.05820E+12   1.900000000E+00  -2.689795E-01   1.923528744E+00
   143   13553.776765   6.249680E-15   1.037215E+01    5.50759E+11   1.900000000E+00  -2.689795E-01   1.923528744E+00
   144   13553.776766   5.695333E-15   9.452686E+00    2.86653E+11   1.900000000E+00  -2.689795E-01   1.923528744E+00
   145   13553.776767   5.190157E-15   8.614730E+00    1.49194E+11   1.900000000E+00  -2.689795E-01   1.923528744E+00
   146   13553.776767   4.892303E-15   8.120503E+00    7.72576E+10   1.900000000E+00  -2.689795E-01   1.923528744E+00
   147   13553.776767   4.847091E-15   8.045149E+00    3.87884E+10   1.900000000E+00  -2.689795E-01   1.923528744E+00
   148   13553.776767   4.802298E-15   7.970493E+00    1.94743E+10   1.900000000E+00  -2.689795E-01   1.923528744E+00
   149   13553.776767   4.759575E-15   7.899434E+00    9.77679E+09   1.900000000E+00  -2.689795E-01   1.923528744E+00
   150   13553.776767   4.750534E-15   7.887384E+00    4.89170E+09   1.900000000E+00  -2.689795E-01   1.923528744E+00
   151   13553.776767   4.741510E-15   7.875352E+00    2.44751E+09   1.900000000E+00  -2.689795E-01   1.923528744E+00
   152   13553.776767   4.732503E-15   7.863339E+00    1.22458E+09   1.900000000E+00  -2.689795E-01   1.923528744E+00
   153   13553.776767   4.723474E-15   7.846941E+00    6.12806E+08   1.900000000E+00  -2.689795E-01   1.923528744E+00
