       6     155      55      70

     EOS file :  /Users/jkopp/cernbox/ns-muons/packages/nscool/EOS/nl3wr_test

  step        radius       baryon#       density        pressure       encl. mass            phi     encl. bar. mass 
                (m)        (#/fm3)       (g/cm3)        (dyn/cm2)      (sol. mass)                     (sol. mass)   

     0       0.000000   1.983737E+00   9.471140E+15    6.91181E+36   0.000000000E+00  -2.154933E+00   0.000000000E+00
     1      10.000000   1.983725E+00   9.471036E+15    6.91173E+36   1.994583159E-08  -2.154928E+00   6.996539085E-09
     2      11.666657   1.983721E+00   9.471001E+15    6.91170E+36   3.167312058E-08  -2.154926E+00   1.111021713E-08
     3      13.611088   1.983715E+00   9.470953E+15    6.91166E+36   5.029548488E-08  -2.154923E+00   1.764255882E-08
     4      15.879586   1.983708E+00   9.470889E+15    6.91161E+36   7.986681514E-08  -2.154920E+00   2.801561779E-08
     5      18.526160   1.983697E+00   9.470800E+15    6.91154E+36   1.268243558E-07  -2.154915E+00   4.448752658E-08
     6      21.613815   1.983684E+00   9.470680E+15    6.91144E+36   2.013898153E-07  -2.154909E+00   7.064403820E-08
     7      25.216058   1.983665E+00   9.470517E+15    6.91131E+36   3.197940295E-07  -2.154901E+00   1.121790275E-07
     8      29.418641   1.983639E+00   9.470294E+15    6.91113E+36   5.078091093E-07  -2.154889E+00   1.781337933E-07
     9      34.321600   1.983604E+00   9.469992E+15    6.91088E+36   8.063562019E-07  -2.154873E+00   2.828647980E-07
    10      40.041633   1.983556E+00   9.469580E+15    6.91055E+36   1.280407907E-06  -2.154851E+00   4.491678745E-07
    11      46.714867   1.983492E+00   9.469019E+15    6.91009E+36   2.033119579E-06  -2.154822E+00   7.132382924E-07
    12      54.500088   1.983404E+00   9.468255E+15    6.90948E+36   3.228257629E-06  -2.154782E+00   1.132544871E-06
    13      63.582500   1.983284E+00   9.467217E+15    6.90864E+36   5.125789612E-06  -2.154728E+00   1.798328837E-06
    14      74.178096   1.983120E+00   9.465803E+15    6.90749E+36   8.138345461E-06  -2.154653E+00   2.855440856E-06
    15      86.538751   1.982898E+00   9.463880E+15    6.90594E+36   1.292075815E-05  -2.154552E+00   4.533818449E-06
    16     100.958128   1.982596E+00   9.461263E+15    6.90382E+36   2.051199691E-05  -2.154415E+00   7.198421113E-06
    17     117.778533   1.982185E+00   9.457704E+15    6.90094E+36   3.256000366E-05  -2.154228E+00   1.142841788E-05
    18     137.398844   1.981626E+00   9.452864E+15    6.89702E+36   5.167754284E-05  -2.153974E+00   1.814270206E-05
    19     160.283661   1.980865E+00   9.446282E+15    6.89170E+36   8.200473039E-05  -2.153628E+00   2.879870332E-05
    20     186.973819   1.979831E+00   9.437338E+15    6.88446E+36   1.300968265E-04  -2.153158E+00   4.570701468E-05
    21     218.098388   1.978426E+00   9.425190E+15    6.87463E+36   2.063222357E-04  -2.152519E+00   7.252868541E-05
    22     254.388279   1.976517E+00   9.408701E+15    6.86130E+36   3.270572112E-04  -2.151649E+00   1.150599087E-04
    23     296.691473   1.973927E+00   9.386344E+15    6.84322E+36   5.181169302E-04  -2.150469E+00   1.824673594E-04
    24     345.989803   1.970416E+00   9.356071E+15    6.81875E+36   8.200887995E-04  -2.148866E+00   2.892269271E-04
    25     403.416977   1.965661E+00   9.315158E+15    6.78569E+36   1.296557600E-03  -2.146691E+00   4.581534398E-04
    26     470.277248   1.959238E+00   9.260002E+15    6.74115E+36   2.046653405E-03  -2.143746E+00   7.251079442E-04
    27     548.063554   1.950580E+00   9.185898E+15    6.68135E+36   3.223907560E-03  -2.139762E+00   1.146253830E-03
    28     638.473268   1.939023E+00   9.086907E+15    6.60146E+36   5.064007735E-03  -2.134387E+00   1.809134304E-03
    29     743.417497   1.923593E+00   8.955457E+15    6.49541E+36   7.924414053E-03  -2.127157E+00   2.849319450E-03
    30     865.022136   1.902683E+00   8.782093E+15    6.35584E+36   1.233846616E-02  -2.117469E+00   4.474662126E-03
    31    1005.615172   1.875429E+00   8.556506E+15    6.17424E+36   1.908499591E-02  -2.104559E+00   7.000472498E-03
    32    1167.679730   1.840028E+00   8.267033E+15    5.94144E+36   2.926823962E-02  -2.087476E+00   1.089820551E-02
    33    1353.790935   1.794425E+00   7.902362E+15    5.64869E+36   4.439325223E-02  -2.065075E+00   1.685656515E-02
    34    1566.509527   1.736779E+00   7.453801E+15    5.28938E+36   6.640765002E-02  -2.036040E+00   2.585885302E-02
    35    1808.243986   1.665809E+00   6.918293E+15    4.86150E+36   9.766046918E-02  -1.998953E+00   3.926101843E-02
    36    2081.087190   1.580542E+00   6.301246E+15    4.37023E+36   1.407262501E-01  -1.952414E+00   5.885770448E-02
    37    2386.678666   1.481206E+00   5.619179E+15    3.82972E+36   1.980718911E-01  -1.895233E+00   8.691407306E-02
    38    2726.116627   1.369683E+00   4.899717E+15    3.26291E+36   2.716044549E-01  -1.826654E+00   1.261187456E-01
    39    3099.950250   1.249056E+00   4.177827E+15    2.69845E+36   3.622436765E-01  -1.746573E+00   1.794698240E-01
    40    3508.274425   1.124038E+00   3.489876E+15    2.16544E+36   4.696939840E-01  -1.655677E+00   2.500625287E-01
    41    3950.807528   9.991888E-01   2.865925E+15    1.68766E+36   5.925316270E-01  -1.555476E+00   3.408499946E-01
    42    4426.913772   8.791708E-01   2.325406E+15    1.27968E+36   7.285660586E-01  -1.448190E+00   4.543583199E-01
    43    4935.312408   7.678885E-01   1.875539E+15    9.46088E+35   8.752647678E-01  -1.336573E+00   5.923751136E-01
    44    5473.432008   6.673974E-01   1.512962E+15    6.83342E+35   1.030040231E+00  -1.223697E+00   7.555901755E-01
    45    6036.465510   5.791057E-01   1.227981E+15    4.82815E+35   1.190242716E+00  -1.112754E+00   9.429854796E-01
    46    6616.077147   5.030441E-01   1.007622E+15    3.33774E+35   1.352898065E+00  -1.006889E+00   1.151324000E+00
    47    7199.358807   4.382015E-01   8.382501E+14    2.25547E+35   1.514211702E+00  -9.090346E-01   1.374255863E+00
    48    7768.710362   3.834930E-01   7.078948E+14    1.48675E+35   1.669220940E+00  -8.216993E-01   1.601931985E+00
    49    8302.886028   3.369141E-01   6.057189E+14    9.53495E+34   1.811880237E+00  -7.467769E-01   1.821518132E+00
    50    8780.664737   2.968200E-01   5.235596E+14    5.93462E+34   1.936011504E+00  -6.852443E-01   2.019249795E+00
    51    9185.164698   2.613627E-01   4.548303E+14    3.58227E+34   2.036827184E+00  -6.370404E-01   2.183681649E+00
    52    9508.563619   2.291362E-01   3.949736E+14    2.10020E+34   2.112723052E+00  -6.010171E-01   2.309351652E+00
    53    9753.454648   1.996235E-01   3.418037E+14    1.20037E+34   2.165687390E+00  -5.752278E-01   2.397814708E+00
    54    9930.235390   1.723391E-01   2.937021E+14    6.72878E+33   2.200154271E+00  -5.574247E-01   2.455629484E+00
    55   10053.373019   1.469348E-01   2.495720E+14    3.72450E+33   2.221326618E+00  -5.454409E-01   2.491201678E+00
    56   10137.401571   1.228115E-01   2.080811E+14    2.05107E+33   2.233766277E+00  -5.374684E-01   2.512107464E+00
    57   10194.718075   9.966053E-02   1.685285E+14    1.13271E+33   2.240851788E+00  -5.321306E-01   2.524011901E+00
    58   10234.675942   7.861812E-02   1.329211E+14    6.31156E+32   2.244824111E+00  -5.284602E-01   2.530680964E+00
    59   10263.348357   5.629650E-02   9.502503E+13    3.63471E+32   2.246984051E+00  -5.258535E-01   2.534302408E+00
    60   10286.698142   3.985890E-02   6.718853E+13    2.09277E+32   2.248246239E+00  -5.237483E-01   2.536418560E+00
    61   10305.884263   2.798530E-02   4.712480E+13    1.21098E+32   2.248976756E+00  -5.220308E-01   2.537642827E+00
    62   10321.831441   1.963335E-02   3.302718E+13    7.00408E+31   2.249404010E+00  -5.206118E-01   2.538358640E+00
    63   10335.074589   1.372516E-02   2.306862E+13    4.05442E+31   2.249652940E+00  -5.194395E-01   2.538775598E+00
    64   10346.107255   9.592973E-03   1.610958E+13    2.34624E+31   2.249798122E+00  -5.184670E-01   2.539018746E+00
    65   10355.289575   6.640537E-03   1.114728E+13    1.36085E+31   2.249882370E+00  -5.176606E-01   2.539159819E+00
    66   10363.014145   4.492433E-03   7.537937E+12    7.93300E+30   2.249931134E+00  -5.169843E-01   2.539241442E+00
    67   10369.693373   2.826636E-03   4.740357E+12    4.69144E+30   2.249959101E+00  -5.164010E-01   2.539288252E+00
    68   10375.990288   1.717153E-03   2.878334E+12    2.84816E+30   2.249975063E+00  -5.158524E-01   2.539314965E+00
    69   10382.300698   9.386749E-04   1.572086E+12    1.78009E+30   2.249984343E+00  -5.153040E-01   2.539330498E+00
    70   10389.537256   5.243310E-04   8.773224E+11    1.11631E+30   2.249990131E+00  -5.146765E-01   2.539340190E+00
    71   10397.689444   2.353856E-04   3.933089E+11    6.99551E+29   2.249993780E+00  -5.139717E-01   2.539346300E+00
    72   10409.112549   1.499821E-04   2.504485E+11    4.20645E+29   2.249996234E+00  -5.129876E-01   2.539350411E+00
    73   10419.945611   9.900202E-05   1.652477E+11    2.49265E+29   2.249997752E+00  -5.120580E-01   2.539352953E+00
    74   10429.715112   6.411443E-05   1.068733E+11    1.48288E+29   2.249998652E+00  -5.112229E-01   2.539354459E+00
    75   10438.734574   4.227304E-05   7.044319E+10    8.79201E+28   2.249999192E+00  -5.104545E-01   2.539355365E+00
    76   10446.875600   2.775002E-05   4.621151E+10    5.17259E+28   2.249999518E+00  -5.097631E-01   2.539355910E+00
    77   10454.199246   1.838486E-05   3.060926E+10    3.06217E+28   2.249999709E+00  -5.091428E-01   2.539356230E+00
    78   10460.762974   1.203175E-05   2.001894E+10    1.80532E+28   2.249999823E+00  -5.085883E-01   2.539356420E+00
    79   10466.694436   7.764097E-06   1.291468E+10    1.06837E+28   2.249999890E+00  -5.080884E-01   2.539356533E+00
    80   10472.147609   5.207817E-06   8.660051E+09    6.26664E+27   2.249999930E+00  -5.076296E-01   2.539356600E+00
    81   10476.927593   3.474775E-06   5.775986E+09    3.67805E+27   2.249999954E+00  -5.072283E-01   2.539356640E+00
    82   10481.141548   2.303967E-06   3.827974E+09    2.16762E+27   2.249999968E+00  -5.068751E-01   2.539356663E+00
    83   10484.894765   1.546095E-06   2.568495E+09    1.27100E+27   2.249999976E+00  -5.065609E-01   2.539356677E+00
    84   10488.179307   1.038156E-06   1.724138E+09    7.45103E+26   2.249999981E+00  -5.062863E-01   2.539356685E+00
    85   10491.051360   6.706285E-07   1.113652E+09    4.38622E+26   2.249999984E+00  -5.060464E-01   2.539356690E+00
    86   10493.671678   4.454809E-07   7.395545E+08    2.59272E+26   2.249999986E+00  -5.058278E-01   2.539356693E+00
    87   10496.006347   2.995779E-07   4.972842E+08    1.51889E+26   2.249999987E+00  -5.056332E-01   2.539356694E+00
    88   10498.042193   2.016194E-07   3.347467E+08    8.89381E+25   2.249999987E+00  -5.054636E-01   2.539356695E+00
    89   10499.814467   1.331885E-07   2.210477E+08    5.28472E+25   2.249999987E+00  -5.053161E-01   2.539356696E+00
    90   10501.410284   8.987534E-08   1.491527E+08    3.09165E+25   2.249999988E+00  -5.051834E-01   2.539356696E+00
    91   10502.794708   6.079125E-08   1.008688E+08    1.80772E+25   2.249999988E+00  -5.050683E-01   2.539356696E+00
    92   10503.992309   4.115358E-08   6.826949E+07    1.05634E+25   2.249999988E+00  -5.049687E-01   2.539356697E+00
    93   10505.026763   2.796679E-08   4.639922E+07    6.16415E+24   2.249999988E+00  -5.048828E-01   2.539356697E+00
    94   10505.915286   1.902596E-08   3.156932E+07    3.59572E+24   2.249999988E+00  -5.048090E-01   2.539356697E+00
    95   10506.677317   1.300869E-08   2.158275E+07    2.09347E+24   2.249999988E+00  -5.047458E-01   2.539356697E+00
    96   10507.326455   8.914260E-09   1.478804E+07    1.21852E+24   2.249999988E+00  -5.046919E-01   2.539356697E+00
    97   10507.878032   6.133942E-09   1.017445E+07    7.07792E+23   2.249999988E+00  -5.046461E-01   2.539356697E+00
    98   10508.343803   4.136351E-09   6.860588E+06    4.12044E+23   2.249999988E+00  -5.046075E-01   2.539356697E+00
    99   10508.745998   2.865739E-09   4.752975E+06    2.39103E+23   2.249999988E+00  -5.045741E-01   2.539356697E+00
   100   10509.082929   1.993329E-09   3.305907E+06    1.38337E+23   2.249999988E+00  -5.045462E-01   2.539356697E+00
   101   10509.363231   1.392259E-09   2.309037E+06    7.99986E+22   2.249999988E+00  -5.045229E-01   2.539356697E+00
   102   10509.595331   9.781050E-10   1.622275E+06    4.61147E+22   2.249999988E+00  -5.045037E-01   2.539356697E+00
   103   10509.785780   6.871470E-10   1.139768E+06    2.65825E+22   2.249999988E+00  -5.044879E-01   2.539356697E+00
   104   10509.942049   4.861099E-10   8.062802E+05    1.52955E+22   2.249999988E+00  -5.044749E-01   2.539356697E+00
   105   10510.069164   3.445199E-10   5.713946E+05    8.78900E+21   2.249999988E+00  -5.044644E-01   2.539356697E+00
   106   10510.172237   2.443179E-10   4.051787E+05    5.04985E+21   2.249999988E+00  -5.044559E-01   2.539356697E+00
   107   10510.255758   1.743889E-10   2.891798E+05    2.89417E+21   2.249999988E+00  -5.044489E-01   2.539356697E+00
   108   10510.322828   1.244749E-10   2.063900E+05    1.65871E+21   2.249999988E+00  -5.044434E-01   2.539356697E+00
   109   10510.376688   8.906125E-11   1.476659E+05    9.50363E+20   2.249999988E+00  -5.044389E-01   2.539356697E+00
   110   10510.419820   6.396009E-11   1.060562E+05    5.43406E+20   2.249999988E+00  -5.044353E-01   2.539356697E+00
   111   10510.454160   4.593346E-11   7.617139E+04    3.10713E+20   2.249999988E+00  -5.044325E-01   2.539356697E+00
   112   10510.481498   3.310344E-11   5.489794E+04    1.77574E+20   2.249999988E+00  -5.044302E-01   2.539356697E+00
   113   10510.503177   2.390655E-11   3.964676E+04    1.01328E+20   2.249999988E+00  -5.044284E-01   2.539356697E+00
   114   10510.520306   1.726476E-11   2.863249E+04    5.78196E+19   2.249999988E+00  -5.044270E-01   2.539356697E+00
   115   10510.533840   1.253452E-11   2.078784E+04    3.29484E+19   2.249999988E+00  -5.044259E-01   2.539356697E+00
   116   10510.544463   9.114626E-12   1.511618E+04    1.87532E+19   2.249999988E+00  -5.044250E-01   2.539356697E+00
   117   10510.552778   6.627810E-12   1.099195E+04    1.06737E+19   2.249999988E+00  -5.044243E-01   2.539356697E+00
   118   10510.559287   4.829017E-12   8.009304E+03    6.07127E+18   2.249999988E+00  -5.044238E-01   2.539356697E+00
   119   10510.564367   3.519513E-12   5.837889E+03    3.45253E+18   2.249999988E+00  -5.044234E-01   2.539356697E+00
   120   10510.568331   2.565112E-12   4.255169E+03    1.96333E+18   2.249999988E+00  -5.044230E-01   2.539356697E+00
   121   10510.571423   1.869520E-12   3.101543E+03    1.11648E+18   2.249999988E+00  -5.044228E-01   2.539356697E+00
   122   10510.573836   1.362554E-12   2.260678E+03    6.34905E+17   2.249999988E+00  -5.044226E-01   2.539356697E+00
   123   10510.575718   9.930645E-13   1.647782E+03    3.61049E+17   2.249999988E+00  -5.044224E-01   2.539356697E+00
   124   10510.577187   7.237709E-13   1.201049E+03    2.05316E+17   2.249999988E+00  -5.044223E-01   2.539356697E+00
   125   10510.578333   5.440313E-13   9.035552E+02    1.15567E+17   2.249999988E+00  -5.044222E-01   2.539356697E+00
   126   10510.579190   4.106165E-13   6.826418E+02    6.48382E+16   2.249999988E+00  -5.044221E-01   2.539356697E+00
   127   10510.579827   3.099194E-13   5.157403E+02    3.63771E+16   2.249999988E+00  -5.044221E-01   2.539356697E+00
   128   10510.580299   2.339167E-13   3.896451E+02    2.04092E+16   2.249999988E+00  -5.044220E-01   2.539356697E+00
   129   10510.580650   1.765524E-13   2.943794E+02    1.14505E+16   2.249999988E+00  -5.044220E-01   2.539356697E+00
   130   10510.580911   1.332558E-13   2.224055E+02    6.42422E+15   2.249999988E+00  -5.044220E-01   2.539356697E+00
   131   10510.581105   1.027693E-13   1.713932E+02    3.58191E+15   2.249999988E+00  -5.044220E-01   2.539356697E+00
   132   10510.581245   7.956191E-14   1.325409E+02    1.99179E+15   2.249999988E+00  -5.044220E-01   2.539356697E+00
   133   10510.581345   6.159525E-14   1.024958E+02    1.10757E+15   2.249999988E+00  -5.044219E-01   2.539356697E+00
   134   10510.581418   4.768582E-14   7.926152E+01    6.15885E+14   2.249999988E+00  -5.044219E-01   2.539356697E+00
   135   10510.581470   3.691742E-14   6.129410E+01    3.42474E+14   2.249999988E+00  -5.044219E-01   2.539356697E+00
   136   10510.581507   2.858073E-14   4.739963E+01    1.90439E+14   2.249999988E+00  -5.044219E-01   2.539356697E+00
   137   10510.581534   2.241870E-14   3.716565E+01    1.05449E+14   2.249999988E+00  -5.044219E-01   2.539356697E+00
   138   10510.581553   1.763212E-14   2.922410E+01    5.82599E+13   2.249999988E+00  -5.044219E-01   2.539356697E+00
   139   10510.581567   1.386752E-14   2.297949E+01    3.21883E+13   2.249999988E+00  -5.044219E-01   2.539356697E+00
   140   10510.581576   1.090669E-14   1.806924E+01    1.77838E+13   2.249999988E+00  -5.044219E-01   2.539356697E+00
   141   10510.581583   9.392485E-15   1.556345E+01    9.66838E+12   2.249999988E+00  -5.044219E-01   2.539356697E+00
   142   10510.581587   8.559601E-15   1.419008E+01    5.03115E+12   2.249999988E+00  -5.044219E-01   2.539356697E+00
   143   10510.581589   7.800573E-15   1.293790E+01    2.61807E+12   2.249999988E+00  -5.044219E-01   2.539356697E+00
   144   10510.581591   7.108852E-15   1.179622E+01    1.36237E+12   2.249999988E+00  -5.044219E-01   2.539356697E+00
   145   10510.581591   6.478302E-15   1.075134E+01    7.09028E+11   2.249999988E+00  -5.044219E-01   2.539356697E+00
   146   10510.581592   5.903677E-15   9.798260E+00    3.69027E+11   2.249999988E+00  -5.044219E-01   2.539356697E+00
   147   10510.581592   5.380020E-15   8.929669E+00    1.92067E+11   2.249999988E+00  -5.044219E-01   2.539356697E+00
   148   10510.581592   4.909303E-15   8.148838E+00    9.99409E+10   2.249999988E+00  -5.044219E-01   2.539356697E+00
   149   10510.581592   4.863934E-15   8.073220E+00    5.01769E+10   2.249999988E+00  -5.044219E-01   2.539356697E+00
   150   10510.581592   4.818985E-15   7.998305E+00    2.51921E+10   2.249999988E+00  -5.044219E-01   2.539356697E+00
   151   10510.581592   4.774451E-15   7.924084E+00    1.26481E+10   2.249999988E+00  -5.044219E-01   2.539356697E+00
   152   10510.581592   4.753921E-15   7.891899E+00    6.34171E+09   2.249999988E+00  -5.044219E-01   2.539356697E+00
   153   10510.581592   4.744891E-15   7.879861E+00    3.17300E+09   2.249999988E+00  -5.044219E-01   2.539356697E+00
   154   10510.581592   4.735877E-15   7.867841E+00    1.58758E+09   2.249999988E+00  -5.044219E-01   2.539356697E+00
   155   10510.581592   4.726862E-15   7.853720E+00    7.94360E+08   2.249999988E+00  -5.044219E-01   2.539356697E+00
