       6     139      39      54

     EOS file :  /Users/tobyopferkuch/BSk24_test.dat                         

  step        radius       baryon#       density        pressure       encl. mass            phi     encl. bar. mass 
                (m)        (#/fm3)       (g/cm3)        (dyn/cm2)      (sol. mass)                     (sol. mass)   

     0       0.000000   6.636687E-01   1.321432E+15    3.68423E+35   0.000000000E+00  -8.170011E-01   0.000000000E+00
     1     100.000001   6.636234E-01   1.321314E+15    3.68353E+35   2.782668997E-06  -8.169561E-01   2.340635833E-06
     2     116.664864   6.636089E-01   1.321276E+15    3.68331E+35   4.418539706E-06  -8.169417E-01   3.716686334E-06
     3     136.106536   6.635892E-01   1.321225E+15    3.68300E+35   7.015976494E-06  -8.169222E-01   5.901636597E-06
     4     158.787322   6.635624E-01   1.321155E+15    3.68259E+35   1.114003656E-05  -8.168955E-01   9.370895852E-06
     5     185.246314   6.635260E-01   1.321059E+15    3.68202E+35   1.768765225E-05  -8.168593E-01   1.487917127E-05
     6     216.112024   6.634763E-01   1.320930E+15    3.68126E+35   2.808234635E-05  -8.168099E-01   2.362442358E-05
     7     252.117035   6.634088E-01   1.320753E+15    3.68021E+35   4.458295171E-05  -8.167428E-01   3.750791944E-05
     8     294.114939   6.633169E-01   1.320513E+15    3.67879E+35   7.077280748E-05  -8.166514E-01   5.954653050E-05
     9     343.099862   6.631919E-01   1.320187E+15    3.67685E+35   1.123343434E-04  -8.165270E-01   9.452603654E-05
    10     400.228878   6.630217E-01   1.319743E+15    3.67422E+35   1.782742576E-04  -8.163579E-01   1.500354987E-04
    11     466.847553   6.627904E-01   1.319139E+15    3.67065E+35   2.828586396E-04  -8.161279E-01   2.381032341E-04
    12     544.518814   6.624758E-01   1.318317E+15    3.66579E+35   4.486634631E-04  -8.158151E-01   3.777805268E-04
    13     635.055160   6.620484E-01   1.317204E+15    3.65919E+35   7.113706257E-04  -8.153900E-01   5.992140231E-04
    14     740.553665   6.614688E-01   1.315702E+15    3.65023E+35   1.127282066E-03  -8.148125E-01   9.500466422E-04
    15     863.433136   6.606817E-01   1.313662E+15    3.63810E+35   1.785025845E-03  -8.140284E-01   1.505439385E-03
    16    1006.472907   6.596140E-01   1.310897E+15    3.62168E+35   2.823682884E-03  -8.129650E-01   2.383690849E-03
    17    1172.847686   6.581673E-01   1.307152E+15    3.59951E+35   4.460571666E-03  -8.115245E-01   3.770396012E-03
    18    1366.155042   6.562102E-01   1.302089E+15    3.56965E+35   7.033278359E-03  -8.095765E-01   5.955457652E-03
    19    1590.426552   6.535684E-01   1.295263E+15    3.52961E+35   1.106204453E-02  -8.069482E-01   9.389016783E-03
    20    1850.109375   6.500127E-01   1.286088E+15    3.47616E+35   1.733989685E-02  -8.034133E-01   1.476436013E-02
    21    2149.998622   6.452572E-01   1.273919E+15    3.40533E+35   2.705817180E-02  -7.986788E-01   2.313754344E-02
    22    2495.068975   6.389155E-01   1.257734E+15    3.31232E+35   4.196916675E-02  -7.923735E-01   3.609196917E-02
    23    2890.252400   6.305349E-01   1.236537E+15    3.19167E+35   6.458071132E-02  -7.840389E-01   5.595428449E-02
    24    3339.954631   6.195568E-01   1.209016E+15    3.03767E+35   9.834097729E-02  -7.731315E-01   8.604231487E-02
    25    3847.454541   6.053578E-01   1.173854E+15    2.84517E+35   1.477387220E-01  -7.590427E-01   1.309011623E-01
    26    4414.002074   5.872921E-01   1.129840E+15    2.61092E+35   2.181608743E-01  -7.411519E-01   1.964036284E-01
    27    5037.691516   5.647648E-01   1.076035E+15    2.33536E+35   3.152980953E-01  -7.189241E-01   2.895041158E-01
    28    5712.265709   5.373695E-01   1.012173E+15    2.02442E+35   4.439154255E-01  -6.920587E-01   4.173595099E-01
    29    6426.044284   5.050474E-01   9.389931E+14    1.69070E+35   6.059890276E-01  -6.606758E-01   5.855472956E-01
    30    7161.396783   4.682113E-01   8.582937E+14    1.35277E+35   7.986459560E-01  -6.254947E-01   7.954107231E-01
    31    7895.353154   4.278296E-01   7.729591E+14    1.03225E+35   1.012902775E+00  -5.879160E-01   1.041272128E+00
    32    8601.537365   3.853444E-01   6.864776E+14    7.49003E+34   1.234275240E+00  -5.499226E-01   1.308995692E+00
    33    9253.490227   3.424519E-01   6.023276E+14    5.16382E+34   1.445703572E+00  -5.137527E-01   1.577620099E+00
    34    9828.672821   3.007775E-01   5.233070E+14    3.38779E+34   1.631830261E+00  -4.814278E-01   1.824423999E+00
    35   10312.175246   2.616084E-01   4.512190E+14    2.12298E+34   1.782802162E+00  -4.543128E-01   2.031516740E+00
    36   10698.908177   2.257272E-01   3.867801E+14    1.27797E+34   1.895878000E+00  -4.329021E-01   2.190472734E+00
    37   10993.632203   1.934239E-01   3.298618E+14    7.44249E+33   1.974487312E+00  -4.168892E-01   2.302767330E+00
    38   11208.664397   1.646023E-01   2.797858E+14    4.22647E+33   2.025636875E+00  -4.054427E-01   2.376536059E+00
    39   11360.155942   1.389651E-01   2.356764E+14    2.35900E+33   2.057140567E+00  -3.975314E-01   2.422203940E+00
    40   11464.369573   1.163001E-01   1.969325E+14    1.30294E+33   2.075750194E+00  -3.921768E-01   2.449245998E+00
    41   11535.118140   9.667677E-02   1.635241E+14    7.15134E+32   2.086439660E+00  -3.885885E-01   2.464794207E+00
    42   11582.763861   7.594181E-02   1.283178E+14    3.94913E+32   2.092393895E+00  -3.861958E-01   2.473457849E+00
    43   11616.722069   4.518501E-02   7.619455E+13    2.54084E+32   2.095051861E+00  -3.845038E-01   2.477329125E+00
    44   11653.818475   3.175580E-02   5.349381E+13    1.47247E+32   2.097097949E+00  -3.826700E-01   2.480309658E+00
    45   11684.750096   2.230464E-02   3.753410E+13    8.52547E+31   2.098302499E+00  -3.811531E-01   2.482063967E+00
    46   11710.492716   1.561341E-02   2.625042E+13    4.93644E+31   2.099008505E+00  -3.798994E-01   2.483092052E+00
    47   11731.958138   1.091727E-02   1.833917E+13    2.85847E+31   2.099421537E+00  -3.788602E-01   2.483693427E+00
    48   11749.856508   7.588443E-03   1.273968E+13    1.65558E+31   2.099662730E+00  -3.779979E-01   2.484044589E+00
    49   11764.854047   5.195742E-03   8.719816E+12    9.62795E+30   2.099802662E+00  -3.772785E-01   2.484248246E+00
    50   11777.649769   3.413429E-03   5.725469E+12    5.66674E+30   2.099883168E+00  -3.766669E-01   2.484365393E+00
    51   11789.159936   2.074031E-03   3.477176E+12    3.44094E+30   2.099928643E+00  -3.761185E-01   2.484431563E+00
    52   11800.703230   1.171156E-03   1.962087E+12    2.09942E+30   2.099956188E+00  -3.755702E-01   2.484471641E+00
    53   11813.221486   6.385058E-04   1.068568E+12    1.32324E+30   2.099972204E+00  -3.749775E-01   2.484494954E+00
    54   11827.754411   3.745890E-04   6.266344E+11    8.16098E+29   2.099982729E+00  -3.742918E-01   2.484510276E+00
    55   11843.096186   1.885146E-04   3.149516E+11    5.53150E+29   2.099988218E+00  -3.735708E-01   2.484518271E+00
    56   11863.858653   1.223603E-04   2.043334E+11    3.28857E+29   2.099992937E+00  -3.725996E-01   2.484525144E+00
    57   11882.991679   8.007267E-05   1.335794E+11    1.93820E+29   2.099995804E+00  -3.717093E-01   2.484529316E+00
    58   11900.330655   5.196004E-05   8.659619E+10    1.15167E+29   2.099997486E+00  -3.709063E-01   2.484531767E+00
    59   11916.297385   3.476757E-05   5.792511E+10    6.77386E+28   2.099998509E+00  -3.701701E-01   2.484533255E+00
    60   11930.397956   2.255850E-05   3.756087E+10    4.02295E+28   2.099999106E+00  -3.695224E-01   2.484534124E+00
    61   11943.361199   1.505529E-05   2.505376E+10    2.36279E+28   2.099999468E+00  -3.689291E-01   2.484534651E+00
    62   11954.815727   9.845840E-06   1.637533E+10    1.40270E+28   2.099999679E+00  -3.684065E-01   2.484534958E+00
    63   11965.251556   6.453221E-06   1.073548E+10    8.34541E+27   2.099999804E+00  -3.679317E-01   2.484535140E+00
    64   11974.748585   4.329905E-06   7.198640E+09    4.89666E+27   2.099999880E+00  -3.675007E-01   2.484535251E+00
    65   11983.080053   2.870726E-06   4.770703E+09    2.88175E+27   2.099999925E+00  -3.671235E-01   2.484535316E+00
    66   11990.495113   1.917903E-06   3.186371E+09    1.69587E+27   2.099999952E+00  -3.667885E-01   2.484535355E+00
    67   11997.041481   1.287561E-06   2.138697E+09    9.94470E+26   2.099999967E+00  -3.664932E-01   2.484535378E+00
    68   12002.770879   8.646811E-07   1.436242E+09    5.83016E+26   2.099999976E+00  -3.662352E-01   2.484535391E+00
    69   12007.780290   5.540481E-07   9.198582E+08    3.47778E+26   2.099999982E+00  -3.660100E-01   2.484535399E+00
    70   12012.452115   3.725389E-07   6.184188E+08    2.03772E+26   2.099999985E+00  -3.658001E-01   2.484535404E+00
    71   12016.528822   2.506643E-07   4.161285E+08    1.19369E+26   2.099999987E+00  -3.656172E-01   2.484535406E+00
    72   12020.081753   1.647986E-07   2.735353E+08    7.00809E+25   2.099999988E+00  -3.654580E-01   2.484535408E+00
    73   12023.258033   1.107904E-07   1.838687E+08    4.11180E+25   2.099999989E+00  -3.653158E-01   2.484535409E+00
    74   12026.032796   7.480444E-08   1.241350E+08    2.40541E+25   2.099999989E+00  -3.651916E-01   2.484535410E+00
    75   12028.438928   5.064205E-08   8.401981E+07    1.40568E+25   2.099999989E+00  -3.650840E-01   2.484535410E+00
    76   12030.517706   3.434710E-08   5.698024E+07    8.21249E+24   2.099999989E+00  -3.649911E-01   2.484535410E+00
    77   12032.309536   2.334882E-08   3.874027E+07    4.79123E+24   2.099999989E+00  -3.649111E-01   2.484535410E+00
    78   12033.847831   1.593285E-08   2.643571E+07    2.79355E+24   2.099999990E+00  -3.648424E-01   2.484535410E+00
    79   12035.162751   1.089396E-08   1.807332E+07    1.62646E+24   2.099999990E+00  -3.647837E-01   2.484535410E+00
    80   12036.282946   7.487182E-09   1.241991E+07    9.45637E+23   2.099999990E+00  -3.647337E-01   2.484535410E+00
    81   12037.230982   5.152010E-09   8.545210E+06    5.49294E+23   2.099999990E+00  -3.646914E-01   2.484535410E+00
    82   12038.031575   3.492015E-09   5.791810E+06    3.22089E+23   2.099999990E+00  -3.646557E-01   2.484535410E+00
    83   12038.724337   2.428977E-09   4.028511E+06    1.86353E+23   2.099999990E+00  -3.646248E-01   2.484535410E+00
    84   12039.300701   1.689538E-09   2.802025E+06    1.07819E+23   2.099999990E+00  -3.645991E-01   2.484535410E+00
    85   12039.780206   1.185167E-09   1.965636E+06    6.22238E+22   2.099999990E+00  -3.645777E-01   2.484535410E+00
    86   12040.174737   8.326194E-10   1.381014E+06    3.58688E+22   2.099999990E+00  -3.645602E-01   2.484535410E+00
    87   12040.498474   5.861581E-10   9.722600E+05    2.06713E+22   2.099999990E+00  -3.645457E-01   2.484535410E+00
    88   12040.763506   4.154287E-10   6.890242E+05    1.18781E+22   2.099999990E+00  -3.645339E-01   2.484535410E+00
    89   12040.978416   2.944266E-10   4.882985E+05    6.82536E+21   2.099999990E+00  -3.645243E-01   2.484535410E+00
    90   12041.152680   2.095698E-10   3.475368E+05    3.91998E+21   2.099999990E+00  -3.645166E-01   2.484535410E+00
    91   12041.293309   1.495866E-10   2.480405E+05    2.24663E+21   2.099999990E+00  -3.645103E-01   2.484535410E+00
    92   12041.406240   1.067717E-10   1.770287E+05    1.28759E+21   2.099999990E+00  -3.645053E-01   2.484535410E+00
    93   12041.496929   7.660008E-11   1.270097E+05    7.36825E+20   2.099999990E+00  -3.645012E-01   2.484535410E+00
    94   12041.569265   5.501103E-11   9.122063E+04    4.21308E+20   2.099999990E+00  -3.644980E-01   2.484535410E+00
    95   12041.626855   3.951040E-11   6.552243E+04    2.40893E+20   2.099999990E+00  -3.644954E-01   2.484535410E+00
    96   12041.672699   2.853353E-11   4.731969E+04    1.37459E+20   2.099999990E+00  -3.644934E-01   2.484535410E+00
    97   12041.708922   2.060627E-11   3.417383E+04    7.84369E+19   2.099999990E+00  -3.644918E-01   2.484535410E+00
    98   12041.737543   1.490291E-11   2.471566E+04    4.47497E+19   2.099999990E+00  -3.644905E-01   2.484535410E+00
    99   12041.760120   1.083683E-11   1.797235E+04    2.54701E+19   2.099999990E+00  -3.644895E-01   2.484535410E+00
   100   12041.777792   7.880136E-12   1.306885E+04    1.44968E+19   2.099999990E+00  -3.644887E-01   2.484535410E+00
   101   12041.791625   5.734533E-12   9.510728E+03    8.25032E+18   2.099999990E+00  -3.644881E-01   2.484535410E+00
   102   12041.802442   4.179477E-12   6.932261E+03    4.69168E+18   2.099999990E+00  -3.644876E-01   2.484535410E+00
   103   12041.810882   3.046111E-12   5.052845E+03    2.66800E+18   2.099999990E+00  -3.644872E-01   2.484535410E+00
   104   12041.817466   2.220084E-12   3.682960E+03    1.51720E+18   2.099999990E+00  -3.644870E-01   2.484535410E+00
   105   12041.822603   1.618055E-12   2.684467E+03    8.62780E+17   2.099999990E+00  -3.644867E-01   2.484535410E+00
   106   12041.826611   1.179280E-12   1.956676E+03    4.90633E+17   2.099999990E+00  -3.644865E-01   2.484535410E+00
   107   12041.829738   8.594897E-13   1.426198E+03    2.79006E+17   2.099999990E+00  -3.644864E-01   2.484535410E+00
   108   12041.832177   6.343095E-13   1.052931E+03    1.58418E+17   2.099999990E+00  -3.644863E-01   2.484535410E+00
   109   12041.834054   4.787554E-13   7.954958E+02    8.88797E+16   2.099999990E+00  -3.644862E-01   2.484535410E+00
   110   12041.835447   3.613484E-13   6.010022E+02    4.98655E+16   2.099999990E+00  -3.644862E-01   2.484535410E+00
   111   12041.836481   2.727336E-13   4.540611E+02    2.79767E+16   2.099999990E+00  -3.644861E-01   2.484535410E+00
   112   12041.837250   2.058501E-13   3.430461E+02    1.56962E+16   2.099999990E+00  -3.644861E-01   2.484535410E+00
   113   12041.837820   1.553687E-13   2.591735E+02    8.80627E+15   2.099999990E+00  -3.644860E-01   2.484535410E+00
   114   12041.838244   1.181972E-13   1.972436E+02    4.93620E+15   2.099999990E+00  -3.644860E-01   2.484535410E+00
   115   12041.838556   9.150592E-14   1.525314E+02    2.74487E+15   2.099999990E+00  -3.644860E-01   2.484535410E+00
   116   12041.838781   7.084207E-14   1.179548E+02    1.52633E+15   2.099999990E+00  -3.644860E-01   2.484535410E+00
   117   12041.838942   5.484452E-14   9.121617E+01    8.48746E+14   2.099999990E+00  -3.644860E-01   2.484535410E+00
   118   12041.839058   4.245954E-14   7.053880E+01    4.71961E+14   2.099999990E+00  -3.644860E-01   2.484535410E+00
   119   12041.839141   3.287133E-14   5.454870E+01    2.62443E+14   2.099999990E+00  -3.644860E-01   2.484535410E+00
   120   12041.839201   2.556400E-14   4.238497E+01    1.45847E+14   2.099999990E+00  -3.644860E-01   2.484535410E+00
   121   12041.839244   2.010587E-14   3.332815E+01    8.05796E+13   2.099999990E+00  -3.644860E-01   2.484535410E+00
   122   12041.839274   1.581310E-14   2.620660E+01    4.45198E+13   2.099999990E+00  -3.644860E-01   2.484535410E+00
   123   12041.839296   1.243687E-14   2.060677E+01    2.45969E+13   2.099999990E+00  -3.644860E-01   2.484535410E+00
   124   12041.839311   9.856595E-15   1.632846E+01    1.35739E+13   2.099999990E+00  -3.644860E-01   2.484535410E+00
   125   12041.839321   8.982555E-15   1.488759E+01    7.06346E+12   2.099999990E+00  -3.644860E-01   2.484535410E+00
   126   12041.839327   8.186022E-15   1.357386E+01    3.67563E+12   2.099999990E+00  -3.644860E-01   2.484535410E+00
   127   12041.839330   7.460121E-15   1.237606E+01    1.91269E+12   2.099999990E+00  -3.644860E-01   2.484535410E+00
   128   12041.839332   6.798502E-15   1.128240E+01    9.95333E+11   2.099999990E+00  -3.644860E-01   2.484535410E+00
   129   12041.839333   6.195475E-15   1.028225E+01    5.18040E+11   2.099999990E+00  -3.644860E-01   2.484535410E+00
   130   12041.839334   5.645936E-15   9.370750E+00    2.69624E+11   2.099999990E+00  -3.644860E-01   2.484535410E+00
   131   12041.839334   5.145141E-15   8.540057E+00    1.40331E+11   2.099999990E+00  -3.644860E-01   2.484535410E+00
   132   12041.839334   4.888188E-15   8.113645E+00    7.25807E+10   2.099999990E+00  -3.644860E-01   2.484535410E+00
   133   12041.839335   4.843015E-15   8.038354E+00    3.64403E+10   2.099999990E+00  -3.644860E-01   2.484535410E+00
   134   12041.839335   4.798259E-15   7.963762E+00    1.82954E+10   2.099999990E+00  -3.644860E-01   2.484535410E+00
   135   12041.839335   4.758757E-15   7.898344E+00    9.18387E+09   2.099999990E+00  -3.644860E-01   2.484535410E+00
   136   12041.839335   4.749718E-15   7.886296E+00    4.59504E+09   2.099999990E+00  -3.644860E-01   2.484535410E+00
   137   12041.839335   4.740695E-15   7.874266E+00    2.29908E+09   2.099999990E+00  -3.644860E-01   2.484535410E+00
   138   12041.839335   4.731690E-15   7.862255E+00    1.15032E+09   2.099999990E+00  -3.644860E-01   2.484535410E+00
   139   12041.839335   4.722658E-15   7.845309E+00    5.75676E+08   2.099999990E+00  -3.644860E-01   2.484535410E+00
