       6     155      55      70

     EOS file :  /Users/jkopp/cernbox/ns-muons/packages/nscool/EOS/BSk22_test

  step        radius       baryon#       density        pressure       encl. mass            phi     encl. bar. mass 
                (m)        (#/fm3)       (g/cm3)        (dyn/cm2)      (sol. mass)                     (sol. mass)   

     0       0.000000   1.247550E+00   3.382807E+15    2.03852E+36   0.000000000E+00  -1.501315E+00   0.000000000E+00
     1      10.000000   1.247548E+00   3.382798E+15    2.03851E+36   7.124100898E-09  -1.501313E+00   4.400055685E-09
     2      11.666663   1.247547E+00   3.382795E+15    2.03851E+36   1.131279394E-08  -1.501313E+00   6.987119140E-09
     3      13.611101   1.247546E+00   3.382791E+15    2.03851E+36   1.796426703E-08  -1.501312E+00   1.109527357E-08
     4      15.879611   1.247545E+00   3.382786E+15    2.03850E+36   2.852652464E-08  -1.501311E+00   1.761885657E-08
     5      18.526201   1.247543E+00   3.382778E+15    2.03849E+36   4.529892227E-08  -1.501310E+00   2.797803433E-08
     6      21.613883   1.247541E+00   3.382768E+15    2.03848E+36   7.193270363E-08  -1.501308E+00   4.442795914E-08
     7      25.216168   1.247538E+00   3.382754E+15    2.03847E+36   1.142258057E-07  -1.501305E+00   7.054968827E-08
     8      29.418818   1.247534E+00   3.382735E+15    2.03845E+36   1.813849151E-07  -1.501301E+00   1.120297193E-07
     9      34.321884   1.247528E+00   3.382710E+15    2.03843E+36   2.880294290E-07  -1.501296E+00   1.778978080E-07
    10      40.042085   1.247520E+00   3.382675E+15    2.03839E+36   4.573733694E-07  -1.501290E+00   2.824924576E-07
    11      46.715586   1.247510E+00   3.382627E+15    2.03835E+36   7.262774990E-07  -1.501280E+00   4.485817841E-07
    12      54.501233   1.247496E+00   3.382563E+15    2.03828E+36   1.153270492E-06  -1.501268E+00   7.123187762E-07
    13      63.584319   1.247476E+00   3.382475E+15    2.03820E+36   1.831283228E-06  -1.501251E+00   1.131108856E-06
    14      74.180989   1.247450E+00   3.382355E+15    2.03808E+36   2.907863843E-06  -1.501227E+00   1.796100664E-06
    15      86.543347   1.247414E+00   3.382192E+15    2.03792E+36   4.617264345E-06  -1.501196E+00   2.852015319E-06
    16     100.965430   1.247365E+00   3.381971E+15    2.03770E+36   7.331362431E-06  -1.501153E+00   4.528622361E-06
    17     117.790129   1.247298E+00   3.381669E+15    2.03740E+36   1.164045749E-05  -1.501094E+00   7.190696047E-06
    18     137.417257   1.247208E+00   3.381259E+15    2.03700E+36   1.848142920E-05  -1.501015E+00   1.141728719E-05
    19     160.312893   1.247084E+00   3.380700E+15    2.03645E+36   2.934094099E-05  -1.500906E+00   1.812748106E-05
    20     187.020214   1.246917E+00   3.379940E+15    2.03570E+36   4.657745565E-05  -1.500759E+00   2.877983087E-05
    21     218.172004   1.246688E+00   3.378907E+15    2.03468E+36   7.393115179E-05  -1.500558E+00   4.568847821E-05
    22     254.505042   1.246378E+00   3.377501E+15    2.03329E+36   1.173305640E-04  -1.500285E+00   7.252390505E-05
    23     296.876588   1.245955E+00   3.375590E+15    2.03141E+36   1.861668459E-04  -1.499914E+00   1.151054459E-04
    24     346.283096   1.245381E+00   3.372991E+15    2.02885E+36   2.953029429E-04  -1.499409E+00   1.826540314E-04
    25     403.881278   1.244601E+00   3.369462E+15    2.02538E+36   4.682333531E-04  -1.498723E+00   2.897691570E-04
    26     471.011434   1.243541E+00   3.364671E+15    2.02067E+36   7.420358654E-04  -1.497791E+00   4.595417365E-04
    27     549.222740   1.242103E+00   3.358173E+15    2.01428E+36   1.175094098E-03  -1.496525E+00   7.284404168E-04
    28     640.299725   1.240153E+00   3.349371E+15    2.00565E+36   1.859061504E-03  -1.494808E+00   1.153949599E-03
    29     746.288508   1.237513E+00   3.337469E+15    1.99400E+36   2.937227356E-03  -1.492482E+00   1.826440447E-03
    30     869.520237   1.233945E+00   3.321414E+15    1.97833E+36   4.632354696E-03  -1.489336E+00   2.887476364E-03
    31    1012.627621   1.229136E+00   3.299840E+15    1.95732E+36   7.288136165E-03  -1.485091E+00   4.557737646E-03
    32    1178.547313   1.222675E+00   3.271135E+15    1.92934E+36   1.142951402E-02  -1.479379E+00   7.178974264E-03
    33    1370.492946   1.214036E+00   3.232909E+15    1.89231E+36   1.784678262E-02  -1.471726E+00   1.127558791E-02
    34    1591.912371   1.202553E+00   3.182546E+15    1.84380E+36   2.770782507E-02  -1.461524E+00   1.764306302E-02
    35    1846.360593   1.187410E+00   3.116879E+15    1.78106E+36   4.269531132E-02  -1.448022E+00   2.746839077E-02
    36    2137.321238   1.167642E+00   3.032563E+15    1.70124E+36   6.515062390E-02  -1.430317E+00   4.248544589E-02
    37    2467.907199   1.142177E+00   2.926093E+15    1.60184E+36   9.818174921E-02  -1.407372E+00   6.515407799E-02
    38    2840.487047   1.109903E+00   2.794698E+15    1.48131E+36   1.456568433E-01  -1.378082E+00   9.883345334E-02
    39    3256.182034   1.069822E+00   2.636770E+15    1.33991E+36   2.119687271E-01  -1.341385E+00   1.478780131E-01
    40    3714.352344   1.021229E+00   2.452995E+15    1.18043E+36   3.014600100E-01  -1.296442E+00   2.175500833E-01
    41    4212.075888   9.639343E-01   2.246782E+15    1.00861E+36   4.174794520E-01  -1.242861E+00   3.135960544E-01
    42    4743.810322   8.984495E-01   2.024402E+15    8.32761E+35   5.612058636E-01  -1.180933E+00   4.413660534E-01
    43    5301.304614   8.260784E-01   1.794335E+15    6.62531E+35   7.306040924E-01  -1.111804E+00   6.044511124E-01
    44    5873.838631   7.488531E-01   1.566057E+15    5.07028E+35   9.199772539E-01  -1.037518E+00   8.030363795E-01
    45    6448.751529   6.693195E-01   1.348202E+15    3.73053E+35   1.120417081E+00  -9.608762E-01   1.032435390E+00
    46    7012.287797   5.902090E-01   1.147582E+15    2.64036E+35   1.321156990E+00  -8.851053E-01   1.282528231E+00
    47    7550.480501   5.140800E-01   9.683536E+14    1.80015E+35   1.511381118E+00  -8.134171E-01   1.538653510E+00
    48    8050.114133   4.430132E-01   8.121199E+14    1.18451E+35   1.681944572E+00  -7.485442E-01   1.784114950E+00
    49    8499.668613   3.784278E-01   6.784563E+14    7.53858E+34   1.826588646E+00  -6.923885E-01   2.003634712E+00
    50    8890.300048   3.210396E-01   5.655892E+14    4.65135E+34   1.942474232E+00  -6.458586E-01   2.186537460E+00
    51    9216.880718   2.709482E-01   4.710590E+14    2.78964E+34   2.030067823E+00  -6.089086E-01   2.328496687E+00
    52    9478.849926   2.277977E-01   3.922213E+14    1.63148E+34   2.092497442E+00  -5.807295E-01   2.431325644E+00
    53    9680.368672   1.909206E-01   3.264683E+14    9.34067E+33   2.134519173E+00  -5.600230E-01   2.501148501E+00
    54    9829.448379   1.594955E-01   2.714290E+14    5.25875E+33   2.161357819E+00  -5.452869E-01   2.545918732E+00
    55    9936.169722   1.326610E-01   2.250232E+14    2.92526E+33   2.177743888E+00  -5.350595E-01   2.573284508E+00
    56   10010.759293   1.096436E-01   1.855652E+14    1.61521E+33   2.187395718E+00  -5.280787E-01   2.589400334E+00
    57   10062.174611   8.999464E-02   1.520773E+14    8.88459E+32   2.192936571E+00  -5.233505E-01   2.598645102E+00
    58   10097.392843   6.771554E-02   1.144037E+14    4.93179E+32   2.196023194E+00  -5.201528E-01   2.603789634E+00
    59   10123.738921   4.847615E-02   8.176449E+13    2.83884E+32   2.197685400E+00  -5.177835E-01   2.606556937E+00
    60   10145.174716   3.407636E-02   5.741475E+13    1.64220E+32   2.198648628E+00  -5.158709E-01   2.608160222E+00
    61   10162.981280   2.392195E-02   4.026395E+13    9.50045E+31   2.199212074E+00  -5.142927E-01   2.609097700E+00
    62   10177.773618   1.674936E-02   2.816501E+13    5.49528E+31   2.199541214E+00  -5.129891E-01   2.609645201E+00
    63   10190.076915   1.170806E-02   1.967086E+13    3.18062E+31   2.199732946E+00  -5.119101E-01   2.609964064E+00
    64   10200.322639   8.157147E-03   1.369512E+13    1.84104E+31   2.199844649E+00  -5.110152E-01   2.610149815E+00
    65   10208.875524   5.622824E-03   9.437621E+12    1.06957E+31   2.199909336E+00  -5.102707E-01   2.610257350E+00
    66   10216.110321   3.781546E-03   6.343552E+12    6.27870E+30   2.199946544E+00  -5.096427E-01   2.610319188E+00
    67   10222.446698   2.297270E-03   3.851823E+12    3.81182E+30   2.199967406E+00  -5.090941E-01   2.610353857E+00
    68   10228.796807   1.341966E-03   2.248706E+12    2.32374E+30   2.199980034E+00  -5.085456E-01   2.610374844E+00
    69   10235.442852   7.283572E-04   1.219264E+12    1.46531E+30   2.199987345E+00  -5.079728E-01   2.610386996E+00
    70   10243.189593   4.188418E-04   7.007382E+11    9.11138E+29   2.199992083E+00  -5.073070E-01   2.610394873E+00
    71   10251.593923   2.087470E-04   3.487971E+11    6.18482E+29   2.199994595E+00  -5.065868E-01   2.610399052E+00
    72   10263.084400   1.346169E-04   2.247965E+11    3.69111E+29   2.199996747E+00  -5.056057E-01   2.610402633E+00
    73   10273.771001   8.838138E-05   1.474816E+11    2.17997E+29   2.199998060E+00  -5.046969E-01   2.610404816E+00
    74   10283.430534   5.730639E-05   9.551498E+10    1.29562E+29   2.199998833E+00  -5.038785E-01   2.610406101E+00
    75   10292.327371   3.809551E-05   6.347659E+10    7.65300E+28   2.199999299E+00  -5.031273E-01   2.610406875E+00
    76   10300.261951   2.457773E-05   4.091819E+10    4.50972E+28   2.199999576E+00  -5.024594E-01   2.610407336E+00
    77   10307.537040   1.648212E-05   2.743206E+10    2.64621E+28   2.199999742E+00  -5.018486E-01   2.610407611E+00
    78   10313.922330   1.077051E-05   1.791608E+10    1.56917E+28   2.199999837E+00  -5.013139E-01   2.610407770E+00
    79   10319.733829   7.007132E-06   1.165633E+10    9.31572E+27   2.199999894E+00  -5.008283E-01   2.610407865E+00
    80   10325.048337   4.700504E-06   7.814717E+09    5.46461E+27   2.199999929E+00  -5.003851E-01   2.610407922E+00
    81   10329.707786   3.123415E-06   5.191207E+09    3.20971E+27   2.199999949E+00  -4.999973E-01   2.610407956E+00
    82   10333.834979   2.080294E-06   3.456247E+09    1.89074E+27   2.199999961E+00  -4.996542E-01   2.610407976E+00
    83   10337.492291   1.396250E-06   2.319379E+09    1.10862E+27   2.199999968E+00  -4.993507E-01   2.610407987E+00
    84   10340.692304   9.375578E-07   1.557092E+09    6.49895E+26   2.199999972E+00  -4.990855E-01   2.610407994E+00
    85   10343.489981   5.951826E-07   9.881724E+08    3.82973E+26   2.199999975E+00  -4.988538E-01   2.610407998E+00
    86   10346.090466   4.001597E-07   6.642881E+08    2.24381E+26   2.199999976E+00  -4.986387E-01   2.610408001E+00
    87   10348.359173   2.691859E-07   4.468598E+08    1.31442E+26   2.199999977E+00  -4.984512E-01   2.610408002E+00
    88   10350.336538   1.787784E-07   2.967767E+08    7.70847E+25   2.199999977E+00  -4.982879E-01   2.610408003E+00
    89   10352.083911   1.192876E-07   1.979734E+08    4.54752E+25   2.199999978E+00  -4.981437E-01   2.610408003E+00
    90   10353.630239   8.049479E-08   1.335827E+08    2.66036E+25   2.199999978E+00  -4.980161E-01   2.610408004E+00
    91   10354.971705   5.448701E-08   9.040273E+07    1.55472E+25   2.199999978E+00  -4.979055E-01   2.610408004E+00
    92   10356.130699   3.691985E-08   6.124663E+07    9.08388E+24   2.199999978E+00  -4.978100E-01   2.610408004E+00
    93   10357.130680   2.509723E-08   4.164008E+07    5.29946E+24   2.199999978E+00  -4.977277E-01   2.610408004E+00
    94   10357.989075   1.710613E-08   2.838296E+07    3.09072E+24   2.199999978E+00  -4.976570E-01   2.610408004E+00
    95   10358.723779   1.169601E-08   1.940431E+07    1.79945E+24   2.199999978E+00  -4.975965E-01   2.610408004E+00
    96   10359.349633   8.030387E-09   1.332130E+07    1.04696E+24   2.199999978E+00  -4.975450E-01   2.610408004E+00
    97   10359.880173   5.525737E-09   9.165293E+06    6.08139E+23   2.199999978E+00  -4.975013E-01   2.610408004E+00
    98   10360.328176   3.727846E-09   6.183001E+06    3.55433E+23   2.199999978E+00  -4.974645E-01   2.610408004E+00
    99   10360.716377   2.592997E-09   4.300572E+06    2.05643E+23   2.199999978E+00  -4.974325E-01   2.610408004E+00
   100   10361.039338   1.803615E-09   2.991238E+06    1.18978E+23   2.199999978E+00  -4.974060E-01   2.610408004E+00
   101   10361.308017   1.263297E-09   2.095193E+06    6.87411E+22   2.199999978E+00  -4.973839E-01   2.610408004E+00
   102   10361.529660   8.875048E-10   1.472032E+06    3.96254E+22   2.199999978E+00  -4.973657E-01   2.610408004E+00
   103   10361.711527   6.236560E-10   1.034470E+06    2.28405E+22   2.199999978E+00  -4.973507E-01   2.610408004E+00
   104   10361.860710   4.420034E-10   7.331097E+05    1.31245E+22   2.199999978E+00  -4.973384E-01   2.610408004E+00
   105   10361.981678   3.132602E-10   5.195400E+05    7.54156E+21   2.199999978E+00  -4.973285E-01   2.610408004E+00
   106   10362.079766   2.226502E-10   3.692349E+05    4.33205E+21   2.199999978E+00  -4.973204E-01   2.610408004E+00
   107   10362.159050   1.589229E-10   2.635263E+05    2.48279E+21   2.199999978E+00  -4.973139E-01   2.610408004E+00
   108   10362.222718   1.134356E-10   1.880809E+05    1.42293E+21   2.199999978E+00  -4.973087E-01   2.610408004E+00
   109   10362.273845   8.130599E-11   1.348105E+05    8.14861E+20   2.199999978E+00  -4.973045E-01   2.610408004E+00
   110   10362.314695   5.839058E-11   9.682324E+04    4.65928E+20   2.199999978E+00  -4.973011E-01   2.610408004E+00
   111   10362.347216   4.193366E-11   6.954010E+04    2.66412E+20   2.199999978E+00  -4.972984E-01   2.610408004E+00
   112   10362.373108   3.026014E-11   5.018293E+04    1.52108E+20   2.199999978E+00  -4.972963E-01   2.610408004E+00
   113   10362.393593   2.185318E-11   3.624162E+04    8.67962E+19   2.199999978E+00  -4.972946E-01   2.610408004E+00
   114   10362.409779   1.578239E-11   2.617421E+04    4.95266E+19   2.199999978E+00  -4.972933E-01   2.610408004E+00
   115   10362.422567   1.147635E-11   1.903295E+04    2.81890E+19   2.199999978E+00  -4.972922E-01   2.610408004E+00
   116   10362.432577   8.345170E-12   1.384008E+04    1.60443E+19   2.199999978E+00  -4.972914E-01   2.610408004E+00
   117   10362.440412   6.070094E-12   1.006710E+04    9.13150E+18   2.199999978E+00  -4.972908E-01   2.610408004E+00
   118   10362.446542   4.424042E-12   7.337795E+03    5.19278E+18   2.199999978E+00  -4.972903E-01   2.610408004E+00
   119   10362.451325   3.224356E-12   5.348433E+03    2.95295E+18   2.199999978E+00  -4.972899E-01   2.610408004E+00
   120   10362.455056   2.349994E-12   3.898411E+03    1.67924E+18   2.199999978E+00  -4.972896E-01   2.610408004E+00
   121   10362.457968   1.712736E-12   2.841506E+03    9.54929E+17   2.199999978E+00  -4.972893E-01   2.610408004E+00
   122   10362.460239   1.248286E-12   2.071140E+03    5.43036E+17   2.199999978E+00  -4.972892E-01   2.610408004E+00
   123   10362.462011   9.097832E-13   1.509630E+03    3.08806E+17   2.199999978E+00  -4.972890E-01   2.610408004E+00
   124   10362.463394   6.666965E-13   1.106500E+03    1.75482E+17   2.199999978E+00  -4.972889E-01   2.610408004E+00
   125   10362.464466   5.032000E-13   8.359678E+02    9.84531E+16   2.199999978E+00  -4.972888E-01   2.610408004E+00
   126   10362.465261   3.797984E-13   6.315791E+02    5.52366E+16   2.199999978E+00  -4.972887E-01   2.610408004E+00
   127   10362.465853   2.866590E-13   4.771621E+02    3.09902E+16   2.199999978E+00  -4.972887E-01   2.610408004E+00
   128   10362.466292   2.163605E-13   3.604990E+02    1.73869E+16   2.199999978E+00  -4.972887E-01   2.610408004E+00
   129   10362.466617   1.633016E-13   2.723593E+02    9.75481E+15   2.199999978E+00  -4.972886E-01   2.610408004E+00
   130   10362.466860   1.236192E-13   2.063321E+02    5.47085E+15   2.199999978E+00  -4.972886E-01   2.610408004E+00
   131   10362.467039   9.570350E-14   1.595596E+02    3.04217E+15   2.199999978E+00  -4.972886E-01   2.610408004E+00
   132   10362.467168   7.409175E-14   1.233898E+02    1.69165E+15   2.199999978E+00  -4.972886E-01   2.610408004E+00
   133   10362.467260   5.736036E-14   9.541915E+01    9.40676E+14   2.199999978E+00  -4.972886E-01   2.610408004E+00
   134   10362.467327   4.440725E-14   7.378904E+01    5.23080E+14   2.199999978E+00  -4.972886E-01   2.610408004E+00
   135   10362.467375   3.437921E-14   5.706215E+01    2.90868E+14   2.199999978E+00  -4.972886E-01   2.610408004E+00
   136   10362.467409   2.665489E-14   4.419535E+01    1.61707E+14   2.199999978E+00  -4.972886E-01   2.610408004E+00
   137   10362.467434   2.096385E-14   3.475169E+01    8.93424E+13   2.199999978E+00  -4.972886E-01   2.610408004E+00
   138   10362.467451   1.648790E-14   2.732595E+01    4.93611E+13   2.199999978E+00  -4.972886E-01   2.610408004E+00
   139   10362.467464   1.296759E-14   2.148694E+01    2.72718E+13   2.199999978E+00  -4.972886E-01   2.610408004E+00
   140   10362.467472   1.019890E-14   1.689561E+01    1.50675E+13   2.199999978E+00  -4.972886E-01   2.610408004E+00
   141   10362.467478   9.134905E-15   1.513879E+01    7.95060E+12   2.199999978E+00  -4.972886E-01   2.610408004E+00
   142   10362.467482   8.324862E-15   1.380289E+01    4.13727E+12   2.199999978E+00  -4.972886E-01   2.610408004E+00
   143   10362.467484   7.586650E-15   1.258488E+01    2.15292E+12   2.199999978E+00  -4.972886E-01   2.610408004E+00
   144   10362.467485   6.913864E-15   1.147373E+01    1.12033E+12   2.199999978E+00  -4.972886E-01   2.610408004E+00
   145   10362.467486   6.300604E-15   1.045661E+01    5.83096E+11   2.199999978E+00  -4.972886E-01   2.610408004E+00
   146   10362.467486   5.741740E-15   9.529661E+00    3.03484E+11   2.199999978E+00  -4.972886E-01   2.610408004E+00
   147   10362.467486   5.232448E-15   8.684880E+00    1.57954E+11   2.199999978E+00  -4.972886E-01   2.610408004E+00
   148   10362.467486   4.896138E-15   8.126896E+00    8.18844E+10   2.199999978E+00  -4.972886E-01   2.610408004E+00
   149   10362.467486   4.850892E-15   8.051482E+00    4.11113E+10   2.199999978E+00  -4.972886E-01   2.610408004E+00
   150   10362.467486   4.806063E-15   7.976768E+00    2.06406E+10   2.199999978E+00  -4.972886E-01   2.610408004E+00
   151   10362.467486   4.761649E-15   7.902748E+00    1.03629E+10   2.199999978E+00  -4.972886E-01   2.610408004E+00
   152   10362.467486   4.751296E-15   7.888400E+00    5.18623E+09   2.199999978E+00  -4.972886E-01   2.610408004E+00
   153   10362.467486   4.742271E-15   7.876367E+00    2.59487E+09   2.199999978E+00  -4.972886E-01   2.610408004E+00
   154   10362.467486   4.733263E-15   7.864353E+00    1.29831E+09   2.199999978E+00  -4.972886E-01   2.610408004E+00
   155   10362.467486   4.724236E-15   7.848467E+00    6.49667E+08   2.199999978E+00  -4.972886E-01   2.610408004E+00
