       6     156      55      71

     EOS file :  /Users/jkopp/cernbox/ns-muons/packages/nscool/EOS/BSk22_test

  step        radius       baryon#       density        pressure       encl. mass            phi     encl. bar. mass 
                (m)        (#/fm3)       (g/cm3)        (dyn/cm2)      (sol. mass)                     (sol. mass)   

     0       0.000000   2.054020E+00   8.523271E+15    7.99946E+36   0.000000000E+00  -2.145716E+00   0.000000000E+00
     1      10.000000   2.054012E+00   8.523200E+15    7.99937E+36   1.794970131E-08  -2.145710E+00   7.244436624E-09
     2      11.666657   2.054009E+00   8.523175E+15    7.99934E+36   2.850336068E-08  -2.145709E+00   1.150387056E-08
     3      13.611088   2.054005E+00   8.523142E+15    7.99929E+36   4.526206721E-08  -2.145706E+00   1.826766718E-08
     4      15.879584   2.053999E+00   8.523097E+15    7.99924E+36   7.187402677E-08  -2.145702E+00   2.900826796E-08
     5      18.526154   2.053992E+00   8.523036E+15    7.99916E+36   1.141323019E-07  -2.145697E+00   4.606381938E-08
     6      21.613803   2.053982E+00   8.522953E+15    7.99905E+36   1.812357298E-07  -2.145690E+00   7.314713359E-08
     7      25.216035   2.053968E+00   8.522840E+15    7.99891E+36   2.877910072E-07  -2.145681E+00   1.161538504E-07
     8      29.418600   2.053950E+00   8.522686E+15    7.99871E+36   4.569914796E-07  -2.145668E+00   1.844456638E-07
     9      34.321528   2.053925E+00   8.522476E+15    7.99844E+36   7.256639751E-07  -2.145651E+00   2.928878106E-07
    10      40.041511   2.053890E+00   8.522190E+15    7.99807E+36   1.152280903E-06  -2.145628E+00   4.650840369E-07
    11      46.714665   2.053844E+00   8.521801E+15    7.99757E+36   1.829678659E-06  -2.145596E+00   7.385125452E-07
    12      54.499758   2.053780E+00   8.521272E+15    7.99689E+36   2.905244239E-06  -2.145553E+00   1.172679396E-06
    13      63.581964   2.053694E+00   8.520552E+15    7.99597E+36   4.612949786E-06  -2.145494E+00   1.862060860E-06
    14      74.177233   2.053576E+00   8.519572E+15    7.99471E+36   7.324176787E-06  -2.145413E+00   2.956644700E-06
    15      86.537365   2.053416E+00   8.518239E+15    7.99300E+36   1.162832483E-05  -2.145304E+00   4.694525869E-06
    16     100.955909   2.053199E+00   8.516425E+15    7.99068E+36   1.846060336E-05  -2.145156E+00   7.453617392E-06
    17     117.774989   2.052902E+00   8.513958E+15    7.98751E+36   2.930450278E-05  -2.144953E+00   1.183365766E-05
    18     137.393193   2.052499E+00   8.510601E+15    7.98321E+36   4.651232459E-05  -2.144678E+00   1.878620260E-05
    19     160.274662   2.051951E+00   8.506038E+15    7.97736E+36   7.381204538E-05  -2.144304E+00   2.982054731E-05
    20     186.959504   2.051206E+00   8.499834E+15    7.96940E+36   1.171076218E-04  -2.143795E+00   4.732964202E-05
    21     218.075635   2.050193E+00   8.491406E+15    7.95860E+36   1.857400085E-04  -2.143103E+00   7.510530988E-05
    22     254.352142   2.048817E+00   8.479963E+15    7.94395E+36   2.944685054E-04  -2.142163E+00   1.191513965E-04
    23     296.634121   2.046949E+00   8.464441E+15    7.92408E+36   4.665719194E-04  -2.140886E+00   1.889643009E-04
    24     345.898851   2.044415E+00   8.443410E+15    7.89718E+36   7.386768649E-04  -2.139153E+00   2.995434745E-04
    25     403.272871   2.040983E+00   8.414964E+15    7.86083E+36   1.168220842E-03  -2.136802E+00   4.745351236E-04
    26     470.049174   2.036342E+00   8.376572E+15    7.81184E+36   1.844873443E-03  -2.133620E+00   7.511205725E-04
    27     547.703085   2.030079E+00   8.324912E+15    7.74606E+36   2.907775649E-03  -2.129319E+00   1.187560257E-03
    28     637.904571   2.021656E+00   8.255679E+15    7.65814E+36   4.571066382E-03  -2.123520E+00   1.874716957E-03
    29     742.523478   2.010372E+00   8.163389E+15    7.54135E+36   7.160672562E-03  -2.115729E+00   2.953412908E-03
    30     863.622748   1.995339E+00   8.041243E+15    7.38753E+36   1.116531895E-02  -2.105304E+00   4.640082011E-03
    31    1003.433070   1.975453E+00   7.881092E+15    7.18714E+36   1.730332260E-02  -2.091438E+00   7.263712452E-03
    32    1164.301298   1.949393E+00   7.674409E+15    6.92982E+36   2.660281310E-02  -2.073133E+00   1.131719920E-02
    33    1348.589873   1.915650E+00   7.412237E+15    6.60544E+36   4.048457122E-02  -2.049202E+00   1.752473435E-02
    34    1558.549602   1.872612E+00   7.086734E+15    6.20597E+36   6.082170204E-02  -2.018301E+00   2.692464998E-02
    35    1796.141442   1.818732E+00   6.693033E+15    5.72801E+36   8.993659762E-02  -1.979005E+00   4.095977215E-02
    36    2062.834092   1.752767E+00   6.231547E+15    5.17563E+36   1.304786643E-01  -1.929955E+00   6.155831746E-02
    37    2359.391015   1.674066E+00   5.709606E+15    4.56256E+36   1.851455701E-01  -1.870049E+00   9.117525598E-02
    38    2685.708871   1.582836E+00   5.142484E+15    3.91241E+36   2.562494300E-01  -1.798680E+00   1.327570490E-01
    39    3040.709337   1.480298E+00   4.551959E+15    3.25606E+36   3.452081749E-01  -1.715947E+00   1.895867501E-01
    40    3422.315349   1.368646E+00   3.962355E+15    2.62659E+36   4.521061803E-01  -1.622803E+00   2.649800097E-01
    41    3827.541277   1.250798E+00   3.397532E+15    2.05306E+36   5.754871725E-01  -1.521057E+00   3.618372925E-01
    42    4252.523455   1.130045E+00   2.876275E+15    1.55583E+36   7.124092556E-01  -1.413275E+00   4.820529602E-01
    43    4692.585918   1.009663E+00   2.410397E+15    1.14435E+36   8.587643342E-01  -1.302558E+00   6.258708599E-01
    44    5142.258587   8.926055E-01   2.005211E+15    8.18095E+35   1.009717076E+00  -1.192254E+00   7.912972586E-01
    45    5595.166909   7.813351E-01   1.659985E+15    5.69268E+35   1.160132495E+00  -1.085683E+00   9.737035399E-01
    46    6044.015903   6.777260E-01   1.370427E+15    3.86023E+35   1.304970401E+00  -9.858396E-01   1.165880305E+00
    47    6480.529685   5.830575E-01   1.130192E+15    2.55300E+35   1.439600662E+00  -8.951737E-01   1.358624657E+00
    48    6895.573015   4.980406E-01   9.321939E+14    1.64753E+35   1.560075097E+00  -8.154273E-01   1.541918829E+00
    49    7279.610553   4.228682E-01   7.696211E+14    1.03756E+35   1.663448946E+00  -7.475464E-01   1.706531715E+00
    50    7623.544304   3.573081E-01   6.363114E+14    6.37768E+34   1.748052424E+00  -6.916904E-01   1.845600621E+00
    51    7920.056481   3.007840E-01   5.269451E+14    3.82804E+34   1.813758265E+00  -6.473024E-01   1.955797019E+00
    52    8165.056632   2.524937E-01   4.370705E+14    2.24645E+34   1.861984393E+00  -6.132495E-01   2.037588733E+00
    53    8358.681244   2.114850E-01   3.629655E+14    1.29179E+34   1.895395220E+00  -5.880083E-01   2.094539187E+00
    54    8505.241189   1.767426E-01   3.015337E+14    7.30286E+33   1.917293796E+00  -5.698810E-01   2.131913543E+00
    55    8612.034739   1.472568E-01   2.502036E+14    4.07495E+33   1.930954995E+00  -5.572046E-01   2.155212395E+00
    56    8687.563551   1.220983E-01   2.068809E+14    2.25384E+33   1.939136341E+00  -5.485125E-01   2.169144293E+00
    57    8739.937789   1.005465E-01   1.700417E+14    1.24055E+33   1.943886097E+00  -5.426198E-01   2.177219238E+00
    58    8775.903752   8.222365E-02   1.388837E+14    6.81313E+32   1.946586595E+00  -5.386381E-01   2.181803410E+00
    59    8800.511837   5.891053E-02   9.945959E+13    3.91779E+32   1.948013258E+00  -5.359449E-01   2.184220671E+00
    60    8820.496256   4.183766E-02   7.053406E+13    2.25565E+32   1.948844552E+00  -5.337769E-01   2.185628469E+00
    61    8836.871745   2.937389E-02   4.947009E+13    1.30517E+32   1.949325794E+00  -5.320136E-01   2.186443074E+00
    62    8850.484737   2.061666E-02   3.468557E+13    7.54835E+31   1.949607310E+00  -5.305568E-01   2.186919411E+00
    63    8861.785180   1.441388E-02   2.422903E+13    4.36917E+31   1.949771337E+00  -5.293538E-01   2.187196877E+00
    64    8871.198715   1.007435E-02   1.691995E+13    2.52839E+31   1.949866993E+00  -5.283561E-01   2.187358658E+00
    65    8879.033945   6.982891E-03   1.172239E+13    1.46516E+31   1.949922575E+00  -5.275287E-01   2.187452650E+00
    66    8885.611555   4.739670E-03   7.953381E+12    8.51949E+30   1.949954792E+00  -5.268363E-01   2.187507108E+00
    67    8891.265924   3.028248E-03   5.078804E+12    5.02651E+30   1.949973220E+00  -5.262427E-01   2.187538254E+00
    68    8896.503508   1.839611E-03   3.083807E+12    3.05155E+30   1.949983677E+00  -5.256941E-01   2.187555927E+00
    69    8901.752134   1.017719E-03   1.704673E+12    1.89070E+30   1.949989844E+00  -5.251456E-01   2.187566350E+00
    70    8907.647674   5.616509E-04   9.397987E+11    1.18790E+30   1.949993590E+00  -5.245309E-01   2.187572685E+00
    71    8914.382425   3.361858E-04   5.623129E+11    7.28927E+29   1.949996047E+00  -5.238307E-01   2.187576839E+00
    72    8921.309178   1.714720E-04   2.863993E+11    4.93965E+29   1.949997310E+00  -5.231127E-01   2.187578975E+00
    73    8930.548482   1.122867E-04   1.873921E+11    2.93134E+29   1.949998395E+00  -5.221582E-01   2.187580810E+00
    74    8938.963127   7.305651E-05   1.218344E+11    1.73547E+29   1.949999045E+00  -5.212922E-01   2.187581909E+00
    75    8946.654506   4.761322E-05   7.934696E+10    1.03021E+29   1.949999430E+00  -5.205034E-01   2.187582561E+00
    76    8953.689233   3.193229E-05   5.319596E+10    6.04670E+28   1.949999664E+00  -5.197842E-01   2.187582957E+00
    77    8959.867632   2.083504E-05   3.469497E+10    3.61874E+28   1.949999798E+00  -5.191544E-01   2.187583183E+00
    78    8965.552478   1.377039E-05   2.291503E+10    2.12699E+28   1.949999881E+00  -5.185763E-01   2.187583323E+00
    79    8970.624488   8.973014E-06   1.492442E+10    1.25985E+28   1.949999929E+00  -5.180617E-01   2.187583404E+00
    80    8975.247618   5.935778E-06   9.874372E+09    7.46378E+27   1.949999958E+00  -5.175936E-01   2.187583453E+00
    81    8979.395828   3.983136E-06   6.622203E+09    4.37904E+27   1.949999975E+00  -5.171744E-01   2.187583482E+00
    82    8983.031616   2.633950E-06   4.376722E+09    2.58163E+27   1.949999985E+00  -5.168076E-01   2.187583499E+00
    83    8986.280028   1.763901E-06   2.930445E+09    1.51616E+27   1.949999991E+00  -5.164803E-01   2.187583509E+00
    84    8989.133489   1.184195E-06   1.966875E+09    8.88914E+26   1.949999994E+00  -5.161933E-01   2.187583515E+00
    85    8991.629232   7.952400E-07   1.321073E+09    5.21059E+26   1.949999996E+00  -5.159424E-01   2.187583518E+00
    86    8993.809767   5.136427E-07   8.527563E+08    3.14077E+26   1.949999998E+00  -5.157235E-01   2.187583520E+00
    87    8995.847879   3.453598E-07   5.732845E+08    1.84003E+26   1.949999998E+00  -5.155191E-01   2.187583522E+00
    88    8997.625620   2.323943E-07   3.858135E+08    1.07763E+26   1.949999999E+00  -5.153409E-01   2.187583522E+00
    89    8999.173912   1.522423E-07   2.526763E+08    6.34115E+25   1.949999999E+00  -5.151858E-01   2.187583523E+00
    90    9000.565985   1.027333E-07   1.704949E+08    3.70970E+25   1.949999999E+00  -5.150465E-01   2.187583523E+00
    91    9001.773681   6.941166E-08   1.151810E+08    2.16991E+25   1.949999999E+00  -5.149256E-01   2.187583523E+00
    92    9002.819907   4.698945E-08   7.795649E+07    1.26799E+25   1.949999999E+00  -5.148210E-01   2.187583523E+00
    93    9003.723623   3.189649E-08   5.291628E+07    7.40616E+24   1.949999999E+00  -5.147307E-01   2.187583523E+00
    94    9004.501571   2.168233E-08   3.597625E+07    4.32065E+24   1.949999999E+00  -5.146530E-01   2.187583523E+00
    95    9005.169348   1.480906E-08   2.457062E+07    2.51744E+24   1.949999999E+00  -5.145863E-01   2.187583523E+00
    96    9005.739214   1.012538E-08   1.679789E+07    1.46567E+24   1.949999999E+00  -5.145294E-01   2.187583523E+00
    97    9006.224639   6.965898E-09   1.155491E+07    8.51488E+23   1.949999999E+00  -5.144809E-01   2.187583523E+00
    98    9006.634700   4.769507E-09   7.910714E+06    4.94916E+23   1.949999999E+00  -5.144400E-01   2.187583523E+00
    99    9006.982903   3.258256E-09   5.404060E+06    2.90147E+23   1.949999999E+00  -5.144052E-01   2.187583523E+00
   100    9007.281774   2.266356E-09   3.758771E+06    1.67870E+23   1.949999999E+00  -5.143754E-01   2.187583523E+00
   101    9007.530414   1.576526E-09   2.614581E+06    9.71196E+22   1.949999999E+00  -5.143506E-01   2.187583523E+00
   102    9007.737236   1.107559E-09   1.836944E+06    5.59841E+22   1.949999999E+00  -5.143299E-01   2.187583523E+00
   103    9007.906945   7.780929E-10   1.290590E+06    3.22716E+22   1.949999999E+00  -5.143130E-01   2.187583523E+00
   104    9008.046197   5.488306E-10   9.103331E+05    1.85943E+22   1.949999999E+00  -5.142991E-01   2.187583523E+00
   105    9008.159953   3.889721E-10   6.451352E+05    1.06846E+22   1.949999999E+00  -5.142878E-01   2.187583523E+00
   106    9008.252194   2.756752E-10   4.571938E+05    6.13949E+21   1.949999999E+00  -5.142786E-01   2.187583523E+00
   107    9008.326988   1.964463E-10   3.257676E+05    3.52304E+21   1.949999999E+00  -5.142711E-01   2.187583523E+00
   108    9008.387225   1.402191E-10   2.325031E+05    2.01913E+21   1.949999999E+00  -5.142651E-01   2.187583523E+00
   109    9008.435597   1.000774E-10   1.659261E+05    1.15719E+21   1.949999999E+00  -5.142603E-01   2.187583523E+00
   110    9008.474445   7.187146E-11   1.191711E+05    6.61668E+20   1.949999999E+00  -5.142564E-01   2.187583523E+00
   111    9008.505373   5.161508E-11   8.559074E+04    3.78334E+20   1.949999999E+00  -5.142533E-01   2.187583523E+00
   112    9008.529996   3.711672E-11   6.155307E+04    2.16292E+20   1.949999999E+00  -5.142509E-01   2.187583523E+00
   113    9008.549570   2.680485E-11   4.445303E+04    1.23421E+20   1.949999999E+00  -5.142489E-01   2.187583523E+00
   114    9008.565036   1.935785E-11   3.210354E+04    7.04265E+19   1.949999999E+00  -5.142474E-01   2.187583523E+00
   115    9008.577256   1.402107E-11   2.325320E+04    4.01729E+19   1.949999999E+00  -5.142462E-01   2.187583523E+00
   116    9008.586880   1.019559E-11   1.690890E+04    2.28651E+19   1.949999999E+00  -5.142452E-01   2.187583523E+00
   117    9008.594413   7.413849E-12   1.229555E+04    1.30141E+19   1.949999999E+00  -5.142444E-01   2.187583523E+00
   118    9008.600309   5.397901E-12   8.952572E+03    7.40606E+18   1.949999999E+00  -5.142439E-01   2.187583523E+00
   119    9008.604918   3.934130E-12   6.525426E+03    4.21158E+18   1.949999999E+00  -5.142434E-01   2.187583523E+00
   120    9008.608513   2.867296E-12   4.756307E+03    2.39498E+18   1.949999999E+00  -5.142430E-01   2.187583523E+00
   121    9008.611318   2.089759E-12   3.466817E+03    1.36194E+18   1.949999999E+00  -5.142428E-01   2.187583523E+00
   122    9008.613507   1.523070E-12   2.526922E+03    7.74491E+17   1.949999999E+00  -5.142425E-01   2.187583523E+00
   123    9008.615214   1.110053E-12   1.841844E+03    4.40426E+17   1.949999999E+00  -5.142424E-01   2.187583523E+00
   124    9008.616546   8.090351E-13   1.342498E+03    2.50455E+17   1.949999999E+00  -5.142422E-01   2.187583523E+00
   125    9008.617585   6.016984E-13   9.989811E+02    1.42140E+17   1.949999999E+00  -5.142421E-01   2.187583523E+00
   126    9008.618378   4.541417E-13   7.547366E+02    7.97470E+16   1.949999999E+00  -5.142421E-01   2.187583523E+00
   127    9008.618967   3.427708E-13   5.702084E+02    4.47416E+16   1.949999999E+00  -5.142420E-01   2.187583523E+00
   128    9008.619404   2.587118E-13   4.307961E+02    2.51020E+16   1.949999999E+00  -5.142419E-01   2.187583523E+00
   129    9008.619728   1.952669E-13   3.254692E+02    1.40834E+16   1.949999999E+00  -5.142419E-01   2.187583523E+00
   130    9008.619969   1.473809E-13   2.458941E+02    7.90140E+15   1.949999999E+00  -5.142419E-01   2.187583523E+00
   131    9008.620148   1.127097E-13   1.880472E+02    4.42644E+15   1.949999999E+00  -5.142419E-01   2.187583523E+00
   132    9008.620279   8.725760E-14   1.454197E+02    2.46140E+15   1.949999999E+00  -5.142419E-01   2.187583523E+00
   133    9008.620374   6.755310E-14   1.124552E+02    1.36871E+15   1.949999999E+00  -5.142419E-01   2.187583523E+00
   134    9008.620442   5.229827E-14   8.696323E+01    7.61096E+14   1.949999999E+00  -5.142418E-01   2.187583523E+00
   135    9008.620490   4.048828E-14   6.724995E+01    4.23221E+14   1.949999999E+00  -5.142418E-01   2.187583523E+00
   136    9008.620525   3.134522E-14   5.200537E+01    2.35340E+14   1.949999999E+00  -5.142418E-01   2.187583523E+00
   137    9008.620551   2.445641E-14   4.054697E+01    1.30731E+14   1.949999999E+00  -5.142418E-01   2.187583523E+00
   138    9008.620569   1.923477E-14   3.188289E+01    7.22280E+13   1.949999999E+00  -5.142418E-01   2.187583523E+00
   139    9008.620581   1.512798E-14   2.507016E+01    3.99055E+13   1.949999999E+00  -5.142418E-01   2.187583523E+00
   140    9008.620590   1.189803E-14   1.971317E+01    2.20476E+13   1.949999999E+00  -5.142418E-01   2.187583523E+00
   141    9008.620596   9.699633E-15   1.606976E+01    1.21244E+13   1.949999999E+00  -5.142418E-01   2.187583523E+00
   142    9008.620600   8.839512E-15   1.465171E+01    6.30921E+12   1.949999999E+00  -5.142418E-01   2.187583523E+00
   143    9008.620603   8.055663E-15   1.335880E+01    3.28314E+12   1.949999999E+00  -5.142418E-01   2.187583523E+00
   144    9008.620604   7.341322E-15   1.217997E+01    1.70845E+12   1.949999999E+00  -5.142418E-01   2.187583523E+00
   145    9008.620605   6.690189E-15   1.110276E+01    8.89060E+11   1.949999999E+00  -5.142418E-01   2.187583523E+00
   146    9008.620605   6.096769E-15   1.011853E+01    4.62728E+11   1.949999999E+00  -5.142418E-01   2.187583523E+00
   147    9008.620606   5.555985E-15   9.221548E+00    2.40836E+11   1.949999999E+00  -5.142418E-01   2.187583523E+00
   148    9008.620606   5.063169E-15   8.404082E+00    1.25348E+11   1.949999999E+00  -5.142418E-01   2.187583523E+00
   149    9008.620606   4.880267E-15   8.100442E+00    6.43503E+10   1.949999999E+00  -5.142418E-01   2.187583523E+00
   150    9008.620606   4.835167E-15   8.025274E+00    3.23081E+10   1.949999999E+00  -5.142418E-01   2.187583523E+00
   151    9008.620606   4.790483E-15   7.950803E+00    1.62208E+10   1.949999999E+00  -5.142418E-01   2.187583523E+00
   152    9008.620606   4.757182E-15   7.896245E+00    8.14063E+09   1.949999999E+00  -5.142418E-01   2.187583523E+00
   153    9008.620606   4.748145E-15   7.884200E+00    4.07307E+09   1.949999999E+00  -5.142418E-01   2.187583523E+00
   154    9008.620606   4.739126E-15   7.872173E+00    2.03791E+09   1.949999999E+00  -5.142418E-01   2.187583523E+00
   155    9008.620606   4.730123E-15   7.860165E+00    1.01965E+09   1.949999999E+00  -5.142418E-01   2.187583523E+00
   156    9008.620606   4.721086E-15   7.842164E+00    5.10339E+08   1.949999999E+00  -5.142418E-01   2.187583523E+00
