       6     153      53      68

     EOS file :  /Users/jkopp/cernbox/ns-muons/packages/nscool/EOS/MF_B30.dat

  step        radius       baryon#       density        pressure       encl. mass            phi     encl. bar. mass 
                (m)        (#/fm3)       (g/cm3)        (dyn/cm2)      (sol. mass)                     (sol. mass)   

     0       0.000000   3.841714E-01   7.984832E+14    1.69729E+35   0.000000000E+00  -6.372650E-01   0.000000000E+00
     1      10.000000   3.841712E-01   7.984828E+14    1.69729E+35   1.681587116E-09  -6.372647E-01   1.354957021E-09
     2      11.666665   3.841711E-01   7.984827E+14    1.69729E+35   2.670297126E-09  -6.372647E-01   2.151620943E-09
     3      13.611108   3.841710E-01   7.984825E+14    1.69729E+35   4.240330951E-09  -6.372646E-01   3.416693052E-09
     4      15.879623   3.841709E-01   7.984823E+14    1.69729E+35   6.733484240E-09  -6.372644E-01   5.425579209E-09
     5      18.526223   3.841708E-01   7.984819E+14    1.69729E+35   1.069251441E-08  -6.372642E-01   8.615612785E-09
     6      21.613921   3.841706E-01   7.984815E+14    1.69728E+35   1.697929706E-08  -6.372640E-01   1.368126096E-08
     7      25.216231   3.841703E-01   7.984809E+14    1.69728E+35   2.696245210E-08  -6.372636E-01   2.172530752E-08
     8      29.418922   3.841699E-01   7.984800E+14    1.69728E+35   4.281528293E-08  -6.372631E-01   3.449892284E-08
     9      34.322051   3.841694E-01   7.984789E+14    1.69727E+35   6.798888386E-08  -6.372625E-01   5.478288022E-08
    10      40.042355   3.841688E-01   7.984774E+14    1.69726E+35   1.079633979E-07  -6.372615E-01   8.699290057E-08
    11      46.716021   3.841678E-01   7.984753E+14    1.69725E+35   1.714409445E-07  -6.372603E-01   1.381408899E-07
    12      54.501929   3.841666E-01   7.984724E+14    1.69724E+35   2.722398543E-07  -6.372586E-01   2.193612892E-07
    13      63.585432   3.841649E-01   7.984686E+14    1.69722E+35   4.323024486E-07  -6.372563E-01   3.483347333E-07
    14      74.182762   3.841625E-01   7.984633E+14    1.69719E+35   6.864708598E-07  -6.372532E-01   5.531364532E-07
    15      86.546173   3.841594E-01   7.984561E+14    1.69715E+35   1.090069947E-06  -6.372490E-01   8.783467966E-07
    16     100.969927   3.841550E-01   7.984463E+14    1.69710E+35   1.730946711E-06  -6.372432E-01   1.394753210E-06
    17     117.797283   3.841491E-01   7.984330E+14    1.69703E+35   2.748584190E-06  -6.372354E-01   2.214753823E-06
    18     137.428630   3.841411E-01   7.984149E+14    1.69694E+35   4.364444406E-06  -6.372247E-01   3.516811711E-06
    19     160.330968   3.841302E-01   7.983902E+14    1.69681E+35   6.930131966E-06  -6.372102E-01   5.584274258E-06
    20     187.048930   3.841154E-01   7.983567E+14    1.69663E+35   1.100383312E-05  -6.371904E-01   8.866988575E-06
    21     218.217613   3.840952E-01   7.983110E+14    1.69639E+35   1.747160531E-05  -6.371634E-01   1.407908336E-05
    22     254.577469   3.840677E-01   7.982489E+14    1.69607E+35   2.773978010E-05  -6.371268E-01   2.235411077E-05
    23     296.991572   3.840303E-01   7.981643E+14    1.69562E+35   4.404005873E-05  -6.370769E-01   3.549112070E-05
    24     346.465598   3.839794E-01   7.980492E+14    1.69502E+35   6.991305803E-05  -6.370091E-01   5.634480145E-05
    25     404.170858   3.839101E-01   7.978926E+14    1.69420E+35   1.109741458E-04  -6.369168E-01   8.944367868E-05
    26     471.470749   3.838159E-01   7.976796E+14    1.69309E+35   1.761252075E-04  -6.367911E-01   1.419689224E-04
    27     549.950926   3.836877E-01   7.973899E+14    1.69157E+35   2.794695079E-04  -6.366203E-01   2.253024670E-04
    28     641.453442   3.835134E-01   7.969958E+14    1.68951E+35   4.433322249E-04  -6.363880E-01   3.574720318E-04
    29     748.114877   3.832764E-01   7.964601E+14    1.68671E+35   7.030135199E-04  -6.360722E-01   5.670050175E-04
    30     872.408160   3.829544E-01   7.957321E+14    1.68292E+35   1.114243036E-03  -6.356432E-01   8.989866578E-04
    31    1017.187155   3.825175E-01   7.947446E+14    1.67777E+35   1.764818033E-03  -6.350606E-01   1.424547967E-03
    32    1185.731903   3.819307E-01   7.934183E+14    1.67080E+35   2.792667666E-03  -6.342703E-01   2.255655951E-03
    33    1381.789002   3.811351E-01   7.916204E+14    1.66137E+35   4.413604143E-03  -6.331993E-01   3.567972773E-03
    34    1609.609638   3.800579E-01   7.891867E+14    1.64867E+35   6.963527364E-03  -6.317505E-01   5.635912551E-03
    35    1873.962665   3.786023E-01   7.858989E+14    1.63160E+35   1.096143324E-02  -6.297946E-01   8.885599563E-03
    36    2180.115312   3.766481E-01   7.814864E+14    1.60877E+35   1.720127022E-02  -6.271621E-01   1.397338672E-02
    37    2533.748553   3.740448E-01   7.756108E+14    1.57841E+35   2.688137170E-02  -6.236327E-01   2.189922780E-02
    38    2940.779183   3.705820E-01   7.678004E+14    1.53839E+35   4.177578508E-02  -6.189265E-01   3.416266186E-02
    39    3407.052768   3.660227E-01   7.575254E+14    1.48620E+35   6.444527697E-02  -6.126955E-01   5.296685022E-02
    40    3937.804173   3.600917E-01   7.441737E+14    1.41912E+35   9.845294704E-02  -6.045248E-01   8.145386388E-02
    41    4536.834540   3.524728E-01   7.270472E+14    1.33452E+35   1.485067480E-01  -5.939458E-01   1.239226197E-01
    42    5205.379308   3.428433E-01   7.054426E+14    1.23043E+35   2.203738475E-01  -5.804767E-01   1.859139046E-01
    43    5940.628723   3.309679E-01   6.788606E+14    1.10632E+35   3.203265455E-01  -5.636977E-01   2.739512577E-01
    44    6733.910992   3.166475E-01   6.469056E+14    9.64063E+34   4.538445604E-01  -5.433758E-01   3.946283375E-01
    45    7569.242598   2.998857E-01   6.096443E+14    8.08714E+34   6.235060753E-01  -5.196215E-01   5.527930860E-01
    46    8422.428794   2.808381E-01   5.675057E+14    6.48617E+34   8.264023441E-01  -4.930506E-01   7.488155828E-01
    47    9262.072363   2.598512E-01   5.213489E+14    4.94378E+34   1.052259257E+00  -4.648622E-01   9.757589468E-01
    48   10053.020180   2.374234E-01   4.723811E+14    3.56608E+34   1.283900763E+00  -4.367397E-01   1.218201684E+00
    49   10762.275270   2.164007E-01   4.268643E+14    2.42610E+34   1.502139017E+00  -4.105160E-01   1.455786970E+00
    50   11358.019356   1.937844E-01   3.783766E+14    1.56401E+34   1.687650736E+00  -3.879910E-01   1.665053098E+00
    51   11834.641146   1.719141E-01   3.320336E+14    9.59657E+33   1.831652409E+00  -3.698334E-01   1.832523306E+00
    52   12195.797306   1.520529E-01   2.904908E+14    5.64361E+33   1.934299714E+00  -3.561179E-01   1.954864029E+00
    53   12454.742515   1.334420E-01   2.521040E+14    3.22091E+33   2.001694924E+00  -3.463727E-01   2.036764377E+00
    54   12633.537802   1.118215E-01   2.082613E+14    1.80770E+33   2.043122509E+00  -3.397184E-01   2.087920808E+00
    55   12759.321886   9.587928E-02   1.765232E+14    1.00195E+33   2.067699313E+00  -3.350912E-01   2.118759653E+00
    56   12843.736348   7.268756E-02   1.228467E+14    5.54436E+32   2.081755314E+00  -3.320176E-01   2.136753844E+00
    57   12912.016900   5.217925E-02   8.804242E+13    3.20603E+32   2.089267644E+00  -3.295559E-01   2.147091973E+00
    58   12967.920615   3.687820E-02   6.214992E+13    1.85570E+32   2.093695436E+00  -3.275604E-01   2.153188869E+00
    59   13014.325924   2.592424E-02   4.364437E+13    1.07583E+32   2.096298322E+00  -3.259189E-01   2.156772999E+00
    60   13053.036128   1.818666E-02   3.058795E+13    6.23145E+31   2.097832408E+00  -3.245607E-01   2.158885351E+00
    61   13085.310571   1.272213E-02   2.137888E+13    3.61077E+31   2.098732154E+00  -3.234363E-01   2.160124156E+00
    62   13112.265259   8.896004E-03   1.493649E+13    2.09116E+31   2.099259662E+00  -3.225029E-01   2.160850432E+00
    63   13134.747722   6.148356E-03   1.032053E+13    1.21527E+31   2.099566551E+00  -3.217284E-01   2.161272881E+00
    64   13153.754717   4.139786E-03   6.945426E+12    7.11492E+30   2.099744446E+00  -3.210765E-01   2.161517687E+00
    65   13170.361744   2.566301E-03   4.303366E+12    4.25882E+30   2.099845973E+00  -3.205092E-01   2.161657394E+00
    66   13186.464415   1.551549E-03   2.600458E+12    2.58930E+30   2.099905679E+00  -3.199609E-01   2.161739549E+00
    67   13202.722822   8.382261E-04   1.403584E+12    1.63377E+30   2.099940050E+00  -3.194094E-01   2.161786852E+00
    68   13221.793403   4.766309E-04   7.974722E+11    1.02408E+30   2.099962121E+00  -3.187649E-01   2.161817240E+00
    69   13242.917666   2.154499E-04   3.599973E+11    6.38857E+29   2.099976166E+00  -3.180542E-01   2.161836575E+00
    70   13272.228930   1.385697E-04   2.313957E+11    3.82256E+29   2.099985605E+00  -3.170734E-01   2.161849577E+00
    71   13299.692693   9.115362E-05   1.521185E+11    2.26096E+29   2.099991411E+00  -3.161600E-01   2.161857574E+00
    72   13324.554875   5.910903E-05   9.852233E+10    1.34478E+29   2.099994851E+00  -3.153379E-01   2.161862311E+00
    73   13347.513246   3.922912E-05   6.536774E+10    7.95850E+28   2.099996931E+00  -3.145826E-01   2.161865174E+00
    74   13368.096455   2.531444E-05   4.214301E+10    4.69071E+28   2.099998179E+00  -3.139086E-01   2.161866892E+00
    75   13386.999526   1.697991E-05   2.826316E+10    2.75354E+28   2.099998925E+00  -3.132923E-01   2.161867918E+00
    76   13403.615287   1.110334E-05   1.847096E+10    1.63081E+28   2.099999359E+00  -3.127525E-01   2.161868517E+00
    77   13418.728371   7.209183E-06   1.199222E+10    9.67623E+27   2.099999618E+00  -3.122633E-01   2.161868872E+00
    78   13432.585909   4.836932E-06   8.041511E+09    5.67757E+27   2.099999774E+00  -3.118161E-01   2.161869088E+00
    79   13444.748835   3.217337E-06   5.347515E+09    3.33354E+27   2.099999867E+00  -3.114247E-01   2.161869215E+00
    80   13455.516770   2.140543E-06   3.556375E+09    1.96437E+27   2.099999921E+00  -3.110790E-01   2.161869289E+00
    81   13465.080454   1.436832E-06   2.386845E+09    1.15204E+27   2.099999953E+00  -3.107726E-01   2.161869333E+00
    82   13473.455144   9.649187E-07   1.602460E+09    6.75475E+26   2.099999972E+00  -3.105049E-01   2.161869360E+00
    83   13480.782538   6.125649E-07   1.017040E+09    3.98103E+26   2.099999983E+00  -3.102710E-01   2.161869375E+00
    84   13487.597686   4.118849E-07   6.837601E+08    2.33283E+26   2.099999990E+00  -3.100538E-01   2.161869384E+00
    85   13493.546743   2.770756E-07   4.599500E+08    1.36676E+26   2.099999993E+00  -3.098644E-01   2.161869389E+00
    86   13498.734976   1.847960E-07   3.067819E+08    8.01287E+25   2.099999996E+00  -3.096995E-01   2.161869392E+00
    87   13503.300507   1.229348E-07   2.040274E+08    4.73807E+25   2.099999997E+00  -3.095545E-01   2.161869394E+00
    88   13507.363817   8.296126E-08   1.376766E+08    2.77208E+25   2.099999998E+00  -3.094256E-01   2.161869395E+00
    89   13510.889969   5.614816E-08   9.316043E+07    1.62037E+25   2.099999998E+00  -3.093138E-01   2.161869396E+00
    90   13513.938381   3.803281E-08   6.309222E+07    9.46846E+24   2.099999999E+00  -3.092172E-01   2.161869396E+00
    91   13516.570387   2.585486E-08   4.289662E+07    5.52414E+24   2.099999999E+00  -3.091339E-01   2.161869396E+00
    92   13518.830220   1.761397E-08   2.922582E+07    3.22209E+24   2.099999999E+00  -3.090623E-01   2.161869397E+00
    93   13520.765848   1.204360E-08   1.998114E+07    1.87601E+24   2.099999999E+00  -3.090011E-01   2.161869397E+00
    94   13522.414964   8.265886E-09   1.371209E+07    1.09187E+24   2.099999999E+00  -3.089490E-01   2.161869397E+00
    95   13523.814107   5.687907E-09   9.434368E+06    6.34247E+23   2.099999999E+00  -3.089047E-01   2.161869397E+00
    96   13524.995719   3.829895E-09   6.352278E+06    3.70201E+23   2.099999999E+00  -3.088674E-01   2.161869397E+00
    97   13526.020308   2.664021E-09   4.418381E+06    2.14192E+23   2.099999999E+00  -3.088350E-01   2.161869397E+00
    98   13526.872782   1.853041E-09   3.073219E+06    1.23927E+23   2.099999999E+00  -3.088081E-01   2.161869397E+00
    99   13527.582022   1.297128E-09   2.151293E+06    7.16348E+22   2.099999999E+00  -3.087857E-01   2.161869397E+00
   100   13528.167777   9.112802E-10   1.511459E+06    4.12940E+22   2.099999999E+00  -3.087672E-01   2.161869397E+00
   101   13528.648437   6.402048E-10   1.061919E+06    2.38038E+22   2.099999999E+00  -3.087520E-01   2.161869397E+00
   102   13529.042849   4.535735E-10   7.523038E+05    1.36818E+22   2.099999999E+00  -3.087396E-01   2.161869397E+00
   103   13529.362872   3.214618E-10   5.331449E+05    7.86183E+21   2.099999999E+00  -3.087295E-01   2.161869397E+00
   104   13529.622375   2.283407E-10   3.786746E+05    4.51635E+21   2.099999999E+00  -3.087213E-01   2.161869397E+00
   105   13529.832274   1.629852E-10   2.702643E+05    2.58843E+21   2.099999999E+00  -3.087146E-01   2.161869397E+00
   106   13530.000834   1.163354E-10   1.928903E+05    1.48348E+21   2.099999999E+00  -3.087093E-01   2.161869397E+00
   107   13530.136196   8.335262E-11   1.382031E+05    8.49794E+20   2.099999999E+00  -3.087051E-01   2.161869397E+00
   108   13530.244423   5.986048E-11   9.926002E+04    4.85903E+20   2.099999999E+00  -3.087016E-01   2.161869397E+00
   109   13530.330586   4.298933E-11   7.129032E+04    2.77834E+20   2.099999999E+00  -3.086989E-01   2.161869397E+00
   110   13530.399184   3.101097E-11   5.142803E+04    1.58672E+20   2.099999999E+00  -3.086968E-01   2.161869397E+00
   111   13530.453492   2.239543E-11   3.714085E+04    9.05417E+19   2.099999999E+00  -3.086950E-01   2.161869397E+00
   112   13530.496403   1.617347E-11   2.682276E+04    5.16650E+19   2.099999999E+00  -3.086937E-01   2.161869397E+00
   113   13530.530308   1.175596E-11   1.949666E+04    2.94152E+19   2.099999999E+00  -3.086926E-01   2.161869397E+00
   114   13530.556866   8.548492E-12   1.417728E+04    1.67422E+19   2.099999999E+00  -3.086918E-01   2.161869397E+00
   115   13530.577653   6.216762E-12   1.031028E+04    9.52895E+18   2.099999999E+00  -3.086911E-01   2.161869397E+00
   116   13530.593922   4.530939E-12   7.515047E+03    5.41879E+18   2.099999999E+00  -3.086906E-01   2.161869397E+00
   117   13530.606615   3.302266E-12   5.477631E+03    3.08148E+18   2.099999999E+00  -3.086902E-01   2.161869397E+00
   118   13530.616517   2.406777E-12   3.992582E+03    1.75234E+18   2.099999999E+00  -3.086899E-01   2.161869397E+00
   119   13530.624243   1.754121E-12   2.910147E+03    9.96494E+17   2.099999999E+00  -3.086897E-01   2.161869397E+00
   120   13530.630271   1.278449E-12   2.121172E+03    5.66672E+17   2.099999999E+00  -3.086895E-01   2.161869397E+00
   121   13530.634973   9.317665E-13   1.546097E+03    3.22247E+17   2.099999999E+00  -3.086893E-01   2.161869397E+00
   122   13530.638642   6.807818E-13   1.129794E+03    1.83182E+17   2.099999999E+00  -3.086892E-01   2.161869397E+00
   123   13530.641496   5.138311E-13   8.535671E+02    1.02774E+17   2.099999999E+00  -3.086891E-01   2.161869397E+00
   124   13530.643616   3.878224E-13   6.448754E+02    5.76606E+16   2.099999999E+00  -3.086890E-01   2.161869397E+00
   125   13530.645190   2.927152E-13   4.872076E+02    3.23501E+16   2.099999999E+00  -3.086890E-01   2.161869397E+00
   126   13530.646359   2.209316E-13   3.680884E+02    1.81499E+16   2.099999999E+00  -3.086890E-01   2.161869397E+00
   127   13530.647227   1.667517E-13   2.780932E+02    1.01829E+16   2.099999999E+00  -3.086889E-01   2.161869397E+00
   128   13530.647871   1.259689E-13   2.102714E+02    5.71223E+15   2.099999999E+00  -3.086889E-01   2.161869397E+00
   129   13530.648349   9.752264E-14   1.626059E+02    3.17639E+15   2.099999999E+00  -3.086889E-01   2.161869397E+00
   130   13530.648693   7.550010E-14   1.257456E+02    1.76629E+15   2.099999999E+00  -3.086889E-01   2.161869397E+00
   131   13530.648941   5.845067E-14   9.724090E+01    9.82178E+14   2.099999999E+00  -3.086889E-01   2.161869397E+00
   132   13530.649118   4.525135E-14   7.519782E+01    5.46159E+14   2.099999999E+00  -3.086889E-01   2.161869397E+00
   133   13530.649246   3.503270E-14   5.815158E+01    3.03702E+14   2.099999999E+00  -3.086889E-01   2.161869397E+00
   134   13530.649338   2.712663E-14   4.497824E+01    1.68870E+14   2.099999999E+00  -3.086889E-01   2.161869397E+00
   135   13530.649404   2.133487E-14   3.536730E+01    9.32994E+13   2.099999999E+00  -3.086889E-01   2.161869397E+00
   136   13530.649451   1.677970E-14   2.781001E+01    5.15474E+13   2.099999999E+00  -3.086889E-01   2.161869397E+00
   137   13530.649483   1.319710E-14   2.186757E+01    2.84797E+13   2.099999999E+00  -3.086889E-01   2.161869397E+00
   138   13530.649506   1.037941E-14   1.719491E+01    1.57348E+13   2.099999999E+00  -3.086889E-01   2.161869397E+00
   139   13530.649522   9.201827E-15   1.524913E+01    8.36951E+12   2.099999999E+00  -3.086889E-01   2.161869397E+00
   140   13530.649532   8.385849E-15   1.390349E+01    4.35526E+12   2.099999999E+00  -3.086889E-01   2.161869397E+00
   141   13530.649538   7.642229E-15   1.267661E+01    2.26635E+12   2.099999999E+00  -3.086889E-01   2.161869397E+00
   142   13530.649541   6.964538E-15   1.155777E+01    1.17935E+12   2.099999999E+00  -3.086889E-01   2.161869397E+00
   143   13530.649542   6.346783E-15   1.053321E+01    6.13816E+11   2.099999999E+00  -3.086889E-01   2.161869397E+00
   144   13530.649544   5.783823E-15   9.599463E+00    3.19472E+11   2.099999999E+00  -3.086889E-01   2.161869397E+00
   145   13530.649544   5.270798E-15   8.748495E+00    1.66275E+11   2.099999999E+00  -3.086889E-01   2.161869397E+00
   146   13530.649544   4.899592E-15   8.132653E+00    8.62836E+10   2.099999999E+00  -3.086889E-01   2.161869397E+00
   147   13530.649545   4.854313E-15   8.057185E+00    4.33200E+10   2.099999999E+00  -3.086889E-01   2.161869397E+00
   148   13530.649545   4.809453E-15   7.982419E+00    2.17495E+10   2.099999999E+00  -3.086889E-01   2.161869397E+00
   149   13530.649545   4.765007E-15   7.908345E+00    1.09197E+10   2.099999999E+00  -3.086889E-01   2.161869397E+00
   150   13530.649545   4.751986E-15   7.889319E+00    5.46755E+09   2.099999999E+00  -3.086889E-01   2.161869397E+00
   151   13530.649545   4.742959E-15   7.877285E+00    2.73562E+09   2.099999999E+00  -3.086889E-01   2.161869397E+00
   152   13530.649545   4.733949E-15   7.865268E+00    1.36874E+09   2.099999999E+00  -3.086889E-01   2.161869397E+00
   153   13530.649545   4.724925E-15   7.849846E+00    6.84882E+08   2.099999999E+00  -3.086889E-01   2.161869397E+00
