       6     152      51      67

     EOS file :  /Users/jkopp/cernbox/ns-muons/packages/nscool/EOS/nl3wr_test

  step        radius       baryon#       density        pressure       encl. mass            phi     encl. bar. mass 
                (m)        (#/fm3)       (g/cm3)        (dyn/cm2)      (sol. mass)                     (sol. mass)   

     0       0.000000   3.034314E-01   5.367620E+14    6.46043E+34   0.000000000E+00  -3.859724E-01   0.000000000E+00
     1      10.000000   3.034313E-01   5.367618E+14    6.46043E+34   1.130408400E-09  -3.859723E-01   1.070190549E-09
     2      11.666665   3.034313E-01   5.367617E+14    6.46042E+34   1.795046122E-09  -3.859722E-01   1.699422503E-09
     3      13.611108   3.034312E-01   5.367616E+14    6.46042E+34   2.850465586E-09  -3.859722E-01   2.698619037E-09
     4      15.879623   3.034312E-01   5.367615E+14    6.46042E+34   4.526431262E-09  -3.859721E-01   4.285305042E-09
     5      18.526224   3.034311E-01   5.367614E+14    6.46041E+34   7.187799776E-09  -3.859720E-01   6.804901303E-09
     6      21.613922   3.034310E-01   5.367612E+14    6.46040E+34   1.141394813E-08  -3.859719E-01   1.080592178E-08
     7      25.216233   3.034309E-01   5.367609E+14    6.46039E+34   1.812490162E-08  -3.859717E-01   1.715938314E-08
     8      29.418924   3.034307E-01   5.367605E+14    6.46038E+34   2.878161786E-08  -3.859714E-01   2.724842077E-08
     9      34.322055   3.034304E-01   5.367600E+14    6.46036E+34   4.570402517E-08  -3.859710E-01   4.326938765E-08
    10      40.042360   3.034301E-01   5.367594E+14    6.46033E+34   7.257604416E-08  -3.859705E-01   6.870997899E-08
    11      46.716029   3.034296E-01   5.367584E+14    6.46029E+34   1.152475189E-07  -3.859698E-01   1.091084565E-07
    12      54.501941   3.034290E-01   5.367571E+14    6.46024E+34   1.830076001E-07  -3.859689E-01   1.732592255E-07
    13      63.585451   3.034281E-01   5.367554E+14    6.46017E+34   2.906067157E-07  -3.859677E-01   2.751271531E-07
    14      74.182794   3.034269E-01   5.367530E+14    6.46008E+34   4.614671354E-07  -3.859659E-01   4.368872333E-07
    15      86.546223   3.034253E-01   5.367498E+14    6.45995E+34   7.327806898E-07  -3.859636E-01   6.937510285E-07
    16     100.970005   3.034231E-01   5.367455E+14    6.45978E+34   1.163602595E-06  -3.859604E-01   1.101629937E-06
    17     117.797407   3.034202E-01   5.367395E+14    6.45954E+34   1.847701629E-06  -3.859561E-01   1.749302147E-06
    18     137.428826   3.034161E-01   5.367314E+14    6.45922E+34   2.933960300E-06  -3.859502E-01   2.777728915E-06
    19     160.331278   3.034106E-01   5.367204E+14    6.45878E+34   4.658757801E-06  -3.859422E-01   4.410718605E-06
    20     187.049423   3.034031E-01   5.367054E+14    6.45818E+34   7.397367550E-06  -3.859313E-01   7.003599534E-06
    21     218.218396   3.033928E-01   5.366850E+14    6.45737E+34   1.174551971E-05  -3.859164E-01   1.112046631E-05
    22     254.578710   3.033789E-01   5.366572E+14    6.45626E+34   1.864880091E-05  -3.858962E-01   1.765674840E-05
    23     296.993542   3.033600E-01   5.366193E+14    6.45476E+34   2.960788019E-05  -3.858687E-01   2.803363752E-05
    24     346.468723   3.033342E-01   5.365678E+14    6.45271E+34   4.700384729E-05  -3.858313E-01   4.450638435E-05
    25     404.175816   3.032991E-01   5.364978E+14    6.44992E+34   7.461364426E-05  -3.857804E-01   7.065289739E-05
    26     471.478611   3.032514E-01   5.364025E+14    6.44613E+34   1.184259765E-04  -3.857112E-01   1.121475373E-04
    27     549.963388   3.031864E-01   5.362728E+14    6.44098E+34   1.879313958E-04  -3.856170E-01   1.779853812E-04
    28     641.473185   3.030981E-01   5.360964E+14    6.43397E+34   2.981589378E-04  -3.854889E-01   2.824166229E-04
    29     748.146128   3.029779E-01   5.358564E+14    6.42445E+34   4.728844747E-04  -3.853147E-01   4.479974686E-04
    30     872.457568   3.028145E-01   5.355302E+14    6.41152E+34   7.496701184E-04  -3.850781E-01   7.103899711E-04
    31    1017.265149   3.025924E-01   5.350869E+14    6.39398E+34   1.187747933E-03  -3.847567E-01   1.125887627E-03
    32    1185.854977   3.022954E-01   5.344936E+14    6.37021E+34   1.880290889E-03  -3.843206E-01   1.783164283E-03
    33    1381.982741   3.018927E-01   5.336893E+14    6.33804E+34   2.973341239E-03  -3.837294E-01   2.821473984E-03
    34    1609.913078   3.013465E-01   5.325986E+14    6.29459E+34   4.694744255E-03  -3.829294E-01   4.458635141E-03
    35    1874.435048   3.006085E-01   5.311251E+14    6.23610E+34   7.397681773E-03  -3.818487E-01   7.033481954E-03
    36    2180.842982   2.996252E-01   5.291611E+14    6.15762E+34   1.162490115E-02  -3.803931E-01   1.106922242E-02
    37    2534.848989   2.983085E-01   5.265318E+14    6.05290E+34   1.820007427E-02  -3.784397E-01   1.736512675E-02
    38    2942.420415   2.965637E-01   5.230476E+14    5.91411E+34   2.835305402E-02  -3.758316E-01   2.712540317E-02
    39    3409.436919   2.942137E-01   5.183766E+14    5.73188E+34   4.387688641E-02  -3.723730E-01   4.212758854E-02
    40    3941.219748   2.909801E-01   5.120159E+14    5.49564E+34   6.729590739E-02  -3.678282E-01   6.491679381E-02
    41    4541.790385   2.868238E-01   5.038513E+14    5.19437E+34   1.020185330E-01  -3.619277E-01   9.901189774E-02
    42    5212.222104   2.814391E-01   4.933361E+14    4.81849E+34   1.523239169E-01  -3.543927E-01   1.489860050E-01
    43    5949.439640   2.745027E-01   4.799152E+14    4.36291E+34   2.229910639E-01  -3.449763E-01   2.202221643E-01
    44    6744.213495   2.656879E-01   4.630526E+14    3.83060E+34   3.184511992E-01  -3.335366E-01   3.181958314E-01
    45    7579.523123   2.548615E-01   4.425810E+14    3.23687E+34   4.411307811E-01  -3.201322E-01   4.468179332E-01
    46    8429.079928   2.417903E-01   4.182171E+14    2.61194E+34   5.892198968E-01  -3.051331E-01   6.058791672E-01
    47    9258.934551   2.264143E-01   3.900021E+14    1.99796E+34   7.550580245E-01  -2.892658E-01   7.886819077E-01
    48   10031.540879   2.089325E-01   3.584249E+14    1.44122E+34   9.251106795E-01  -2.735500E-01   9.810492204E-01
    49   10712.711370   1.896050E-01   3.240454E+14    9.78783E+33   1.083275313E+00  -2.590833E-01   1.164283062E+00
    50   11280.028532   1.691732E-01   2.881758E+14    6.27668E+33   1.216179911E+00  -2.467266E-01   1.321358143E+00
    51   11726.784806   1.481279E-01   2.516326E+14    3.83154E+33   1.317249994E+00  -2.368963E-01   1.442634877E+00
    52   12062.377170   1.266063E-01   2.145863E+14    2.25510E+33   1.387404054E+00  -2.295180E-01   1.527700450E+00
    53   12307.364661   1.049773E-01   1.775938E+14    1.29799E+33   1.432640413E+00  -2.241727E-01   1.582917041E+00
    54   12485.150434   8.392002E-02   1.418586E+14    7.40925E+32   1.460274231E+00  -2.203362E-01   1.616776284E+00
    55   12616.320009   6.197933E-02   1.046669E+14    4.26072E+32   1.476510080E+00  -2.175402E-01   1.636691168E+00
    56   12721.037882   4.444214E-02   7.493822E+13    2.47651E+32   1.486013774E+00  -2.153360E-01   1.648363798E+00
    57   12807.738833   3.133643E-02   5.278532E+13    1.44250E+32   1.491680603E+00  -2.135341E-01   1.655328108E+00
    58   12880.633361   2.206097E-02   3.712286E+13    8.38183E+31   1.495076623E+00  -2.120370E-01   1.659502414E+00
    59   12941.718825   1.546727E-02   2.600413E+13    4.86606E+31   1.497095984E+00  -2.107961E-01   1.661984769E+00
    60   12992.954117   1.082849E-02   1.818968E+13    2.82305E+31   1.498291659E+00  -2.097652E-01   1.663454590E+00
    61   13035.878629   7.531775E-03   1.264448E+13    1.63745E+31   1.498996718E+00  -2.089087E-01   1.664321334E+00
    62   13071.998941   5.157432E-03   8.655432E+12    9.53355E+30   1.499409083E+00  -2.081931E-01   1.664828095E+00
    63   13102.939982   3.383521E-03   5.675254E+12    5.61702E+30   1.499647899E+00  -2.075839E-01   1.665121539E+00
    64   13130.910920   2.057171E-03   3.448882E+12    3.41294E+30   1.499783651E+00  -2.070363E-01   1.665288338E+00
    65   13159.026875   1.160945E-03   1.944955E+12    2.08575E+30   1.499866170E+00  -2.064886E-01   1.665389728E+00
    66   13189.656633   6.335114E-04   1.060193E+12    1.31522E+30   1.499914550E+00  -2.058953E-01   1.665449193E+00
    67   13225.289654   3.724821E-04   6.231053E+11    8.11305E+29   1.499946544E+00  -2.052094E-01   1.665488525E+00
    68   13262.940050   1.876752E-04   3.135450E+11    5.50209E+29   1.499963318E+00  -2.044897E-01   1.665509155E+00
    69   13314.019881   1.219722E-04   2.036812E+11    3.27463E+29   1.499977847E+00  -2.035214E-01   1.665527023E+00
    70   13361.278681   7.987365E-05   1.332462E+11    1.93240E+29   1.499986751E+00  -2.026338E-01   1.665537968E+00
    71   13404.295328   5.187175E-05   8.644891E+10    1.14932E+29   1.499992026E+00  -2.018326E-01   1.665544455E+00
    72   13444.053015   3.473617E-05   5.787274E+10    6.76569E+28   1.499995256E+00  -2.010978E-01   1.665548426E+00
    73   13479.279250   2.255253E-05   3.755094E+10    4.02153E+28   1.499997155E+00  -2.004513E-01   1.665550760E+00
    74   13511.764058   1.506031E-05   2.506212E+10    2.36372E+28   1.499998315E+00  -1.998588E-01   1.665552186E+00
    75   13540.548290   9.854670E-06   1.639001E+10    1.40415E+28   1.499998994E+00  -1.993368E-01   1.665553020E+00
    76   13566.836143   6.461097E-06   1.074857E+10    8.35902E+27   1.499999400E+00  -1.988624E-01   1.665553518E+00
    77   13590.816690   4.336979E-06   7.210400E+09    4.90735E+27   1.499999648E+00  -1.984317E-01   1.665553824E+00
    78   13611.898002   2.876630E-06   4.780525E+09    2.88933E+27   1.499999794E+00  -1.980546E-01   1.665554003E+00
    79   13630.692942   1.922350E-06   3.193763E+09    1.70114E+27   1.499999881E+00  -1.977196E-01   1.665554110E+00
    80   13647.314862   1.290899E-06   2.144245E+09    9.97928E+26   1.499999933E+00  -1.974243E-01   1.665554173E+00
    81   13661.883423   8.671384E-07   1.440317E+09    5.85241E+26   1.499999963E+00  -1.971663E-01   1.665554211E+00
    82   13674.637459   5.555587E-07   9.223670E+08    3.49055E+26   1.499999981E+00  -1.969409E-01   1.665554232E+00
    83   13686.543872   3.736305E-07   6.202315E+08    2.04576E+26   1.499999992E+00  -1.967310E-01   1.665554246E+00
    84   13696.944362   2.514422E-07   4.174193E+08    1.19870E+26   1.499999998E+00  -1.965480E-01   1.665554253E+00
    85   13706.016913   1.654124E-07   2.745557E+08    7.03863E+25   1.500000002E+00  -1.963886E-01   1.665554258E+00
    86   13714.129848   1.111804E-07   1.845161E+08    4.13154E+25   1.500000004E+00  -1.962463E-01   1.665554261E+00
    87   13721.226467   7.507425E-08   1.245830E+08    2.41737E+25   1.500000005E+00  -1.961220E-01   1.665554262E+00
    88   13727.384319   5.083001E-08   8.433183E+07    1.41287E+25   1.500000006E+00  -1.960143E-01   1.665554263E+00
    89   13732.707252   3.447604E-08   5.719407E+07    8.25557E+24   1.500000006E+00  -1.959213E-01   1.665554264E+00
    90   13737.297814   2.343828E-08   3.888865E+07    4.81688E+24   1.500000007E+00  -1.958412E-01   1.665554264E+00
    91   13741.240416   1.599418E-08   2.653749E+07    2.80886E+24   1.500000007E+00  -1.957724E-01   1.665554264E+00
    92   13744.611947   1.093651E-08   1.814393E+07    1.63551E+24   1.500000007E+00  -1.957136E-01   1.665554264E+00
    93   13747.485045   7.516369E-09   1.246834E+07    9.50999E+23   1.500000007E+00  -1.956635E-01   1.665554264E+00
    94   13749.917429   5.172301E-09   8.578876E+06    5.52441E+23   1.500000007E+00  -1.956212E-01   1.665554264E+00
    95   13751.971958   3.504962E-09   5.813288E+06    3.23891E+23   1.500000007E+00  -1.955854E-01   1.665554264E+00
    96   13753.750235   2.438053E-09   4.043565E+06    1.87404E+23   1.500000007E+00  -1.955545E-01   1.665554264E+00
    97   13755.229957   1.695891E-09   2.812563E+06    1.08430E+23   1.500000007E+00  -1.955287E-01   1.665554264E+00
    98   13756.461172   1.189545E-09   1.972896E+06    6.25828E+22   1.500000007E+00  -1.955073E-01   1.665554264E+00
    99   13757.474466   8.357083E-10   1.386137E+06    3.60766E+22   1.500000007E+00  -1.954897E-01   1.665554264E+00
   100   13758.306013   5.882779E-10   9.757768E+05    2.07917E+22   1.500000007E+00  -1.954752E-01   1.665554264E+00
   101   13758.986898   4.169354E-10   6.915238E+05    1.19475E+22   1.500000007E+00  -1.954634E-01   1.665554264E+00
   102   13759.539052   2.954970E-10   4.900741E+05    6.86534E+21   1.500000007E+00  -1.954538E-01   1.665554264E+00
   103   13759.986800   2.103199E-10   3.487811E+05    3.94317E+21   1.500000007E+00  -1.954460E-01   1.665554264E+00
   104   13760.348179   1.501228E-10   2.489299E+05    2.25994E+21   1.500000007E+00  -1.954397E-01   1.665554264E+00
   105   13760.638394   1.071549E-10   1.776643E+05    1.29523E+21   1.500000007E+00  -1.954347E-01   1.665554264E+00
   106   13760.871455   7.687109E-11   1.274589E+05    7.41232E+20   1.500000007E+00  -1.954306E-01   1.665554264E+00
   107   13761.057375   5.520581E-11   9.154354E+04    4.23830E+20   1.500000007E+00  -1.954274E-01   1.665554264E+00
   108   13761.205395   3.964769E-11   6.575009E+04    2.42338E+20   1.500000007E+00  -1.954248E-01   1.665554264E+00
   109   13761.323236   2.863273E-11   4.748420E+04    1.38284E+20   1.500000007E+00  -1.954228E-01   1.665554264E+00
   110   13761.416347   2.067793E-11   3.429268E+04    7.89077E+19   1.500000007E+00  -1.954212E-01   1.665554264E+00
   111   13761.489917   1.495351E-11   2.479957E+04    4.50188E+19   1.500000007E+00  -1.954199E-01   1.665554264E+00
   112   13761.547959   1.087364E-11   1.803339E+04    2.56233E+19   1.500000007E+00  -1.954189E-01   1.665554264E+00
   113   13761.593391   7.906903E-12   1.311325E+04    1.45840E+19   1.500000007E+00  -1.954181E-01   1.665554264E+00
   114   13761.628951   5.753854E-12   9.542765E+03    8.29999E+18   1.500000007E+00  -1.954175E-01   1.665554264E+00
   115   13761.656762   4.193561E-12   6.955615E+03    4.71993E+18   1.500000007E+00  -1.954170E-01   1.665554264E+00
   116   13761.678459   3.056377E-12   5.069869E+03    2.68406E+18   1.500000007E+00  -1.954166E-01   1.665554264E+00
   117   13761.695387   2.227567E-12   3.695369E+03    1.52634E+18   1.500000007E+00  -1.954163E-01   1.665554264E+00
   118   13761.708594   1.623509E-12   2.693512E+03    8.67976E+17   1.500000007E+00  -1.954161E-01   1.665554264E+00
   119   13761.718898   1.183255E-12   1.963270E+03    4.93588E+17   1.500000007E+00  -1.954159E-01   1.665554264E+00
   120   13761.726936   8.623869E-13   1.431004E+03    2.80687E+17   1.500000007E+00  -1.954158E-01   1.665554264E+00
   121   13761.733208   6.361815E-13   1.056027E+03    1.59380E+17   1.500000007E+00  -1.954157E-01   1.665554264E+00
   122   13761.738034   4.801684E-13   7.978355E+02    8.94194E+16   1.500000007E+00  -1.954156E-01   1.665554264E+00
   123   13761.741618   3.624149E-13   6.027699E+02    5.01683E+16   1.500000007E+00  -1.954155E-01   1.665554264E+00
   124   13761.744279   2.735385E-13   4.553965E+02    2.81466E+16   1.500000007E+00  -1.954155E-01   1.665554264E+00
   125   13761.746255   2.064577E-13   3.440550E+02    1.57915E+16   1.500000007E+00  -1.954154E-01   1.665554264E+00
   126   13761.747723   1.558273E-13   2.599358E+02    8.85974E+15   1.500000007E+00  -1.954154E-01   1.665554264E+00
   127   13761.748813   1.185114E-13   1.977702E+02    4.96634E+15   1.500000007E+00  -1.954154E-01   1.665554264E+00
   128   13761.749616   9.174914E-14   1.529386E+02    2.76162E+15   1.500000007E+00  -1.954154E-01   1.665554264E+00
   129   13761.750193   7.103037E-14   1.182697E+02    1.53565E+15   1.500000007E+00  -1.954154E-01   1.665554264E+00
   130   13761.750608   5.499030E-14   9.145968E+01    8.53928E+14   1.500000007E+00  -1.954154E-01   1.665554264E+00
   131   13761.750907   4.257240E-14   7.072712E+01    4.74842E+14   1.500000007E+00  -1.954154E-01   1.665554264E+00
   132   13761.751122   3.295870E-14   5.469432E+01    2.64045E+14   1.500000007E+00  -1.954154E-01   1.665554264E+00
   133   13761.751276   2.562730E-14   4.249002E+01    1.46741E+14   1.500000007E+00  -1.954154E-01   1.665554264E+00
   134   13761.751386   2.015566E-14   3.341076E+01    8.10734E+13   1.500000007E+00  -1.954154E-01   1.665554264E+00
   135   13761.751464   1.585226E-14   2.627155E+01    4.47926E+13   1.500000007E+00  -1.954154E-01   1.665554264E+00
   136   13761.751518   1.246767E-14   2.065785E+01    2.47477E+13   1.500000007E+00  -1.954154E-01   1.665554264E+00
   137   13761.751557   9.865429E-15   1.634302E+01    1.36597E+13   1.500000007E+00  -1.954154E-01   1.665554264E+00
   138   13761.751584   8.990606E-15   1.490086E+01    7.10812E+12   1.500000007E+00  -1.954154E-01   1.665554264E+00
   139   13761.751599   8.193358E-15   1.358596E+01    3.69887E+12   1.500000007E+00  -1.954154E-01   1.665554264E+00
   140   13761.751607   7.466807E-15   1.238709E+01    1.92479E+12   1.500000007E+00  -1.954154E-01   1.665554264E+00
   141   13761.751612   6.804598E-15   1.129251E+01    1.00163E+12   1.500000007E+00  -1.954154E-01   1.665554264E+00
   142   13761.751615   6.201030E-15   1.029146E+01    5.21315E+11   1.500000007E+00  -1.954154E-01   1.665554264E+00
   143   13761.751617   5.650998E-15   9.379148E+00    2.71328E+11   1.500000007E+00  -1.954154E-01   1.665554264E+00
   144   13761.751618   5.149755E-15   8.547710E+00    1.41218E+11   1.500000007E+00  -1.954154E-01   1.665554264E+00
   145   13761.751618   4.888611E-15   8.114350E+00    7.30486E+10   1.500000007E+00  -1.954154E-01   1.665554264E+00
   146   13761.751619   4.843434E-15   8.039053E+00    3.66752E+10   1.500000007E+00  -1.954154E-01   1.665554264E+00
   147   13761.751619   4.798674E-15   7.964454E+00    1.84134E+10   1.500000007E+00  -1.954154E-01   1.665554264E+00
   148   13761.751619   4.758841E-15   7.898456E+00    9.24319E+09   1.500000007E+00  -1.954154E-01   1.665554264E+00
   149   13761.751619   4.749802E-15   7.886408E+00    4.62472E+09   1.500000007E+00  -1.954154E-01   1.665554264E+00
   150   13761.751619   4.740779E-15   7.874378E+00    2.31393E+09   1.500000007E+00  -1.954154E-01   1.665554264E+00
   151   13761.751619   4.731773E-15   7.862366E+00    1.15775E+09   1.500000007E+00  -1.954154E-01   1.665554264E+00
   152   13761.751619   4.722742E-15   7.845477E+00    5.79390E+08   1.500000007E+00  -1.954154E-01   1.665554264E+00
