       6     155      54      70

     EOS file :  /Users/jkopp/cernbox/ns-muons/packages/nscool/EOS/BSk22_test

  step        radius       baryon#       density        pressure       encl. mass            phi     encl. bar. mass 
                (m)        (#/fm3)       (g/cm3)        (dyn/cm2)      (sol. mass)                     (sol. mass)   

     0       0.000000   9.700487E-01   2.268237E+15    1.02613E+36   0.000000000E+00  -1.206181E+00   0.000000000E+00
     1      10.000000   9.700476E-01   2.268233E+15    1.02612E+36   4.776850291E-09  -1.206180E+00   3.421322230E-09
     2      11.666664   9.700473E-01   2.268232E+15    1.02612E+36   7.585454901E-09  -1.206180E+00   5.432929567E-09
     3      13.611104   9.700468E-01   2.268231E+15    1.02612E+36   1.204540773E-08  -1.206179E+00   8.627283946E-09
     4      15.879616   9.700462E-01   2.268228E+15    1.02612E+36   1.912763191E-08  -1.206179E+00   1.369979267E-08
     5      18.526211   9.700453E-01   2.268225E+15    1.02612E+36   3.037390762E-08  -1.206178E+00   2.175473199E-08
     6      21.613900   9.700442E-01   2.268221E+15    1.02611E+36   4.823250348E-08  -1.206177E+00   3.454564125E-08
     7      25.216196   9.700426E-01   2.268216E+15    1.02611E+36   7.659113355E-08  -1.206175E+00   5.485705351E-08
     8      29.418864   9.700404E-01   2.268208E+15    1.02610E+36   1.216232447E-07  -1.206173E+00   8.711065555E-08
     9      34.321957   9.700374E-01   2.268198E+15    1.02610E+36   1.931318278E-07  -1.206171E+00   1.383278171E-07
    10      40.042204   9.700334E-01   2.268183E+15    1.02608E+36   3.066832065E-07  -1.206167E+00   2.196579861E-07
    11      46.715777   9.700279E-01   2.268164E+15    1.02607E+36   4.869951262E-07  -1.206162E+00   3.488055823E-07
    12      54.501539   9.700205E-01   2.268138E+15    1.02605E+36   7.733162894E-07  -1.206155E+00   5.538835075E-07
    13      63.584809   9.700103E-01   2.268102E+15    1.02602E+36   1.227967511E-06  -1.206145E+00   8.795317159E-07
    14      74.181769   9.699965E-01   2.268054E+15    1.02598E+36   1.949901838E-06  -1.206132E+00   1.396631846E-06
    15      86.544591   9.699777E-01   2.267988E+15    1.02592E+36   3.096231228E-06  -1.206114E+00   2.217730606E-06
    16     100.967410   9.699521E-01   2.267898E+15    1.02585E+36   4.916396494E-06  -1.206090E+00   3.521524855E-06
    17     117.793278   9.699173E-01   2.267775E+15    1.02575E+36   7.806398516E-06  -1.206058E+00   5.591728572E-06
    18     137.422264   9.698699E-01   2.267609E+15    1.02561E+36   1.239485186E-05  -1.206013E+00   8.878760975E-06
    19     160.320849   9.698053E-01   2.267382E+15    1.02543E+36   1.967949752E-05  -1.205953E+00   1.409763757E-05
    20     187.032853   9.697175E-01   2.267073E+15    1.02517E+36   3.124368374E-05  -1.205870E+00   2.238327200E-05
    21     218.192076   9.695981E-01   2.266654E+15    1.02483E+36   4.959948980E-05  -1.205758E+00   3.553677527E-05
    22     254.536913   9.694355E-01   2.266083E+15    1.02436E+36   7.873121338E-05  -1.205605E+00   5.641589130E-05
    23     296.927177   9.692144E-01   2.265306E+15    1.02373E+36   1.249554310E-04  -1.205398E+00   8.955352995E-05
    24     346.363370   9.689136E-01   2.264249E+15    1.02286E+36   1.982803264E-04  -1.205115E+00   1.421368170E-04
    25     404.008606   9.685047E-01   2.262813E+15    1.02169E+36   3.145504419E-04  -1.204731E+00   2.255549851E-04
    26     471.213297   9.679487E-01   2.260861E+15    1.02009E+36   4.988227790E-04  -1.204208E+00   3.578427215E-04
    27     549.542557   9.671934E-01   2.258210E+15    1.01792E+36   7.906642376E-04  -1.203499E+00   5.675286360E-04
    28     640.805983   9.661678E-01   2.254612E+15    1.01498E+36   1.252427517E-03  -1.202535E+00   8.996789670E-04
    29     747.088960   9.647765E-01   2.249734E+15    1.01101E+36   1.982102562E-03  -1.201227E+00   1.425350341E-03
    30     870.783864   9.628914E-01   2.243130E+15    1.00564E+36   3.133108398E-03  -1.199454E+00   2.256292634E-03
    31    1014.618243   9.603410E-01   2.234206E+15    9.98399E+35   4.944424913E-03  -1.197055E+00   3.567644039E-03
    32    1181.675147   9.568983E-01   2.222179E+15    9.88681E+35   7.785735119E-03  -1.193814E+00   5.632596033E-03
    33    1375.398013   9.522641E-01   2.206108E+15    9.75695E+35   1.222359779E-02  -1.189449E+00   8.874573643E-03
    34    1599.561392   9.460506E-01   2.184666E+15    9.58455E+35   1.911515193E-02  -1.183591E+00   1.394400370E-02
    35    1858.213118   9.377631E-01   2.156194E+15    9.35762E+35   2.973456478E-02  -1.175767E+00   2.182851297E-02
    36    2155.541154   9.267835E-01   2.118911E+15    9.06228E+35   4.593247388E-02  -1.165385E+00   3.400406470E-02
    37    2495.619904   9.123689E-01   2.070513E+15    8.68361E+35   7.030869277E-02  -1.151726E+00   5.262773579E-02
    38    2882.079671   8.936629E-01   2.008679E+15    8.20737E+35   1.063586232E-01  -1.133955E+00   8.076157338E-02
    39    3317.587030   8.697450E-01   1.931222E+15    7.62298E+35   1.584967731E-01  -1.111164E+00   1.225791692E-01
    40    3803.183573   8.397254E-01   1.836502E+15    6.92766E+35   2.318160882E-01  -1.082460E+00   1.834581797E-01
    41    4337.520400   8.028920E-01   1.724002E+15    6.13092E+35   3.314271836E-01  -1.047116E+00   2.697931124E-01
    42    4916.097198   7.589018E-01   1.594791E+15    5.25802E+35   4.612759959E-01  -1.004778E+00   3.883111193E-01
    43    5530.704650   7.079743E-01   1.451978E+15    4.34983E+35   6.225938175E-01  -9.556856E-01   5.447111292E-01
    44    6169.239814   6.510307E-01   1.300451E+15    3.45778E+35   8.124146289E-01  -9.008683E-01   7.416363777E-01
    45    6816.158825   5.897017E-01   1.146342E+15    2.63410E+35   1.022914471E+00  -8.421998E-01   9.764366679E-01
    46    7453.554873   5.261675E-01   9.959517E+14    1.92065E+35   1.242139161E+00  -7.822576E-01   1.239637060E+00
    47    8062.781642   4.628494E-01   8.547154E+14    1.34083E+35   1.456132197E+00  -7.239646E-01   1.515248964E+00
    48    8626.311686   4.020226E-01   7.264226E+14    8.97693E+34   1.651786546E+00  -6.700953E-01   1.783520670E+00
    49    9129.530000   3.454941E-01   6.130510E+14    5.77890E+34   1.819370716E+00  -6.227979E-01   2.025499161E+00
    50    9562.167329   2.944098E-01   5.149059E+14    3.58902E+34   1.953889518E+00  -5.832985E-01   2.227532645E+00
    51    9919.389347   2.492615E-01   4.311614E+14    2.15879E+34   2.055153215E+00  -5.518478E-01   2.383853333E+00
    52   10202.237943   2.099939E-01   3.603046E+14    1.26327E+34   2.126763983E+00  -5.278875E-01   2.496339504E+00
    53   10417.179098   1.761739E-01   3.005368E+14    7.22805E+33   2.174514139E+00  -5.103346E-01   2.572091536E+00
    54   10574.556622   1.471515E-01   2.500213E+14    4.06566E+33   2.204725734E+00  -4.978867E-01   2.620255978E+00
    55   10686.380361   1.222107E-01   2.070736E+14    2.26032E+33   2.223020516E+00  -4.892696E-01   2.649479174E+00
    56   10764.222697   1.007482E-01   1.703856E+14    1.24811E+33   2.233730189E+00  -4.833915E-01   2.666593122E+00
    57   10817.832059   8.259990E-02   1.395042E+14    6.86653E+32   2.239857033E+00  -4.794045E-01   2.676380768E+00
    58   10854.515759   5.922050E-02   9.998550E+13    3.95191E+32   2.243106385E+00  -4.767068E-01   2.681565220E+00
    59   10884.329151   4.209022E-02   7.096110E+13    2.27674E+32   2.245004240E+00  -4.745338E-01   2.684592791E+00
    60   10908.772281   2.955992E-02   4.978431E+13    1.31798E+32   2.246105211E+00  -4.727660E-01   2.686348677E+00
    61   10929.107931   2.075161E-02   3.491327E+13    7.62491E+31   2.246750389E+00  -4.713050E-01   2.687377352E+00
    62   10946.000449   1.451134E-02   2.439325E+13    4.41436E+31   2.247126875E+00  -4.700983E-01   2.687977503E+00
    63   10960.079061   1.014367E-02   1.703665E+13    2.55500E+31   2.247346677E+00  -4.690973E-01   2.688327836E+00
    64   10971.802900   7.032885E-03   1.180638E+13    1.48060E+31   2.247474545E+00  -4.682672E-01   2.688531620E+00
    65   10981.646011   4.779359E-03   8.020075E+12    8.61460E+30   2.247548649E+00  -4.675726E-01   2.688649669E+00
    66   10990.105134   3.061521E-03   5.134661E+12    5.08181E+30   2.247591132E+00  -4.669774E-01   2.688717340E+00
    67   10997.921328   1.859944E-03   3.117926E+12    3.08533E+30   2.247615240E+00  -4.664289E-01   2.688755738E+00
    68   11005.755884   1.030990E-03   1.726936E+12    1.90906E+30   2.247629498E+00  -4.658804E-01   2.688778449E+00
    69   11014.529096   5.679120E-04   9.502804E+11    1.19987E+30   2.247638129E+00  -4.652679E-01   2.688792202E+00
    70   11024.576303   3.394905E-04   5.678476E+11    7.36412E+29   2.247643795E+00  -4.645685E-01   2.688801231E+00
    71   11034.928535   1.730086E-04   2.889733E+11    4.99256E+29   2.247646708E+00  -4.638503E-01   2.688805875E+00
    72   11048.759149   1.131984E-04   1.889405E+11    2.96350E+29   2.247649216E+00  -4.628944E-01   2.688809872E+00
    73   11061.373080   7.370005E-05   1.229115E+11    1.75390E+29   2.247650721E+00  -4.620263E-01   2.688812271E+00
    74   11072.896897   4.799882E-05   7.998991E+10    1.04134E+29   2.247651613E+00  -4.612363E-01   2.688813693E+00
    75   11083.450328   3.219285E-05   5.363053E+10    6.11265E+28   2.247652154E+00  -4.605153E-01   2.688814556E+00
    76   11092.722553   2.100668E-05   3.498040E+10    3.65852E+28   2.247652465E+00  -4.598838E-01   2.688815051E+00
    77   11101.256827   1.389838E-05   2.312806E+10    2.15030E+28   2.247652657E+00  -4.593042E-01   2.688815356E+00
    78   11108.864894   9.060154E-06   1.506928E+10    1.27402E+28   2.247652768E+00  -4.587888E-01   2.688815534E+00
    79   11115.800431   5.988609E-06   9.962518E+09    7.55268E+27   2.247652835E+00  -4.583201E-01   2.688815640E+00
    80   11122.033763   4.018064E-06   6.680240E+09    4.43122E+27   2.247652875E+00  -4.578997E-01   2.688815704E+00
    81   11127.499106   2.658045E-06   4.416812E+09    2.61184E+27   2.247652899E+00  -4.575318E-01   2.688815741E+00
    82   11132.380055   1.779628E-06   2.956580E+09    1.53428E+27   2.247652912E+00  -4.572037E-01   2.688815764E+00
    83   11136.670304   1.194773E-06   1.984458E+09    8.99577E+26   2.247652921E+00  -4.569158E-01   2.688815777E+00
    84   11140.423323   8.023660E-07   1.332893E+09    5.27334E+26   2.247652926E+00  -4.566642E-01   2.688815784E+00
    85   11143.702872   5.182441E-07   8.603979E+08    3.17870E+26   2.247652928E+00  -4.564446E-01   2.688815789E+00
    86   11146.768593   3.484593E-07   5.784316E+08    1.86231E+26   2.247652930E+00  -4.562395E-01   2.688815791E+00
    87   11149.442967   2.344804E-07   3.892751E+08    1.09072E+26   2.247652931E+00  -4.560608E-01   2.688815793E+00
    88   11151.772477   1.535407E-07   2.548317E+08    6.41498E+25   2.247652932E+00  -4.559053E-01   2.688815794E+00
    89   11153.866967   1.036109E-07   1.719517E+08    3.75296E+25   2.247652932E+00  -4.557655E-01   2.688815795E+00
    90   11155.684177   6.999979E-08   1.161575E+08    2.19526E+25   2.247652932E+00  -4.556443E-01   2.688815795E+00
    91   11157.258658   4.738810E-08   7.861823E+07    1.28282E+25   2.247652932E+00  -4.555394E-01   2.688815795E+00
    92   11158.618749   3.216505E-08   5.336165E+07    7.49337E+24   2.247652932E+00  -4.554487E-01   2.688815795E+00
    93   11159.789778   2.186506E-08   3.627933E+07    4.37157E+24   2.247652932E+00  -4.553708E-01   2.688815795E+00
    94   11160.795010   1.493240E-08   2.477532E+07    2.54733E+24   2.247652932E+00  -4.553038E-01   2.688815795E+00
    95   11161.653033   1.020977E-08   1.693792E+07    1.48308E+24   2.247652932E+00  -4.552467E-01   2.688815795E+00
    96   11162.383937   7.023179E-09   1.164996E+07    8.61682E+23   2.247652932E+00  -4.551981E-01   2.688815795E+00
    97   11163.001506   4.813465E-09   7.983622E+06    5.00792E+23   2.247652932E+00  -4.551570E-01   2.688815795E+00
    98   11163.525359   3.285300E-09   5.448920E+06    2.93785E+23   2.247652932E+00  -4.551222E-01   2.688815795E+00
    99   11163.975705   2.285174E-09   3.789985E+06    1.69975E+23   2.247652932E+00  -4.550922E-01   2.688815795E+00
   100   11164.350368   1.589202E-09   2.635601E+06    9.83408E+22   2.247652932E+00  -4.550673E-01   2.688815795E+00
   101   11164.662114   1.116467E-09   1.851716E+06    5.66883E+22   2.247652932E+00  -4.550466E-01   2.688815795E+00
   102   11164.917920   7.843523E-10   1.300971E+06    3.26776E+22   2.247652932E+00  -4.550296E-01   2.688815795E+00
   103   11165.127820   5.531198E-10   9.174489E+05    1.88287E+22   2.247652932E+00  -4.550156E-01   2.688815795E+00
   104   11165.299333   3.920124E-10   6.501787E+05    1.08193E+22   2.247652932E+00  -4.550042E-01   2.688815795E+00
   105   11165.438409   2.778301E-10   4.607685E+05    6.21691E+21   2.247652932E+00  -4.549950E-01   2.688815795E+00
   106   11165.551180   1.979554E-10   3.282708E+05    3.56783E+21   2.247652932E+00  -4.549875E-01   2.688815795E+00
   107   11165.642024   1.412963E-10   2.342898E+05    2.04480E+21   2.247652932E+00  -4.549814E-01   2.688815795E+00
   108   11165.714975   1.008541E-10   1.672145E+05    1.17191E+21   2.247652932E+00  -4.549766E-01   2.688815795E+00
   109   11165.773558   7.241729E-11   1.200759E+05    6.70175E+20   2.247652932E+00  -4.549727E-01   2.688815795E+00
   110   11165.820211   5.200708E-11   8.624061E+04    3.83198E+20   2.247652932E+00  -4.549696E-01   2.688815795E+00
   111   11165.857354   3.739319E-11   6.201152E+04    2.19076E+20   2.247652932E+00  -4.549671E-01   2.688815795E+00
   112   11165.886886   2.700451E-11   4.478413E+04    1.25010E+20   2.247652932E+00  -4.549652E-01   2.688815795E+00
   113   11165.910220   1.950204E-11   3.234266E+04    7.13331E+19   2.247652932E+00  -4.549636E-01   2.688815795E+00
   114   11165.928657   1.412300E-11   2.342222E+04    4.06909E+19   2.247652932E+00  -4.549624E-01   2.688815795E+00
   115   11165.943180   1.026971E-11   1.703181E+04    2.31599E+19   2.247652932E+00  -4.549614E-01   2.688815795E+00
   116   11165.954547   7.467742E-12   1.238492E+04    1.31819E+19   2.247652932E+00  -4.549607E-01   2.688815795E+00
   117   11165.963445   5.436818E-12   9.017099E+03    7.50161E+18   2.247652932E+00  -4.549601E-01   2.688815795E+00
   118   11165.970399   3.962494E-12   6.572459E+03    4.26591E+18   2.247652932E+00  -4.549596E-01   2.688815795E+00
   119   11165.975825   2.887968E-12   4.790589E+03    2.42588E+18   2.247652932E+00  -4.549593E-01   2.688815795E+00
   120   11165.980058   2.104826E-12   3.491805E+03    1.37951E+18   2.247652932E+00  -4.549590E-01   2.688815795E+00
   121   11165.983361   1.534051E-12   2.545135E+03    7.84483E+17   2.247652932E+00  -4.549588E-01   2.688815795E+00
   122   11165.985937   1.118056E-12   1.855119E+03    4.46109E+17   2.247652932E+00  -4.549586E-01   2.688815795E+00
   123   11165.987948   8.148680E-13   1.352175E+03    2.53687E+17   2.247652932E+00  -4.549584E-01   2.688815795E+00
   124   11165.989516   6.053754E-13   1.005065E+03    1.43930E+17   2.247652932E+00  -4.549583E-01   2.688815795E+00
   125   11165.990713   4.569169E-13   7.593327E+02    8.07513E+16   2.247652932E+00  -4.549583E-01   2.688815795E+00
   126   11165.991602   3.448655E-13   5.736808E+02    4.53051E+16   2.247652932E+00  -4.549582E-01   2.688815795E+00
   127   11165.992262   2.602928E-13   4.334195E+02    2.54182E+16   2.247652932E+00  -4.549582E-01   2.688815795E+00
   128   11165.992753   1.964602E-13   3.274512E+02    1.42607E+16   2.247652932E+00  -4.549581E-01   2.688815795E+00
   129   11165.993117   1.482815E-13   2.473915E+02    8.00091E+15   2.247652932E+00  -4.549581E-01   2.688815795E+00
   130   11165.993387   1.133299E-13   1.890865E+02    4.48248E+15   2.247652932E+00  -4.549581E-01   2.688815795E+00
   131   11165.993585   8.773774E-14   1.462233E+02    2.49257E+15   2.247652932E+00  -4.549581E-01   2.688815795E+00
   132   11165.993728   6.792482E-14   1.130767E+02    1.38604E+15   2.247652932E+00  -4.549581E-01   2.688815795E+00
   133   11165.993830   5.258604E-14   8.744385E+01    7.70732E+14   2.247652932E+00  -4.549581E-01   2.688815795E+00
   134   11165.993904   4.071107E-14   6.762161E+01    4.28580E+14   2.247652932E+00  -4.549580E-01   2.688815795E+00
   135   11165.993957   3.151770E-14   5.229279E+01    2.38320E+14   2.247652932E+00  -4.549580E-01   2.688815795E+00
   136   11165.993995   2.458177E-14   4.075500E+01    1.32392E+14   2.247652932E+00  -4.549580E-01   2.688815795E+00
   137   11165.994022   1.933336E-14   3.204647E+01    7.31460E+13   2.247652932E+00  -4.549580E-01   2.688815795E+00
   138   11165.994041   1.520553E-14   2.519878E+01    4.04128E+13   2.247652932E+00  -4.549580E-01   2.688815795E+00
   139   11165.994055   1.195902E-14   1.981431E+01    2.23278E+13   2.247652932E+00  -4.549580E-01   2.688815795E+00
   140   11165.994064   9.717631E-15   1.609942E+01    1.22836E+13   2.247652932E+00  -4.549580E-01   2.688815795E+00
   141   11165.994071   8.855914E-15   1.467876E+01    6.39203E+12   2.247652932E+00  -4.549580E-01   2.688815795E+00
   142   11165.994074   8.070611E-15   1.338346E+01    3.32623E+12   2.247652932E+00  -4.549580E-01   2.688815795E+00
   143   11165.994076   7.354944E-15   1.220246E+01    1.73088E+12   2.247652932E+00  -4.549580E-01   2.688815795E+00
   144   11165.994077   6.702608E-15   1.112336E+01    9.00729E+11   2.247652932E+00  -4.549580E-01   2.688815795E+00
   145   11165.994078   6.108087E-15   1.013730E+01    4.68802E+11   2.247652932E+00  -4.549580E-01   2.688815795E+00
   146   11165.994078   5.566299E-15   9.238657E+00    2.43997E+11   2.247652932E+00  -4.549580E-01   2.688815795E+00
   147   11165.994079   5.072568E-15   8.419673E+00    1.26993E+11   2.247652932E+00  -4.549580E-01   2.688815795E+00
   148   11165.994079   4.881211E-15   8.102015E+00    6.52804E+10   2.247652932E+00  -4.549580E-01   2.688815795E+00
   149   11165.994079   4.836102E-15   8.026832E+00    3.27750E+10   2.247652932E+00  -4.549580E-01   2.688815795E+00
   150   11165.994079   4.791410E-15   7.952347E+00    1.64552E+10   2.247652932E+00  -4.549580E-01   2.688815795E+00
   151   11165.994079   4.757370E-15   7.896495E+00    8.25850E+09   2.247652932E+00  -4.549580E-01   2.688815795E+00
   152   11165.994079   4.748333E-15   7.884450E+00    4.13205E+09   2.247652932E+00  -4.549580E-01   2.688815795E+00
   153   11165.994079   4.739313E-15   7.872423E+00    2.06742E+09   2.247652932E+00  -4.549580E-01   2.688815795E+00
   154   11165.994079   4.730310E-15   7.860414E+00    1.03441E+09   2.247652932E+00  -4.549580E-01   2.688815795E+00
   155   11165.994079   4.721274E-15   7.842539E+00    5.17722E+08   2.247652932E+00  -4.549580E-01   2.688815795E+00
