       6     152      51      67

     EOS file :  /Users/jkopp/cernbox/ns-muons/packages/nscool/EOS/MF_B32.dat

  step        radius       baryon#       density        pressure       encl. mass            phi     encl. bar. mass 
                (m)        (#/fm3)       (g/cm3)        (dyn/cm2)      (sol. mass)                     (sol. mass)   

     0       0.000000   2.948389E-01   5.984580E+14    8.51203E+34   0.000000000E+00  -4.517366E-01   0.000000000E+00
     1      10.000000   2.948388E-01   5.984578E+14    8.51202E+34   1.260338747E-09  -4.517364E-01   1.039885115E-09
     2      11.666665   2.948388E-01   5.984577E+14    8.51202E+34   2.001370620E-09  -4.517364E-01   1.651298602E-09
     3      13.611108   2.948387E-01   5.984576E+14    8.51202E+34   3.178101079E-09  -4.517363E-01   2.622200078E-09
     4      15.879623   2.948386E-01   5.984574E+14    8.51201E+34   5.046703931E-09  -4.517362E-01   4.163954593E-09
     5      18.526224   2.948386E-01   5.984572E+14    8.51200E+34   8.013972734E-09  -4.517361E-01   6.612201347E-09
     6      21.613922   2.948384E-01   5.984569E+14    8.51199E+34   1.272587852E-08  -4.517359E-01   1.049992152E-08
     7      25.216234   2.948383E-01   5.984566E+14    8.51198E+34   2.020819491E-08  -4.517357E-01   1.667346635E-08
     8      29.418925   2.948380E-01   5.984560E+14    8.51196E+34   3.208980271E-08  -4.517354E-01   2.647680353E-08
     9      34.322057   2.948377E-01   5.984553E+14    8.51193E+34   5.095728343E-08  -4.517350E-01   4.204408941E-08
    10      40.042365   2.948373E-01   5.984544E+14    8.51189E+34   8.091798755E-08  -4.517344E-01   6.676425368E-08
    11      46.716036   2.948367E-01   5.984531E+14    8.51184E+34   1.284941378E-07  -4.517336E-01   1.060187231E-07
    12      54.501953   2.948359E-01   5.984513E+14    8.51178E+34   2.040425714E-07  -4.517325E-01   1.683528570E-07
    13      63.585470   2.948348E-01   5.984490E+14    8.51168E+34   3.240091059E-07  -4.517310E-01   2.673360510E-07
    14      74.182824   2.948334E-01   5.984457E+14    8.51156E+34   5.145081047E-07  -4.517290E-01   4.245153155E-07
    15      86.546271   2.948314E-01   5.984413E+14    8.51139E+34   8.170060787E-07  -4.517263E-01   6.741050191E-07
    16     100.970083   2.948286E-01   5.984352E+14    8.51115E+34   1.297345706E-06  -4.517225E-01   1.070433099E-06
    17     117.797531   2.948249E-01   5.984270E+14    8.51084E+34   2.060072768E-06  -4.517175E-01   1.699763368E-06
    18     137.429024   2.948199E-01   5.984158E+14    8.51041E+34   3.271180582E-06  -4.517105E-01   2.699064561E-06
    19     160.331593   2.948130E-01   5.984006E+14    8.50982E+34   5.194213900E-06  -4.517011E-01   4.285805534E-06
    20     187.049924   2.948037E-01   5.983799E+14    8.50902E+34   8.247571571E-06  -4.516884E-01   6.805248710E-06
    21     218.219192   2.947909E-01   5.983517E+14    8.50794E+34   1.309543839E-05  -4.516709E-01   1.080550662E-05
    22     254.579977   2.947736E-01   5.983133E+14    8.50646E+34   2.079204620E-05  -4.516472E-01   1.715663448E-05
    23     296.995556   2.947500E-01   5.982611E+14    8.50445E+34   3.301046283E-05  -4.516150E-01   2.723954092E-05
    24     346.471923   2.947180E-01   5.981901E+14    8.50171E+34   5.240526936E-05  -4.515711E-01   4.324553065E-05
    25     404.180901   2.946743E-01   5.980934E+14    8.49799E+34   8.318711572E-05  -4.515114E-01   6.865101629E-05
    26     471.486688   2.946149E-01   5.979619E+14    8.49293E+34   1.320321543E-04  -4.514302E-01   1.089692907E-04
    27     549.976220   2.945341E-01   5.977829E+14    8.48605E+34   2.095198487E-04  -4.513197E-01   1.729398867E-04
    28     641.493568   2.944242E-01   5.975395E+14    8.47669E+34   3.324025080E-04  -4.511694E-01   2.744076927E-04
    29     748.178509   2.942748E-01   5.972086E+14    8.46397E+34   5.271798441E-04  -4.509651E-01   4.352863703E-04
    30     872.509010   2.940717E-01   5.967587E+14    8.44671E+34   8.357121286E-04  -4.506875E-01   6.902199590E-04
    31    1017.346879   2.937956E-01   5.961475E+14    8.42330E+34   1.323998409E-03  -4.503105E-01   1.093890470E-03
    32    1185.984845   2.934239E-01   5.953241E+14    8.39157E+34   2.095830109E-03  -4.497990E-01   1.732421421E-03
    33    1382.189981   2.929211E-01   5.942108E+14    8.34864E+34   3.313852727E-03  -4.491055E-01   2.741048566E-03
    34    1610.243443   2.922398E-01   5.927021E+14    8.29070E+34   5.231705384E-03  -4.481669E-01   4.331257380E-03
    35    1874.961424   2.913178E-01   5.906612E+14    8.21272E+34   8.242341430E-03  -4.468990E-01   6.831946337E-03
    36    2181.683456   2.900727E-01   5.879061E+14    8.10820E+34   1.294906993E-02  -4.451911E-01   1.075071729E-02
    37    2536.206678   2.883972E-01   5.842002E+14    7.96886E+34   2.026675815E-02  -4.428986E-01   1.686281011E-02
    38    2944.630192   2.861500E-01   5.792331E+14    7.78445E+34   3.155919070E-02  -4.398369E-01   2.633521811E-02
    39    3413.066700   2.831476E-01   5.726025E+14    7.54278E+34   4.881158975E-02  -4.357750E-01   4.088974871E-02
    40    3947.161052   2.791996E-01   5.638908E+14    7.23019E+34   7.482052280E-02  -4.304340E-01   6.299765475E-02
    41    4551.263153   2.739761E-01   5.523794E+14    6.83281E+34   1.133400620E-01  -4.234948E-01   9.606507270E-02
    42    5227.555519   2.672325E-01   5.375478E+14    6.33896E+34   1.690813619E-01  -4.146183E-01   1.445327672E-01
    43    5974.338095   2.585806E-01   5.185645E+14    5.74313E+34   2.473304287E-01  -4.034958E-01   2.136874249E-01
    44    6784.724499   2.476981E-01   4.947661E+14    5.05091E+34   3.529996748E-01  -3.899223E-01   3.089845519E-01
    45    7645.045187   2.342957E-01   4.655838E+14    4.28389E+34   4.889247209E-01  -3.739021E-01   4.346004304E-01
    46    8534.353118   2.275754E-01   4.510087E+14    3.46538E+34   6.571677670E-01  -3.557229E-01   5.943425574E-01
    47    9385.798146   2.214431E-01   4.377444E+14    2.64994E+34   8.493531171E-01  -3.367970E-01   7.819786365E-01
    48   10150.967390   2.039610E-01   4.001286E+14    1.91993E+34   1.042738473E+00  -3.185545E-01   9.767544307E-01
    49   10831.847477   1.853323E-01   3.603964E+14    1.30852E+34   1.222923325E+00  -3.015106E-01   1.164130304E+00
    50   11402.866715   1.668731E-01   3.214383E+14    8.40834E+33   1.375028080E+00  -2.867981E-01   1.326948618E+00
    51   11852.322991   1.487891E-01   2.837196E+14    5.13487E+33   1.491142861E+00  -2.750696E-01   1.454346776E+00
    52   12186.662644   1.317371E-01   2.486156E+14    3.00986E+33   1.572200634E+00  -2.663334E-01   1.545100652E+00
    53   12423.291231   1.103141E-01   2.052384E+14    1.73097E+33   1.623871733E+00  -2.601829E-01   1.603968173E+00
    54   12595.082955   9.521783E-02   1.752183E+14    9.69176E+32   1.656095811E+00  -2.557586E-01   1.641285154E+00
    55   12711.368464   7.156723E-02   1.209440E+14    5.40387E+32   1.674876638E+00  -2.527923E-01   1.663479944E+00
    56   12807.315085   5.149834E-02   8.688789E+13    3.13719E+32   1.685088140E+00  -2.503711E-01   1.676455656E+00
    57   12886.296909   3.643694E-02   6.140412E+13    1.82147E+32   1.691173195E+00  -2.484011E-01   1.684194263E+00
    58   12952.205739   2.564463E-02   4.317227E+13    1.05793E+32   1.694786759E+00  -2.467753E-01   1.688790562E+00
    59   13007.378537   1.800373E-02   3.027954E+13    6.13599E+31   1.696932255E+00  -2.454280E-01   1.691519731E+00
    60   13053.518417   1.260217E-02   2.117681E+13    3.55891E+31   1.698198248E+00  -2.443113E-01   1.693130099E+00
    61   13092.145868   8.813425E-03   1.479774E+13    2.06271E+31   1.698944133E+00  -2.433837E-01   1.694078890E+00
    62   13124.440196   6.093591E-03   1.022854E+13    1.19940E+31   1.699379883E+00  -2.426133E-01   1.694633083E+00
    63   13151.787406   4.101799E-03   6.881605E+12    7.02813E+30   1.699633176E+00  -2.419647E-01   1.694955131E+00
    64   13175.739033   2.539152E-03   4.257797E+12    4.21371E+30   1.699778021E+00  -2.413994E-01   1.695139287E+00
    65   13199.059606   1.530726E-03   2.565507E+12    2.56334E+30   1.699863657E+00  -2.408515E-01   1.695248159E+00
    66   13222.712984   8.276230E-04   1.385793E+12    1.61774E+30   1.699913116E+00  -2.402983E-01   1.695311050E+00
    67   13250.473074   4.712575E-04   7.884773E+11    1.01364E+30   1.699944991E+00  -2.396524E-01   1.695351599E+00
    68   13281.207506   2.132542E-04   3.563283E+11    6.32180E+29   1.699965317E+00  -2.389414E-01   1.695377454E+00
    69   13323.857248   1.373585E-04   2.293736E+11    3.78220E+29   1.699979019E+00  -2.379619E-01   1.695394891E+00
    70   13363.835281   9.035621E-05   1.507847E+11    2.23762E+29   1.699987474E+00  -2.370510E-01   1.695405650E+00
    71   13400.103043   5.861976E-05   9.770608E+10    1.33141E+29   1.699992501E+00  -2.362309E-01   1.695412046E+00
    72   13433.646448   3.893809E-05   6.488222E+10    7.87978E+28   1.699995553E+00  -2.354774E-01   1.695415929E+00
    73   13463.742027   2.510300E-05   4.179149E+10    4.63858E+28   1.699997393E+00  -2.348056E-01   1.695418269E+00
    74   13491.410752   1.684310E-05   2.803473E+10    2.72394E+28   1.699998491E+00  -2.341914E-01   1.695419666E+00
    75   13515.765043   1.101534E-05   1.832424E+10    1.61446E+28   1.699999134E+00  -2.336534E-01   1.695420482E+00
    76   13537.954913   7.157735E-06   1.190670E+10    9.58411E+27   1.699999516E+00  -2.331654E-01   1.695420969E+00
    77   13558.315871   4.803422E-06   7.985804E+09    5.62507E+27   1.699999749E+00  -2.327195E-01   1.695421265E+00
    78   13576.204965   3.194996E-06   5.310335E+09    3.30399E+27   1.699999886E+00  -2.323292E-01   1.695421439E+00
    79   13592.061930   2.126630E-06   3.533252E+09    1.94730E+27   1.699999967E+00  -2.319843E-01   1.695421542E+00
    80   13606.151891   1.427708E-06   2.371675E+09    1.14224E+27   1.700000015E+00  -2.316787E-01   1.695421603E+00
    81   13618.498609   9.589110E-07   1.592499E+09    6.69837E+26   1.700000044E+00  -2.314116E-01   1.695421639E+00
    82   13629.307679   6.072678E-07   1.008243E+09    3.93476E+26   1.700000060E+00  -2.311783E-01   1.695421660E+00
    83   13639.357504   4.083651E-07   6.779147E+08    2.30601E+26   1.700000070E+00  -2.309617E-01   1.695421673E+00
    84   13648.134458   2.747383E-07   4.560722E+08    1.35120E+26   1.700000076E+00  -2.307730E-01   1.695421680E+00
    85   13655.791962   1.830313E-07   3.038477E+08    7.92343E+25   1.700000079E+00  -2.306086E-01   1.695421685E+00
    86   13662.541991   1.218768E-07   2.022712E+08    4.68258E+25   1.700000081E+00  -2.304638E-01   1.695421687E+00
    87   13668.542238   8.225206E-08   1.364994E+08    2.73983E+25   1.700000082E+00  -2.303353E-01   1.695421689E+00
    88   13673.750814   5.567421E-08   9.237362E+07    1.60156E+25   1.700000083E+00  -2.302239E-01   1.695421690E+00
    89   13678.254437   3.771743E-08   6.256924E+07    9.35903E+24   1.700000084E+00  -2.301276E-01   1.695421690E+00
    90   13682.143253   2.564142E-08   4.254263E+07    5.46057E+24   1.700000084E+00  -2.300446E-01   1.695421690E+00
    91   13685.482824   1.747164E-08   2.898960E+07    3.18511E+24   1.700000084E+00  -2.299733E-01   1.695421691E+00
    92   13688.343322   1.194660E-08   1.982018E+07    1.85455E+24   1.700000084E+00  -2.299123E-01   1.695421691E+00
    93   13690.780756   8.200422E-09   1.360346E+07    1.07933E+24   1.700000084E+00  -2.298603E-01   1.695421691E+00
    94   13692.848573   5.642969E-09   9.359806E+06    6.26978E+23   1.700000084E+00  -2.298163E-01   1.695421691E+00
    95   13694.595077   3.801714E-09   6.305532E+06    3.66103E+23   1.700000084E+00  -2.297791E-01   1.695421691E+00
    96   13696.109380   2.644455E-09   4.385927E+06    2.11825E+23   1.700000084E+00  -2.297468E-01   1.695421691E+00
    97   13697.369399   1.839453E-09   3.050680E+06    1.22559E+23   1.700000084E+00  -2.297200E-01   1.695421691E+00
    98   13698.417775   1.287845E-09   2.135899E+06    7.08365E+22   1.700000084E+00  -2.296977E-01   1.695421691E+00
    99   13699.283407   9.047654E-10   1.500655E+06    4.08343E+22   1.700000084E+00  -2.296792E-01   1.695421691E+00
   100   13699.993761   6.356319E-10   1.054335E+06    2.35391E+22   1.700000084E+00  -2.296641E-01   1.695421691E+00
   101   13700.576672   4.504034E-10   7.470447E+05    1.35283E+22   1.700000084E+00  -2.296517E-01   1.695421691E+00
   102   13701.049535   3.192163E-10   5.294201E+05    7.77365E+21   1.700000084E+00  -2.296417E-01   1.695421691E+00
   103   13701.432982   2.267841E-10   3.760923E+05    4.46563E+21   1.700000084E+00  -2.296335E-01   1.695421691E+00
   104   13701.743083   1.618745E-10   2.684220E+05    2.55937E+21   1.700000084E+00  -2.296269E-01   1.695421691E+00
   105   13701.992115   1.155429E-10   1.915759E+05    1.46684E+21   1.700000084E+00  -2.296216E-01   1.695421691E+00
   106   13702.192102   8.279353E-11   1.372763E+05    8.40192E+20   1.700000084E+00  -2.296174E-01   1.695421691E+00
   107   13702.351970   5.945904E-11   9.859452E+04    4.80414E+20   1.700000084E+00  -2.296140E-01   1.695421691E+00
   108   13702.479249   4.270108E-11   7.081243E+04    2.74696E+20   1.700000084E+00  -2.296113E-01   1.695421691E+00
   109   13702.580581   3.080602E-11   5.108816E+04    1.56869E+20   1.700000084E+00  -2.296091E-01   1.695421691E+00
   110   13702.660791   2.224743E-11   3.689542E+04    8.95129E+19   1.700000084E+00  -2.296074E-01   1.695421691E+00
   111   13702.724168   1.606660E-11   2.664553E+04    5.10780E+19   1.700000084E+00  -2.296060E-01   1.695421691E+00
   112   13702.774244   1.167967E-11   1.937014E+04    2.90784E+19   1.700000084E+00  -2.296050E-01   1.695421691E+00
   113   13702.813461   8.493019E-12   1.408528E+04    1.65505E+19   1.700000084E+00  -2.296041E-01   1.695421691E+00
   114   13702.844156   6.176751E-12   1.024394E+04    9.41979E+18   1.700000084E+00  -2.296035E-01   1.695421691E+00
   115   13702.868178   4.501778E-12   7.466694E+03    5.35672E+18   1.700000084E+00  -2.296030E-01   1.695421691E+00
   116   13702.886920   3.281014E-12   5.442389E+03    3.04619E+18   1.700000084E+00  -2.296026E-01   1.695421691E+00
   117   13702.901542   2.391288E-12   3.966895E+03    1.73226E+18   1.700000084E+00  -2.296023E-01   1.695421691E+00
   118   13702.912950   1.742833E-12   2.891424E+03    9.85079E+17   1.700000084E+00  -2.296020E-01   1.695421691E+00
   119   13702.921850   1.270222E-12   2.107525E+03    5.60181E+17   1.700000084E+00  -2.296018E-01   1.695421691E+00
   120   13702.928794   9.257703E-13   1.536150E+03    3.18556E+17   1.700000084E+00  -2.296017E-01   1.695421691E+00
   121   13702.934211   6.769441E-13   1.123448E+03    1.81067E+17   1.700000084E+00  -2.296016E-01   1.695421691E+00
   122   13702.938422   5.109346E-13   8.487721E+02    1.01587E+17   1.700000084E+00  -2.296015E-01   1.695421691E+00
   123   13702.941548   3.856362E-13   6.412528E+02    5.69948E+16   1.700000084E+00  -2.296014E-01   1.695421691E+00
   124   13702.943870   2.910652E-13   4.844706E+02    3.19766E+16   1.700000084E+00  -2.296014E-01   1.695421691E+00
   125   13702.945594   2.196862E-13   3.660207E+02    1.79403E+16   1.700000084E+00  -2.296013E-01   1.695421691E+00
   126   13702.946875   1.658117E-13   2.765310E+02    1.00653E+16   1.700000084E+00  -2.296013E-01   1.695421691E+00
   127   13702.947826   1.253292E-13   2.091988E+02    5.64593E+15   1.700000084E+00  -2.296013E-01   1.695421691E+00
   128   13702.948531   9.702738E-14   1.617766E+02    3.13952E+15   1.700000084E+00  -2.296013E-01   1.695421691E+00
   129   13702.949038   7.511667E-14   1.251042E+02    1.74579E+15   1.700000084E+00  -2.296013E-01   1.695421691E+00
   130   13702.949402   5.815384E-14   9.674491E+01    9.70779E+14   1.700000084E+00  -2.296013E-01   1.695421691E+00
   131   13702.949665   4.502155E-14   7.481426E+01    5.39820E+14   1.700000084E+00  -2.296012E-01   1.695421691E+00
   132   13702.949853   3.485479E-14   5.785497E+01    3.00177E+14   1.700000084E+00  -2.296012E-01   1.695421691E+00
   133   13702.949989   2.699826E-14   4.476520E+01    1.66902E+14   1.700000084E+00  -2.296012E-01   1.695421691E+00
   134   13702.950086   2.123391E-14   3.519977E+01    9.22125E+13   1.700000084E+00  -2.296012E-01   1.695421691E+00
   135   13702.950154   1.670029E-14   2.767829E+01    5.09469E+13   1.700000084E+00  -2.296012E-01   1.695421691E+00
   136   13702.950203   1.313464E-14   2.176399E+01    2.81479E+13   1.700000084E+00  -2.296012E-01   1.695421691E+00
   137   13702.950236   1.033029E-14   1.711346E+01    1.55515E+13   1.700000084E+00  -2.296012E-01   1.695421691E+00
   138   13702.950260   9.183703E-15   1.521924E+01    8.25423E+12   1.700000084E+00  -2.296012E-01   1.695421691E+00
   139   13702.950274   8.369332E-15   1.387625E+01    4.29527E+12   1.700000084E+00  -2.296012E-01   1.695421691E+00
   140   13702.950282   7.627177E-15   1.265176E+01    2.23514E+12   1.700000084E+00  -2.296012E-01   1.695421691E+00
   141   13702.950287   6.950814E-15   1.153501E+01    1.16311E+12   1.700000084E+00  -2.296012E-01   1.695421691E+00
   142   13702.950290   6.334277E-15   1.051246E+01    6.05362E+11   1.700000084E+00  -2.296012E-01   1.695421691E+00
   143   13702.950291   5.772426E-15   9.580559E+00    3.15072E+11   1.700000084E+00  -2.296012E-01   1.695421691E+00
   144   13702.950292   5.260412E-15   8.731267E+00    1.63985E+11   1.700000084E+00  -2.296012E-01   1.695421691E+00
   145   13702.950292   4.898659E-15   8.131097E+00    8.50726E+10   1.700000084E+00  -2.296012E-01   1.695421691E+00
   146   13702.950293   4.853389E-15   8.055645E+00    4.27120E+10   1.700000084E+00  -2.296012E-01   1.695421691E+00
   147   13702.950293   4.808537E-15   7.980892E+00    2.14442E+10   1.700000084E+00  -2.296012E-01   1.695421691E+00
   148   13702.950293   4.764100E-15   7.906833E+00    1.07664E+10   1.700000084E+00  -2.296012E-01   1.695421691E+00
   149   13702.950293   4.751799E-15   7.889071E+00    5.39009E+09   1.700000084E+00  -2.296012E-01   1.695421691E+00
   150   13702.950293   4.742773E-15   7.877037E+00    2.69687E+09   1.700000084E+00  -2.296012E-01   1.695421691E+00
   151   13702.950293   4.733764E-15   7.865021E+00    1.34935E+09   1.700000084E+00  -2.296012E-01   1.695421691E+00
   152   13702.950293   4.724739E-15   7.849473E+00    6.75181E+08   1.700000084E+00  -2.296012E-01   1.695421691E+00
