       6     155      55      70

     EOS file :  /Users/jkopp/cernbox/ns-muons/packages/nscool/EOS/nl3wr_test

  step        radius       baryon#       density        pressure       encl. mass            phi     encl. bar. mass 
                (m)        (#/fm3)       (g/cm3)        (dyn/cm2)      (sol. mass)                     (sol. mass)   

     0       0.000000   3.168786E+00   2.215290E+16    1.77348E+37   0.000000000E+00  -2.544911E+00   0.000000000E+00
     1      10.000000   3.168741E+00   2.215232E+16    1.77343E+37   4.665252903E-08  -2.544897E+00   1.117609968E-08
     2      11.666645   3.168725E+00   2.215213E+16    1.77341E+37   7.408181516E-08  -2.544893E+00   1.774712742E-08
     3      13.611058   3.168704E+00   2.215186E+16    1.77339E+37   1.176377478E-07  -2.544887E+00   2.818157422E-08
     4      15.879529   3.168676E+00   2.215150E+16    1.77336E+37   1.868013178E-07  -2.544878E+00   4.475086909E-08
     5      18.526058   3.168637E+00   2.215101E+16    1.77331E+37   2.966269653E-07  -2.544867E+00   7.106181977E-08
     6      21.613645   3.168585E+00   2.215034E+16    1.77325E+37   4.710183751E-07  -2.544851E+00   1.128416064E-07
     7      25.215779   3.168513E+00   2.214943E+16    1.77317E+37   7.479289397E-07  -2.544829E+00   1.791841372E-07
     8      29.418187   3.168415E+00   2.214820E+16    1.77306E+37   1.187616925E-06  -2.544800E+00   2.845288146E-07
     9      34.320867   3.168283E+00   2.214651E+16    1.77291E+37   1.885747935E-06  -2.544761E+00   4.518018776E-07
    10      40.040454   3.168102E+00   2.214422E+16    1.77271E+37   2.994187239E-06  -2.544707E+00   7.174028674E-07
    11      46.712980   3.167856E+00   2.214110E+16    1.77243E+37   4.753987203E-06  -2.544633E+00   1.139118912E-06
    12      54.497074   3.167522E+00   2.213686E+16    1.77206E+37   7.547705266E-06  -2.544533E+00   1.808683595E-06
    13      63.577694   3.167066E+00   2.213109E+16    1.77155E+37   1.198234300E-05  -2.544397E+00   2.871701125E-06
    14      74.170443   3.166447E+00   2.212324E+16    1.77085E+37   1.902074821E-05  -2.544212E+00   4.559244520E-06
    15      86.526575   3.165605E+00   2.211256E+16    1.76990E+37   3.018962523E-05  -2.543960E+00   7.237944547E-06
    16     100.938769   3.164459E+00   2.209805E+16    1.76861E+37   4.790844379E-05  -2.543617E+00   1.148933977E-05
    17     117.747772   3.162901E+00   2.207831E+16    1.76686E+37   7.600871205E-05  -2.543151E+00   1.823547335E-05
    18     137.349992   3.160784E+00   2.205151E+16    1.76448E+37   1.205520671E-04  -2.542517E+00   2.893745731E-05
    19     160.206119   3.157908E+00   2.201513E+16    1.76125E+37   1.911154354E-04  -2.541655E+00   4.590889568E-05
    20     186.850804   3.154005E+00   2.196579E+16    1.75688E+37   3.028020024E-04  -2.540484E+00   7.280953294E-05
    21     217.903362   3.148713E+00   2.189896E+16    1.75095E+37   4.793709890E-04  -2.538894E+00   1.154204668E-04
    22     254.079333   3.141546E+00   2.180861E+16    1.74294E+37   7.580727816E-04  -2.536738E+00   1.828566320E-04
    23     296.202566   3.131859E+00   2.168676E+16    1.73215E+37   1.197042851E-03  -2.533816E+00   2.894528385E-04
    24     345.217146   3.118797E+00   2.152295E+16    1.71764E+37   1.886449987E-03  -2.529863E+00   4.576757116E-04
    25     402.198062   3.101245E+00   2.130370E+16    1.69825E+37   2.964976808E-03  -2.524528E+00   7.225740483E-04
    26     468.358887   3.077761E+00   2.101194E+16    1.67248E+37   4.643513141E-03  -2.517348E+00   1.138486600E-03
    27     545.053914   3.046530E+00   2.062671E+16    1.63851E+37   7.237877362E-03  -2.507723E+00   1.788962454E-03
    28     633.771323   3.005317E+00   2.012327E+16    1.59422E+37   1.121137945E-02  -2.494885E+00   2.801056511E-03
    29     736.113302   2.951488E+00   1.947415E+16    1.53729E+37   1.722517856E-02  -2.477878E+00   4.365206255E-03
    30     853.759133   2.882110E+00   1.865163E+16    1.46545E+37   2.618854582E-02  -2.455545E+00   6.761530298E-03
    31     988.409266   2.794188E+00   1.763220E+16    1.37690E+37   3.929179105E-02  -2.426540E+00   1.039226484E-02
    32    1141.713494   2.685084E+00   1.640305E+16    1.27087E+37   5.799366685E-02  -2.389391E+00   1.581785889E-02
    33    1315.195463   2.553110E+00   1.496974E+16    1.14833E+37   8.392939745E-02  -2.342607E+00   2.379109226E-02
    34    1510.197961   2.398199E+00   1.336276E+16    1.01245E+37   1.187172595E-01  -2.284854E+00   3.528058965E-02
    35    1727.884069   2.222461E+00   1.163950E+16    8.68718E+36   1.636811106E-01  -2.215157E+00   5.147476055E-02
    36    1969.330719   2.030359E+00   9.878830E+15    7.24251E+36   2.195654436E-01  -2.133105E+00   7.376240953E-02
    37    2235.736646   1.828190E+00   8.172370E+15    5.86545E+36   2.863692569E-01  -2.038979E+00   1.036999111E-01
    38    2528.618074   1.624161E+00   6.614109E+15    4.61914E+36   3.634724730E-01  -1.933785E+00   1.429609341E-01
    39    2849.639503   1.426264E+00   5.258744E+15    3.54531E+36   4.498187888E-01  -1.819293E+00   1.932787182E-01
    40    3200.936749   1.240373E+00   4.128264E+15    2.65989E+36   5.442508432E-01  -1.697771E+00   2.564239875E-01
    41    3585.077519   1.071133E+00   3.218234E+15    1.95671E+36   6.458124941E-01  -1.571763E+00   3.342104931E-01
    42    4004.686828   9.207426E-01   2.506051E+15    1.41528E+36   7.538887871E-01  -1.443920E+00   4.284380067E-01
    43    4461.773186   7.898476E-01   1.960478E+15    1.00856E+36   8.681941288E-01  -1.316884E+00   5.407674792E-01
    44    4956.678451   6.778363E-01   1.548695E+15    7.08921E+35   9.885802216E-01  -1.193223E+00   6.724336155E-01
    45    5486.725912   5.832617E-01   1.240598E+15    4.91516E+35   1.114700247E+00  -1.075392E+00   8.237477630E-01
    46    6044.754979   5.041580E-01   1.010651E+15    3.35765E+35   1.245523381E+00  -9.656869E-01   9.933436507E-01
    47    6618.006009   4.381596E-01   8.381454E+14    2.25482E+35   1.378809440E+00  -8.661644E-01   1.177297114E+00
    48    7188.035232   3.832492E-01   7.073443E+14    1.48373E+35   1.510715941E+00  -7.785105E-01   1.368479431E+00
    49    7731.938368   3.368772E-01   6.056409E+14    9.53120E+34   1.635798915E+00  -7.039157E-01   1.556620066E+00
    50    8226.146911   2.970875E-01   5.240940E+14    5.95608E+34   1.747853634E+00  -6.428457E-01   1.729771523E+00
    51    8650.944981   2.619632E-01   4.559617E+14    3.61416E+34   1.841420107E+00  -5.949535E-01   1.877067708E+00
    52    8995.440039   2.299492E-01   3.964585E+14    2.13073E+34   1.913663752E+00  -5.590240E-01   1.992158119E+00
    53    9259.748549   2.006165E-01   3.435688E+14    1.22376E+34   1.965227148E+00  -5.331587E-01   2.074863463E+00
    54    9452.605505   1.733673E-01   2.955014E+14    6.88818E+33   1.999387435E+00  -5.152094E-01   2.129832720E+00
    55    9588.130840   1.480369E-01   2.514755E+14    3.82319E+33   2.020681156E+00  -5.030684E-01   2.164133944E+00
    56    9681.120956   1.238851E-01   2.099214E+14    2.10864E+33   2.033323733E+00  -4.949699E-01   2.184498667E+00
    57    9744.760810   1.007917E-01   1.704559E+14    1.16493E+33   2.040577589E+00  -4.895407E-01   2.196178017E+00
    58    9789.121822   7.961909E-02   1.346118E+14    6.49487E+32   2.044656923E+00  -4.858131E-01   2.202741239E+00
    59    9820.977073   5.721135E-02   9.657691E+13    3.73283E+32   2.046888750E+00  -4.831665E-01   2.206326743E+00
    60    9846.801560   4.056503E-02   6.838235E+13    2.15040E+32   2.048187986E+00  -4.810404E-01   2.208413791E+00
    61    9868.018485   2.848538E-02   4.796938E+13    1.24461E+32   2.048941606E+00  -4.793071E-01   2.209623908E+00
    62    9885.665950   1.999087E-02   3.363007E+13    7.19978E+31   2.049382990E+00  -4.778748E-01   2.210332427E+00
    63    9900.326187   1.397642E-02   2.349195E+13    4.16830E+31   2.049640430E+00  -4.766916E-01   2.210745580E+00
    64    9912.545207   9.769330E-03   1.640645E+13    2.41243E+31   2.049790715E+00  -4.757101E-01   2.210986730E+00
    65    9922.718924   6.766332E-03   1.135860E+13    1.39889E+31   2.049878033E+00  -4.748961E-01   2.211126821E+00
    66    9931.273489   4.583441E-03   7.690858E+12    8.14768E+30   2.049928633E+00  -4.742139E-01   2.211207968E+00
    67    9938.656149   2.894700E-03   4.854614E+12    4.80456E+30   2.049957726E+00  -4.736268E-01   2.211254621E+00
    68    9945.571855   1.758580E-03   2.947843E+12    2.91697E+30   2.049974218E+00  -4.730783E-01   2.211281067E+00
    69    9952.503609   9.653913E-04   1.616898E+12    1.81773E+30   2.049983859E+00  -4.725298E-01   2.211296527E+00
    70    9960.397249   5.370252E-04   8.985732E+11    1.14071E+30   2.049989820E+00  -4.719070E-01   2.211306090E+00
    71    9969.334683   2.406997E-04   4.021886E+11    7.15753E+29   2.049993578E+00  -4.712038E-01   2.211312120E+00
    72    9981.896900   1.530350E-04   2.555451E+11    4.31020E+29   2.049996110E+00  -4.702193E-01   2.211316184E+00
    73    9993.857580   1.011258E-04   1.688008E+11    2.55592E+29   2.049997682E+00  -4.692860E-01   2.211318705E+00
    74   10004.642909   6.547723E-05   1.091513E+11    1.52091E+29   2.049998615E+00  -4.684478E-01   2.211320202E+00
    75   10014.607463   4.309285E-05   7.181004E+10    9.01993E+28   2.049999176E+00  -4.676763E-01   2.211321103E+00
    76   10023.623205   2.840045E-05   4.729772E+10    5.30501E+28   2.049999515E+00  -4.669805E-01   2.211321646E+00
    77   10031.700763   1.876460E-05   3.124348E+10    3.14698E+28   2.049999712E+00  -4.663591E-01   2.211321963E+00
    78   10038.976279   1.228411E-05   2.043975E+10    1.85339E+28   2.049999831E+00  -4.658008E-01   2.211322154E+00
    79   10045.543517   7.954593E-06   1.323139E+10    1.09593E+28   2.049999901E+00  -4.652982E-01   2.211322266E+00
    80   10051.556806   5.317938E-06   8.843716E+09    6.44433E+27   2.049999943E+00  -4.648389E-01   2.211322333E+00
    81   10056.858855   3.551599E-06   5.903857E+09    3.78226E+27   2.049999968E+00  -4.644348E-01   2.211322373E+00
    82   10061.529401   2.352803E-06   3.909137E+09    2.22933E+27   2.049999983E+00  -4.640794E-01   2.211322396E+00
    83   10065.694176   1.578906E-06   2.623020E+09    1.30723E+27   2.049999991E+00  -4.637630E-01   2.211322410E+00
    84   10069.339344   1.060180E-06   1.760743E+09    7.66374E+26   2.049999996E+00  -4.634865E-01   2.211322418E+00
    85   10072.527189   6.902162E-07   1.146273E+09    4.50817E+26   2.049999999E+00  -4.632449E-01   2.211322423E+00
    86   10075.411015   4.559847E-07   7.569989E+08    2.67540E+26   2.050000001E+00  -4.630266E-01   2.211322426E+00
    87   10078.005248   3.066248E-07   5.089755E+08    1.56737E+26   2.050000002E+00  -4.628305E-01   2.211322427E+00
    88   10080.267841   2.063648E-07   3.426213E+08    9.17789E+25   2.050000003E+00  -4.626595E-01   2.211322428E+00
    89   10082.237642   1.360114E-07   2.257337E+08    5.43797E+25   2.050000003E+00  -4.625108E-01   2.211322429E+00
    90   10084.010387   9.178123E-08   1.523162E+08    3.18135E+25   2.050000003E+00  -4.623770E-01   2.211322429E+00
    91   10085.548385   6.207208E-08   1.029952E+08    1.86038E+25   2.050000003E+00  -4.622610E-01   2.211322430E+00
    92   10086.879210   4.202099E-08   6.970926E+07    1.08712E+25   2.050000003E+00  -4.621607E-01   2.211322430E+00
    93   10088.028786   2.855135E-08   4.736867E+07    6.34477E+24   2.050000003E+00  -4.620741E-01   2.211322430E+00
    94   10089.016566   1.941672E-08   3.221787E+07    3.70124E+24   2.050000003E+00  -4.619997E-01   2.211322430E+00
    95   10089.864075   1.327593E-08   2.202625E+07    2.15492E+24   2.050000003E+00  -4.619359E-01   2.211322430E+00
    96   10090.586049   9.093807E-09   1.508599E+07    1.25434E+24   2.050000003E+00  -4.618816E-01   2.211322430E+00
    97   10091.199796   6.257512E-09   1.037949E+07    7.28608E+23   2.050000003E+00  -4.618354E-01   2.211322430E+00
    98   10091.718076   4.229795E-09   7.015570E+06    4.24059E+23   2.050000003E+00  -4.617964E-01   2.211322430E+00
    99   10092.164444   2.924060E-09   4.849715E+06    2.46476E+23   2.050000003E+00  -4.617629E-01   2.211322430E+00
   100   10092.539814   2.033900E-09   3.373202E+06    1.42603E+23   2.050000003E+00  -4.617346E-01   2.211322430E+00
   101   10092.852098   1.419691E-09   2.354525E+06    8.24715E+22   2.050000003E+00  -4.617111E-01   2.211322430E+00
   102   10093.110868   9.973786E-10   1.654236E+06    4.75403E+22   2.050000003E+00  -4.616917E-01   2.211322430E+00
   103   10093.323203   7.006880E-10   1.162224E+06    2.74043E+22   2.050000003E+00  -4.616757E-01   2.211322430E+00
   104   10093.497431   4.954877E-10   8.218376E+05    1.57731E+22   2.050000003E+00  -4.616626E-01   2.211322430E+00
   105   10093.639255   3.511664E-10   5.824204E+05    9.06347E+21   2.050000003E+00  -4.616520E-01   2.211322430E+00
   106   10093.754256   2.489190E-10   4.128114E+05    5.20781E+21   2.050000003E+00  -4.616433E-01   2.211322430E+00
   107   10093.847487   1.776732E-10   2.946275E+05    2.98471E+21   2.050000003E+00  -4.616363E-01   2.211322430E+00
   108   10093.922357   1.268192E-10   2.102782E+05    1.71060E+21   2.050000003E+00  -4.616307E-01   2.211322430E+00
   109   10093.982480   9.070333E-11   1.503878E+05    9.80136E+20   2.050000003E+00  -4.616262E-01   2.211322430E+00
   110   10094.030650   6.513938E-11   1.080112E+05    5.60431E+20   2.050000003E+00  -4.616225E-01   2.211322430E+00
   111   10094.068999   4.678038E-11   7.757549E+04    3.20447E+20   2.050000003E+00  -4.616196E-01   2.211322430E+00
   112   10094.099530   3.370503E-11   5.589553E+04    1.83173E+20   2.050000003E+00  -4.616174E-01   2.211322430E+00
   113   10094.123752   2.434100E-11   4.036722E+04    1.04522E+20   2.050000003E+00  -4.616155E-01   2.211322430E+00
   114   10094.142890   1.757851E-11   2.915280E+04    5.96427E+19   2.050000003E+00  -4.616141E-01   2.211322430E+00
   115   10094.158012   1.275819E-11   2.115880E+04    3.39956E+19   2.050000003E+00  -4.616130E-01   2.211322430E+00
   116   10094.169888   9.277275E-12   1.538592E+04    1.93492E+19   2.050000003E+00  -4.616121E-01   2.211322430E+00
   117   10094.179183   6.746082E-12   1.118809E+04    1.10129E+19   2.050000003E+00  -4.616114E-01   2.211322430E+00
   118   10094.186459   4.914666E-12   8.151320E+03    6.26476E+18   2.050000003E+00  -4.616108E-01   2.211322430E+00
   119   10094.192139   3.581936E-12   5.941403E+03    3.56256E+18   2.050000003E+00  -4.616104E-01   2.211322430E+00
   120   10094.196572   2.610607E-12   4.330619E+03    2.02590E+18   2.050000003E+00  -4.616101E-01   2.211322430E+00
   121   10094.200029   1.902678E-12   3.156538E+03    1.15206E+18   2.050000003E+00  -4.616098E-01   2.211322430E+00
   122   10094.202727   1.386721E-12   2.300763E+03    6.55139E+17   2.050000003E+00  -4.616096E-01   2.211322430E+00
   123   10094.204832   1.010678E-12   1.676999E+03    3.72555E+17   2.050000003E+00  -4.616094E-01   2.211322430E+00
   124   10094.206474   7.366080E-13   1.222345E+03    2.11859E+17   2.050000003E+00  -4.616093E-01   2.211322430E+00
   125   10094.207755   5.527560E-13   9.179948E+02    1.19406E+17   2.050000003E+00  -4.616092E-01   2.211322430E+00
   126   10094.208716   4.172016E-13   6.935510E+02    6.69923E+16   2.050000003E+00  -4.616091E-01   2.211322430E+00
   127   10094.209430   3.148896E-13   5.239822E+02    3.75857E+16   2.050000003E+00  -4.616091E-01   2.211322430E+00
   128   10094.209961   2.376681E-13   3.958719E+02    2.10872E+16   2.050000003E+00  -4.616091E-01   2.211322430E+00
   129   10094.210354   1.793838E-13   2.990838E+02    1.18309E+16   2.050000003E+00  -4.616090E-01   2.211322430E+00
   130   10094.210647   1.353929E-13   2.259597E+02    6.63765E+15   2.050000003E+00  -4.616090E-01   2.211322430E+00
   131   10094.210864   1.042848E-13   1.739319E+02    3.70418E+15   2.050000003E+00  -4.616090E-01   2.211322430E+00
   132   10094.211021   8.073525E-14   1.345041E+02    2.05978E+15   2.050000003E+00  -4.616090E-01   2.211322430E+00
   133   10094.211134   6.250363E-14   1.040140E+02    1.14538E+15   2.050000003E+00  -4.616090E-01   2.211322430E+00
   134   10094.211216   4.838907E-14   8.043557E+01    6.36909E+14   2.050000003E+00  -4.616090E-01   2.211322430E+00
   135   10094.211274   3.746185E-14   6.220201E+01    3.54165E+14   2.050000003E+00  -4.616090E-01   2.211322430E+00
   136   10094.211316   2.900222E-14   4.810173E+01    1.96940E+14   2.050000003E+00  -4.616090E-01   2.211322430E+00
   137   10094.211347   2.273139E-14   3.768450E+01    1.09120E+14   2.050000003E+00  -4.616090E-01   2.211322430E+00
   138   10094.211368   1.787805E-14   2.963208E+01    6.02879E+13   2.050000003E+00  -4.616089E-01   2.211322430E+00
   139   10094.211383   1.406094E-14   2.330030E+01    3.33087E+13   2.050000003E+00  -4.616089E-01   2.211322430E+00
   140   10094.211394   1.105881E-14   1.832149E+01    1.84029E+13   2.050000003E+00  -4.616089E-01   2.211322430E+00
   141   10094.211401   9.446219E-15   1.565203E+01    1.00643E+13   2.050000003E+00  -4.616089E-01   2.211322430E+00
   142   10094.211406   8.608570E-15   1.427085E+01    5.23716E+12   2.050000003E+00  -4.616089E-01   2.211322430E+00
   143   10094.211409   7.845200E-15   1.301154E+01    2.72527E+12   2.050000003E+00  -4.616089E-01   2.211322430E+00
   144   10094.211410   7.149522E-15   1.186336E+01    1.41815E+12   2.050000003E+00  -4.616089E-01   2.211322430E+00
   145   10094.211411   6.515366E-15   1.081281E+01    7.38044E+11   2.050000003E+00  -4.616089E-01   2.211322430E+00
   146   10094.211412   5.937453E-15   9.854284E+00    3.84129E+11   2.050000003E+00  -4.616089E-01   2.211322430E+00
   147   10094.211412   5.410801E-15   8.980727E+00    1.99928E+11   2.050000003E+00  -4.616089E-01   2.211322430E+00
   148   10094.211412   4.930863E-15   8.184608E+00    1.04056E+11   2.050000003E+00  -4.616089E-01   2.211322430E+00
   149   10094.211412   4.866785E-15   8.077973E+00    5.24074E+10   2.050000003E+00  -4.616089E-01   2.211322430E+00
   150   10094.211412   4.821810E-15   8.003013E+00    2.63119E+10   2.050000003E+00  -4.616089E-01   2.211322430E+00
   151   10094.211412   4.777250E-15   7.928749E+00    1.32103E+10   2.050000003E+00  -4.616089E-01   2.211322430E+00
   152   10094.211412   4.754494E-15   7.892663E+00    6.62632E+09   2.050000003E+00  -4.616089E-01   2.211322430E+00
   153   10094.211412   4.745463E-15   7.880623E+00    3.31540E+09   2.050000003E+00  -4.616089E-01   2.211322430E+00
   154   10094.211412   4.736448E-15   7.868602E+00    1.65882E+09   2.050000003E+00  -4.616089E-01   2.211322430E+00
   155   10094.211412   4.727435E-15   7.854868E+00    8.30003E+08   2.050000003E+00  -4.616089E-01   2.211322430E+00
