       6     152      51      67

     EOS file :  /Users/jkopp/cernbox/ns-muons/packages/nscool/EOS/BSk22_test

  step        radius       baryon#       density        pressure       encl. mass            phi     encl. bar. mass 
                (m)        (#/fm3)       (g/cm3)        (dyn/cm2)      (sol. mass)                     (sol. mass)   

     0       0.000000   4.120632E-01   7.471352E+14    9.63533E+34   0.000000000E+00  -4.329887E-01   0.000000000E+00
     1      10.000000   4.120630E-01   7.471347E+14    9.63531E+34   1.573449131E-09  -4.329885E-01   1.453330432E-09
     2      11.666665   4.120629E-01   7.471346E+14    9.63531E+34   2.498577898E-09  -4.329884E-01   2.307834064E-09
     3      13.611107   4.120629E-01   7.471344E+14    9.63530E+34   3.967646941E-09  -4.329884E-01   3.664753272E-09
     4      15.879622   4.120627E-01   7.471341E+14    9.63529E+34   6.300471633E-09  -4.329883E-01   5.819488751E-09
     5      18.526221   4.120625E-01   7.471338E+14    9.63528E+34   1.000490536E-08  -4.329881E-01   9.241124633E-09
     6      21.613917   4.120623E-01   7.471333E+14    9.63526E+34   1.588739706E-08  -4.329879E-01   1.467454650E-08
     7      25.216225   4.120620E-01   7.471326E+14    9.63524E+34   2.522855038E-08  -4.329876E-01   2.330259931E-08
     8      29.418911   4.120615E-01   7.471317E+14    9.63521E+34   4.006190049E-08  -4.329872E-01   3.700358469E-08
     9      34.322034   4.120609E-01   7.471304E+14    9.63517E+34   6.361659138E-08  -4.329867E-01   5.876014922E-08
    10      40.042327   4.120601E-01   7.471288E+14    9.63512E+34   1.010203094E-07  -4.329860E-01   9.330856731E-08
    11      46.715976   4.120590E-01   7.471265E+14    9.63504E+34   1.604154690E-07  -4.329850E-01   1.481697421E-07
    12      54.501858   4.120575E-01   7.471233E+14    9.63494E+34   2.547315739E-07  -4.329837E-01   2.352863188E-07
    13      63.585318   4.120555E-01   7.471191E+14    9.63481E+34   4.044994427E-07  -4.329819E-01   3.736221908E-07
    14      74.182582   4.120527E-01   7.471133E+14    9.63462E+34   6.423196251E-07  -4.329795E-01   5.932900545E-07
    15      86.545886   4.120488E-01   7.471054E+14    9.63436E+34   1.019957063E-06  -4.329762E-01   9.421050255E-07
    16     100.969471   4.120437E-01   7.470946E+14    9.63402E+34   1.619604951E-06  -4.329717E-01   1.495989832E-06
    17     117.796558   4.120366E-01   7.470800E+14    9.63354E+34   2.571766582E-06  -4.329655E-01   2.375494198E-06
    18     137.427478   4.120270E-01   7.470601E+14    9.63290E+34   4.083640788E-06  -4.329571E-01   3.772019044E-06
    19     160.329136   4.120139E-01   7.470330E+14    9.63203E+34   6.484174778E-06  -4.329458E-01   5.989442357E-06
    20     187.046021   4.119961E-01   7.469961E+14    9.63084E+34   1.029555847E-05  -4.329303E-01   9.510182356E-06
    21     218.212993   4.119719E-01   7.469459E+14    9.62921E+34   1.634665125E-05  -4.329092E-01   1.510002307E-05
    22     254.570131   4.119390E-01   7.468776E+14    9.62701E+34   2.595287594E-05  -4.328805E-01   2.397440001E-05
    23     296.979919   4.118941E-01   7.467847E+14    9.62401E+34   4.120140069E-05  -4.328414E-01   3.806208109E-05
    24     346.447095   4.118331E-01   7.466582E+14    9.61993E+34   6.540295501E-05  -4.327883E-01   6.042307334E-05
    25     404.141481   4.117501E-01   7.464861E+14    9.61438E+34   1.038070477E-04  -4.327160E-01   9.591049769E-05
    26     471.424112   4.116372E-01   7.462521E+14    9.60683E+34   1.647328569E-04  -4.326177E-01   1.522178561E-04
    27     549.876899   4.114836E-01   7.459337E+14    9.59657E+34   2.613545937E-04  -4.324840E-01   2.415339357E-04
    28     641.335962   4.112747E-01   7.455008E+14    9.58262E+34   4.145141111E-04  -4.323022E-01   3.831532546E-04
    29     747.928481   4.109907E-01   7.449124E+14    9.56369E+34   6.571389218E-04  -4.320552E-01   6.075837562E-04
    30     872.112514   4.106049E-01   7.441129E+14    9.53800E+34   1.041154303E-03  -4.317197E-01   9.629889604E-04
    31    1016.718429   4.100810E-01   7.430275E+14    9.50320E+34   1.648238156E-03  -4.312644E-01   1.525244997E-03
    32    1184.989422   4.093711E-01   7.415605E+14    9.45611E+34   2.606429926E-03  -4.306471E-01   2.413542365E-03
    33    1380.615357   4.084102E-01   7.395784E+14    9.39253E+34   4.115510751E-03  -4.298114E-01   3.814371072E-03
    34    1607.755714   4.071099E-01   7.368974E+14    9.30695E+34   6.485191231E-03  -4.286822E-01   6.017950625E-03
    35    1871.037520   4.053543E-01   7.332793E+14    9.19221E+34   1.019143009E-02  -4.271606E-01   9.472626207E-03
    36    2175.507997   4.029905E-01   7.284112E+14    9.03918E+34   1.595691882E-02  -4.251172E-01   1.486405080E-02
    37    2526.517067   3.998266E-01   7.219219E+14    8.83654E+34   2.486114230E-02  -4.223863E-01   2.322637361E-02
    38    2929.474354   3.956064E-01   7.132822E+14    8.57078E+34   3.847960484E-02  -4.187601E-01   3.608916650E-02
    39    3389.482719   3.900264E-01   7.019169E+14    8.22668E+34   5.904032113E-02  -4.139863E-01   5.565568335E-02
    40    3910.685481   3.827129E-01   6.870959E+14    7.78861E+34   8.955324228E-02  -4.077736E-01   8.497967718E-02
    41    4495.397396   3.732504E-01   6.680545E+14    7.24315E+34   1.338275323E-01  -3.998103E-01   1.280693285E-01
    42    5142.880782   3.612049E-01   6.440279E+14    6.58319E+34   1.962201848E-01  -3.898041E-01   1.897674709E-01
    43    5847.910368   3.461924E-01   6.144194E+14    5.81331E+34   2.809318418E-01  -3.775499E-01   2.751921206E-01
    44    6599.307989   3.279542E-01   5.789172E+14    4.95512E+34   3.907076757E-01  -3.630246E-01   3.885005497E-01
    45    7379.013798   3.064825E-01   5.377566E+14    4.04978E+34   5.251033115E-01  -3.464895E-01   5.309579785E-01
    46    8162.240665   2.821121E-01   4.918330E+14    3.15446E+34   6.789364904E-01  -3.285607E-01   6.987815813E-01
    47    8919.449371   2.555460E-01   4.426639E+14    2.33122E+34   8.419892071E-01  -3.101873E-01   8.819477216E-01
    48    9620.328023   2.277904E-01   3.922082E+14    1.63132E+34   1.000827308E+00  -2.924999E-01   1.065381241E+00
    49   10238.940193   1.999683E-01   3.424753E+14    1.08210E+34   1.142412217E+00  -2.765567E-01   1.232864758E+00
    50   10758.521913   1.731050E-01   2.951640E+14    6.83324E+33   1.257839993E+00  -2.630929E-01   1.372033818E+00
    51   11174.086940   1.479540E-01   2.514100E+14    4.13681E+33   1.344228521E+00  -2.523904E-01   1.477635227E+00
    52   11491.902354   1.249414E-01   2.117581E+14    2.42218E+33   1.404059864E+00  -2.443122E-01   1.551437563E+00
    53   11726.146911   1.042516E-01   1.763599E+14    1.38454E+33   1.442856118E+00  -2.384530E-01   1.599552147E+00
    54   11894.286551   8.612029E-02   1.454913E+14    7.78809E+32   1.466758601E+00  -2.343143E-01   1.629282599E+00
    55   12012.802845   6.369286E-02   1.075750E+14    4.45712E+32   1.480446376E+00  -2.314388E-01   1.646316999E+00
    56   12106.722261   4.570983E-02   7.708215E+13    2.58663E+32   1.488384060E+00  -2.291904E-01   1.656204533E+00
    57   12184.252331   3.221176E-02   5.426416E+13    1.50530E+32   1.493102134E+00  -2.273580E-01   1.662084373E+00
    58   12249.376582   2.266854E-02   3.814827E+13    8.74158E+31   1.495923487E+00  -2.258369E-01   1.665600686E+00
    59   12303.909248   1.589292E-02   2.672149E+13    5.07202E+31   1.497598643E+00  -2.245767E-01   1.667688519E+00
    60   12349.601873   1.112446E-02   1.868805E+13    2.94172E+31   1.498588743E+00  -2.235306E-01   1.668922482E+00
    61   12387.862847   7.744281E-03   1.300149E+13    1.70577E+31   1.499172000E+00  -2.226616E-01   1.669649402E+00
    62   12420.011426   5.316551E-03   8.922855E+12    9.92713E+30   1.499512862E+00  -2.219365E-01   1.670074088E+00
    63   12447.458790   3.519432E-03   5.903446E+12    5.84295E+30   1.499710240E+00  -2.213211E-01   1.670319962E+00
    64   12472.017254   2.139601E-03   3.587214E+12    3.54987E+30   1.499822107E+00  -2.207733E-01   1.670459311E+00
    65   12496.695154   1.223909E-03   2.050600E+12    2.16954E+30   1.499890046E+00  -2.202255E-01   1.670543938E+00
    66   12523.210204   6.670709E-04   1.116472E+12    1.36887E+30   1.499929812E+00  -2.196400E-01   1.670593487E+00
    67   12554.097917   3.882393E-04   6.494995E+11    8.47181E+29   1.499955989E+00  -2.189620E-01   1.670626112E+00
    68   12587.162106   1.946100E-04   3.251653E+11    5.74576E+29   1.499969818E+00  -2.182408E-01   1.670643354E+00
    69   12632.232439   1.264018E-04   2.110812E+11    3.42051E+29   1.499981782E+00  -2.172655E-01   1.670658271E+00
    70   12673.949077   8.276998E-05   1.380957E+11    2.01713E+29   1.499989118E+00  -2.163707E-01   1.670667414E+00
    71   12711.875342   5.375104E-05   8.958385E+10    1.19957E+29   1.499993454E+00  -2.155636E-01   1.670672819E+00
    72   12746.913203   3.590889E-05   5.982893E+10    7.07232E+28   1.499996100E+00  -2.148233E-01   1.670676117E+00
    73   12778.066217   2.326605E-05   3.873733E+10    4.19193E+28   1.499997667E+00  -2.141695E-01   1.670678069E+00
    74   12806.765450   1.559361E-05   2.594981E+10    2.46267E+28   1.499998618E+00  -2.135707E-01   1.670679253E+00
    75   12832.081228   1.019670E-05   1.695954E+10    1.46410E+28   1.499999172E+00  -2.130454E-01   1.670679944E+00
    76   12855.227840   6.663911E-06   1.108575E+10    8.71132E+27   1.499999504E+00  -2.125673E-01   1.670680357E+00
    77   12876.395268   4.472708E-06   7.436034E+09    5.11365E+27   1.499999707E+00  -2.121321E-01   1.670680610E+00
    78   12894.998703   2.969133E-06   4.934458E+09    3.00856E+27   1.499999827E+00  -2.117510E-01   1.670680759E+00
    79   12911.554319   1.982270E-06   3.293341E+09    1.77247E+27   1.499999897E+00  -2.114130E-01   1.670680847E+00
    80   12926.216908   1.331015E-06   2.210933E+09    1.03973E+27   1.499999940E+00  -2.111147E-01   1.670680900E+00
    81   12939.066560   8.940408E-07   1.484930E+09    6.09737E+26   1.499999964E+00  -2.108539E-01   1.670680931E+00
    82   12950.315225   5.708052E-07   9.476874E+08    3.62010E+26   1.499999979E+00  -2.106261E-01   1.670680949E+00
    83   12960.803081   3.838690E-07   6.372344E+08    2.12164E+26   1.499999988E+00  -2.104142E-01   1.670680960E+00
    84   12969.963472   2.583142E-07   4.288215E+08    1.24319E+26   1.499999993E+00  -2.102294E-01   1.670680966E+00
    85   12977.954404   1.705855E-07   2.831557E+08    7.29683E+25   1.499999996E+00  -2.100686E-01   1.670680970E+00
    86   12985.068772   1.143318E-07   1.897471E+08    4.29197E+25   1.499999997E+00  -2.099255E-01   1.670680972E+00
    87   12991.322295   7.718042E-08   1.280802E+08    2.51125E+25   1.499999999E+00  -2.098000E-01   1.670680973E+00
    88   12996.749712   5.225537E-08   8.669801E+07    1.46771E+25   1.499999999E+00  -2.096911E-01   1.670680974E+00
    89   13001.440945   3.543005E-08   5.877612E+07    8.57625E+24   1.500000000E+00  -2.095971E-01   1.670680975E+00
    90   13005.488172   2.408664E-08   3.996399E+07    5.00393E+24   1.500000000E+00  -2.095161E-01   1.670680975E+00
    91   13008.963965   1.643086E-08   2.726224E+07    2.91860E+24   1.500000000E+00  -2.094466E-01   1.670680975E+00
    92   13011.937860   1.123503E-08   1.863932E+07    1.69939E+24   1.500000000E+00  -2.093871E-01   1.670680975E+00
    93   13014.472018   7.718609E-09   1.280394E+07    9.88410E+23   1.500000000E+00  -2.093365E-01   1.670680975E+00
    94   13016.618782   5.311446E-09   8.809741E+06    5.74169E+23   1.500000000E+00  -2.092936E-01   1.670680975E+00
    95   13018.432016   3.592883E-09   5.959127E+06    3.36216E+23   1.500000000E+00  -2.092574E-01   1.670680975E+00
    96   13020.002267   2.499202E-09   4.144993E+06    1.94534E+23   1.500000000E+00  -2.092261E-01   1.670680975E+00
    97   13021.308864   1.738422E-09   2.883105E+06    1.12555E+23   1.500000000E+00  -2.092000E-01   1.670680975E+00
    98   13022.396013   1.218685E-09   2.021217E+06    6.49912E+22   1.500000000E+00  -2.091783E-01   1.670680975E+00
    99   13023.291625   8.561790E-10   1.420084E+06    3.74648E+22   1.500000000E+00  -2.091605E-01   1.670680975E+00
   100   13024.026590   6.022702E-10   9.989905E+05    2.15933E+22   1.500000000E+00  -2.091458E-01   1.670680975E+00
   101   13024.628842   4.268518E-10   7.079743E+05    1.24081E+22   1.500000000E+00  -2.091338E-01   1.670680975E+00
   102   13025.117226   3.025248E-10   5.017319E+05    7.13000E+21   1.500000000E+00  -2.091241E-01   1.670680975E+00
   103   13025.513261   2.151990E-10   3.568747E+05    4.09532E+21   1.500000000E+00  -2.091162E-01   1.670680975E+00
   104   13025.833093   1.536054E-10   2.547063E+05    2.34714E+21   1.500000000E+00  -2.091098E-01   1.670680975E+00
   105   13026.089942   1.096407E-10   1.817869E+05    1.34520E+21   1.500000000E+00  -2.091047E-01   1.670680975E+00
   106   13026.296208   7.862688E-11   1.303694E+05    7.70042E+20   1.500000000E+00  -2.091006E-01   1.670680975E+00
   107   13026.460856   5.646673E-11   9.363391E+04    4.40303E+20   1.500000000E+00  -2.090973E-01   1.670680975E+00
   108   13026.591941   4.055214E-11   6.724964E+04    2.51761E+20   1.500000000E+00  -2.090947E-01   1.670680975E+00
   109   13026.696303   2.927724E-11   4.855300E+04    1.43693E+20   1.500000000E+00  -2.090926E-01   1.670680975E+00
   110   13026.778806   2.114339E-11   3.506455E+04    8.19942E+19   1.500000000E+00  -2.090910E-01   1.670680975E+00
   111   13026.843996   1.528192E-11   2.534422E+04    4.67825E+19   1.500000000E+00  -2.090897E-01   1.670680975E+00
   112   13026.895456   1.111245E-11   1.842944E+04    2.66272E+19   1.500000000E+00  -2.090886E-01   1.670680975E+00
   113   13026.935735   8.080556E-12   1.340124E+04    1.51553E+19   1.500000000E+00  -2.090878E-01   1.670680975E+00
   114   13026.967263   5.879175E-12   9.750552E+03    8.62533E+18   1.500000000E+00  -2.090872E-01   1.670680975E+00
   115   13026.991925   4.284897E-12   7.107068E+03    4.90494E+18   1.500000000E+00  -2.090867E-01   1.670680975E+00
   116   13027.011166   3.122945E-12   5.180261E+03    2.78927E+18   1.500000000E+00  -2.090863E-01   1.670680975E+00
   117   13027.026177   2.276084E-12   3.775833E+03    1.58616E+18   1.500000000E+00  -2.090860E-01   1.670680975E+00
   118   13027.037889   1.658869E-12   2.752161E+03    9.01998E+17   1.500000000E+00  -2.090858E-01   1.670680975E+00
   119   13027.047026   1.209027E-12   2.006018E+03    5.12936E+17   1.500000000E+00  -2.090856E-01   1.670680975E+00
   120   13027.054155   8.811697E-13   1.462163E+03    2.91689E+17   1.500000000E+00  -2.090855E-01   1.670680975E+00
   121   13027.059717   6.482990E-13   1.076071E+03    1.65679E+17   1.500000000E+00  -2.090854E-01   1.670680975E+00
   122   13027.064009   4.893143E-13   8.129786E+02    9.29533E+16   1.500000000E+00  -2.090853E-01   1.670680975E+00
   123   13027.067197   3.693179E-13   6.142106E+02    5.21509E+16   1.500000000E+00  -2.090852E-01   1.670680975E+00
   124   13027.069564   2.787487E-13   4.640401E+02    2.92590E+16   1.500000000E+00  -2.090852E-01   1.670680975E+00
   125   13027.071322   2.103901E-13   3.505853E+02    1.64156E+16   1.500000000E+00  -2.090851E-01   1.670680975E+00
   126   13027.072627   1.587953E-13   2.648694E+02    9.20989E+15   1.500000000E+00  -2.090851E-01   1.670680975E+00
   127   13027.073597   1.205425E-13   2.011747E+02    5.16367E+15   1.500000000E+00  -2.090851E-01   1.670680975E+00
   128   13027.074312   9.332164E-14   1.555714E+02    2.87136E+15   1.500000000E+00  -2.090851E-01   1.670680975E+00
   129   13027.074827   7.224776E-14   1.203056E+02    1.59667E+15   1.500000000E+00  -2.090851E-01   1.670680975E+00
   130   13027.075197   5.593278E-14   9.303413E+01    8.87858E+14   1.500000000E+00  -2.090851E-01   1.670680975E+00
   131   13027.075463   4.330205E-14   7.194466E+01    4.93710E+14   1.500000000E+00  -2.090851E-01   1.670680975E+00
   132   13027.075654   3.352359E-14   5.563586E+01    2.74536E+14   1.500000000E+00  -2.090851E-01   1.670680975E+00
   133   13027.075792   2.603629E-14   4.316875E+01    1.52594E+14   1.500000000E+00  -2.090851E-01   1.670680975E+00
   134   13027.075890   2.047733E-14   3.394446E+01    8.43073E+13   1.500000000E+00  -2.090850E-01   1.670680975E+00
   135   13027.075960   1.610525E-14   2.669121E+01    4.65793E+13   1.500000000E+00  -2.090850E-01   1.670680975E+00
   136   13027.076008   1.266664E-14   2.098783E+01    2.57348E+13   1.500000000E+00  -2.090850E-01   1.670680975E+00
   137   13027.076043   9.962211E-15   1.650315E+01    1.42183E+13   1.500000000E+00  -2.090850E-01   1.670680975E+00
   138   13027.076067   9.045796E-15   1.499186E+01    7.42081E+12   1.500000000E+00  -2.090850E-01   1.670680975E+00
   139   13027.076080   8.243654E-15   1.366893E+01    3.86158E+12   1.500000000E+00  -2.090850E-01   1.670680975E+00
   140   13027.076088   7.512643E-15   1.246274E+01    2.00946E+12   1.500000000E+00  -2.090850E-01   1.670680975E+00
   141   13027.076093   6.846388E-15   1.136182E+01    1.04568E+12   1.500000000E+00  -2.090850E-01   1.670680975E+00
   142   13027.076095   6.239114E-15   1.035463E+01    5.44246E+11   1.500000000E+00  -2.090850E-01   1.670680975E+00
   143   13027.076097   5.685704E-15   9.436714E+00    2.83263E+11   1.500000000E+00  -2.090850E-01   1.670680975E+00
   144   13027.076098   5.181382E-15   8.600174E+00    1.47430E+11   1.500000000E+00  -2.090850E-01   1.670680975E+00
   145   13027.076098   4.891503E-15   8.119170E+00    7.63261E+10   1.500000000E+00  -2.090850E-01   1.670680975E+00
   146   13027.076098   4.846299E-15   8.043828E+00    3.83207E+10   1.500000000E+00  -2.090850E-01   1.670680975E+00
   147   13027.076098   4.801513E-15   7.969185E+00    1.92395E+10   1.500000000E+00  -2.090850E-01   1.670680975E+00
   148   13027.076099   4.759416E-15   7.899222E+00    9.65870E+09   1.500000000E+00  -2.090850E-01   1.670680975E+00
   149   13027.076099   4.750375E-15   7.887173E+00    4.83262E+09   1.500000000E+00  -2.090850E-01   1.670680975E+00
   150   13027.076099   4.741351E-15   7.875141E+00    2.41794E+09   1.500000000E+00  -2.090850E-01   1.670680975E+00
   151   13027.076099   4.732345E-15   7.863128E+00    1.20979E+09   1.500000000E+00  -2.090850E-01   1.670680975E+00
   152   13027.076099   4.723315E-15   7.846624E+00    6.05411E+08   1.500000000E+00  -2.090850E-01   1.670680975E+00
