       6     152      51      67

     EOS file :  /Users/jkopp/cernbox/ns-muons/packages/nscool/EOS/BSk22_test

  step        radius       baryon#       density        pressure       encl. mass            phi     encl. bar. mass 
                (m)        (#/fm3)       (g/cm3)        (dyn/cm2)      (sol. mass)                     (sol. mass)   

     0       0.000000   4.249847E-01   7.740454E+14    1.05246E+35   0.000000000E+00  -4.534681E-01   0.000000000E+00
     1      10.000000   4.249844E-01   7.740449E+14    1.05246E+35   1.630121390E-09  -4.534679E-01   1.498903819E-09
     2      11.666665   4.249844E-01   7.740448E+14    1.05246E+35   2.588571302E-09  -4.534679E-01   2.380202887E-09
     3      13.611107   4.249843E-01   7.740446E+14    1.05246E+35   4.110553039E-09  -4.534678E-01   3.779672228E-09
     4      15.879622   4.249841E-01   7.740443E+14    1.05246E+35   6.527401022E-09  -4.534677E-01   6.001975683E-09
     5      18.526221   4.249840E-01   7.740439E+14    1.05246E+35   1.036526039E-08  -4.534675E-01   9.530906881E-09
     6      21.613917   4.249837E-01   7.740434E+14    1.05245E+35   1.645962656E-08  -4.534673E-01   1.513470945E-08
     7      25.216225   4.249834E-01   7.740427E+14    1.05245E+35   2.613722760E-08  -4.534670E-01   2.403331992E-08
     8      29.418911   4.249829E-01   7.740417E+14    1.05245E+35   4.150484189E-08  -4.534666E-01   3.816393954E-08
     9      34.322034   4.249823E-01   7.740404E+14    1.05244E+35   6.590791941E-08  -4.534660E-01   6.060274451E-08
    10      40.042327   4.249814E-01   7.740386E+14    1.05244E+35   1.046588330E-07  -4.534653E-01   9.623452910E-08
    11      46.715976   4.249803E-01   7.740362E+14    1.05243E+35   1.661932654E-07  -4.534643E-01   1.528160367E-07
    12      54.501857   4.249787E-01   7.740329E+14    1.05242E+35   2.639064051E-07  -4.534629E-01   2.426644097E-07
    13      63.585317   4.249766E-01   7.740284E+14    1.05240E+35   4.190685282E-07  -4.534610E-01   3.853382119E-07
    14      74.182581   4.249736E-01   7.740223E+14    1.05238E+35   6.654543467E-07  -4.534584E-01   6.118944157E-07
    15      86.545884   4.249697E-01   7.740139E+14    1.05236E+35   1.056693178E-06  -4.534549E-01   9.716475295E-07
    16     100.969467   4.249643E-01   7.740026E+14    1.05232E+35   1.677938456E-06  -4.534502E-01   1.542901084E-06
    17     117.796552   4.249569E-01   7.739872E+14    1.05227E+35   2.664393520E-06  -4.534437E-01   2.449985040E-06
    18     137.427468   4.249469E-01   7.739662E+14    1.05220E+35   4.230719190E-06  -4.534349E-01   3.890302366E-06
    19     160.329121   4.249333E-01   7.739376E+14    1.05210E+35   6.717708777E-06  -4.534229E-01   6.177260272E-06
    20     187.045996   4.249148E-01   7.738987E+14    1.05197E+35   1.066635630E-05  -4.534066E-01   9.808405140E-06
    21     218.212953   4.248895E-01   7.738457E+14    1.05179E+35   1.693536615E-05  -4.533844E-01   1.557353554E-05
    22     254.570068   4.248552E-01   7.737737E+14    1.05155E+35   2.688752092E-05  -4.533542E-01   2.472620302E-05
    23     296.979820   4.248085E-01   7.736756E+14    1.05122E+35   4.268512325E-05  -4.533131E-01   3.925566306E-05
    24     346.446937   4.247450E-01   7.735430E+14    1.05077E+35   6.775807353E-05  -4.532571E-01   6.231789404E-05
    25     404.141180   4.246587E-01   7.733626E+14    1.05016E+35   1.075447722E-04  -4.531810E-01   9.891820299E-05
    26     471.423537   4.245414E-01   7.731172E+14    1.04933E+35   1.706636492E-04  -4.530775E-01   1.569913618E-04
    27     549.875846   4.243817E-01   7.727835E+14    1.04820E+35   2.707625904E-04  -4.529367E-01   2.491084038E-04
    28     641.334106   4.241645E-01   7.723297E+14    1.04667E+35   4.294323373E-04  -4.527453E-01   3.951689375E-04
    29     747.925309   4.238694E-01   7.717129E+14    1.04459E+35   6.807825352E-04  -4.524853E-01   6.266376713E-04
    30     872.107209   4.234683E-01   7.708749E+14    1.04177E+35   1.078600451E-03  -4.521320E-01   9.931886208E-04
    31    1016.709702   4.229238E-01   7.697372E+14    1.03795E+35   1.707488204E-03  -4.516526E-01   1.573077607E-03
    32    1184.975238   4.221849E-01   7.681940E+14    1.03278E+35   2.700057575E-03  -4.510026E-01   2.489232915E-03
    33    1380.593783   4.211838E-01   7.661035E+14    1.02580E+35   4.263196136E-03  -4.501227E-01   3.933998247E-03
    34    1607.724784   4.198292E-01   7.632762E+14    1.01640E+35   6.717595461E-03  -4.489339E-01   6.206716637E-03
    35    1870.994124   4.180003E-01   7.594612E+14    1.00381E+35   1.055598651E-02  -4.473318E-01   9.769838770E-03
    36    2175.447548   4.155423E-01   7.543514E+14    9.87011E+34   1.652638870E-02  -4.451804E-01   1.533064633E-02
    37    2526.424169   4.122486E-01   7.475194E+14    9.64774E+34   2.574557938E-02  -4.423054E-01   2.395578143E-02
    38    2929.338256   4.078592E-01   7.384421E+14    9.35620E+34   3.984278893E-02  -4.384879E-01   3.722333982E-02
    39    3389.279153   4.020526E-01   7.264840E+14    8.97886E+34   6.112046480E-02  -4.334625E-01   5.740639480E-02
    40    3910.399134   3.944491E-01   7.109213E+14    8.49870E+34   9.268724456E-02  -4.269228E-01   8.765727815E-02
    41    4495.000436   3.846167E-01   6.909471E+14    7.90121E+34   1.384712386E-01  -4.185407E-01   1.321140434E-01
    42    5142.345348   3.721074E-01   6.657665E+14    7.17884E+34   2.029593693E-01  -4.080089E-01   1.957808374E-01
    43    5847.231753   3.565251E-01   6.347621E+14    6.33690E+34   2.904655164E-01  -3.951114E-01   2.839545677E-01
    44    6598.544529   3.376151E-01   5.976586E+14    5.39934E+34   4.037956948E-01  -3.798228E-01   4.009588379E-01
    45    7378.302008   3.153785E-01   5.547297E+14    4.41133E+34   5.424669885E-01  -3.624164E-01   5.481529910E-01
    46    8161.841614   2.901691E-01   5.069253E+14    3.43527E+34   7.011271508E-01  -3.435373E-01   7.217059300E-01
    47    8919.797468   2.627297E-01   4.558722E+14    2.53860E+34   8.692767969E-01  -3.241802E-01   9.113556163E-01
    48    9621.976850   2.341038E-01   4.036066E+14    1.77674E+34   1.033129054E+00  -3.055315E-01   1.101583930E+00
    49   10242.485101   2.054579E-01   3.522262E+14    1.17902E+34   1.179307016E+00  -2.887043E-01   1.275619390E+00
    50   10764.417367   1.778457E-01   3.034673E+14    7.44947E+33   1.298640458E+00  -2.744767E-01   1.420566969E+00
    51   11182.513119   1.520391E-01   2.584845E+14    4.51251E+33   1.388112254E+00  -2.631528E-01   1.530828831E+00
    52   11502.696325   1.284659E-01   2.178103E+14    2.64337E+33   1.450199402E+00  -2.545969E-01   1.608075676E+00
    53   11738.876358   1.072890E-01   1.815439E+14    1.51132E+33   1.490529792E+00  -2.483884E-01   1.658540469E+00
    54   11908.424348   8.868447E-02   1.498495E+14    8.50237E+32   1.515404720E+00  -2.440037E-01   1.689762505E+00
    55   12027.949234   6.668218E-02   1.126494E+14    4.80805E+32   1.529889781E+00  -2.409575E-01   1.707959720E+00
    56   12120.047251   4.796185E-02   8.089278E+13    2.78924E+32   1.538063093E+00  -2.386413E-01   1.718234160E+00
    57   12195.864647   3.381232E-02   5.696858E+13    1.62256E+32   1.542917098E+00  -2.367583E-01   1.724339312E+00
    58   12259.486782   2.379388E-02   4.004776E+13    9.42189E+31   1.545815871E+00  -2.351965E-01   1.727985477E+00
    59   12312.750649   1.668852E-02   2.806245E+13    5.46483E+31   1.547536882E+00  -2.339026E-01   1.730150274E+00
    60   12357.341302   1.168101E-02   1.962531E+13    3.16941E+31   1.548552954E+00  -2.328293E-01   1.731428284E+00
    61   12394.674201   8.146177E-03   1.367669E+13    1.83740E+31   1.549151458E+00  -2.319378E-01   1.732181080E+00
    62   12425.979940   5.619545E-03   9.432110E+12    1.06874E+31   1.549501231E+00  -2.311953E-01   1.732620906E+00
    63   12452.560807   3.782089E-03   6.344463E+12    6.27960E+30   1.549703956E+00  -2.305684E-01   1.732875769E+00
    64   12475.911279   2.299167E-03   3.855006E+12    3.81497E+30   1.549818349E+00  -2.300206E-01   1.733019578E+00
    65   12499.370716   1.344555E-03   2.253050E+12    2.32708E+30   1.549887996E+00  -2.294728E-01   1.733107131E+00
    66   12523.972891   7.302599E-04   1.222455E+12    1.46827E+30   1.549928542E+00  -2.289011E-01   1.733158114E+00
    67   12552.722134   4.201794E-04   7.029772E+11    9.13769E+29   1.549954972E+00  -2.282367E-01   1.733191359E+00
    68   12584.016502   2.094838E-04   3.500282E+11    6.20720E+29   1.549969084E+00  -2.275179E-01   1.733209118E+00
    69   12626.962406   1.351823E-04   2.257404E+11    3.70986E+29   1.549981274E+00  -2.265390E-01   1.733224456E+00
    70   12667.118214   8.886043E-05   1.482829E+11    2.19393E+29   1.549988788E+00  -2.256314E-01   1.733233908E+00
    71   12703.573124   5.766396E-05   9.611150E+10    1.30535E+29   1.549993254E+00  -2.248138E-01   1.733239527E+00
    72   12737.289369   3.834648E-05   6.389528E+10    7.72037E+28   1.549995969E+00  -2.240629E-01   1.733242942E+00
    73   12767.494772   2.474611E-05   4.119813E+10    4.55093E+28   1.549997602E+00  -2.233946E-01   1.733244995E+00
    74   12795.280707   1.660520E-05   2.763754E+10    2.67265E+28   1.549998579E+00  -2.227834E-01   1.733246224E+00
    75   12819.744853   1.085811E-05   1.806212E+10    1.58535E+28   1.549999151E+00  -2.222480E-01   1.733246942E+00
    76   12842.060571   7.063319E-06   1.174974E+10    9.41563E+27   1.549999492E+00  -2.217620E-01   1.733247371E+00
    77   12862.527180   4.740322E-06   7.880910E+09    5.52655E+27   1.549999700E+00  -2.213181E-01   1.733247632E+00
    78   12880.512568   3.151946E-06   5.238689E+09    3.24722E+27   1.549999822E+00  -2.209295E-01   1.733247786E+00
    79   12896.468481   2.099234E-06   3.487723E+09    1.91381E+27   1.549999894E+00  -2.205859E-01   1.733247877E+00
    80   12910.639354   1.409385E-06   2.341215E+09    1.12263E+27   1.549999937E+00  -2.202817E-01   1.733247931E+00
    81   12923.058347   9.466347E-07   1.572143E+09    6.58353E+26   1.549999963E+00  -2.200157E-01   1.733247963E+00
    82   12933.931463   6.004094E-07   9.968529E+08    3.87507E+26   1.549999978E+00  -2.197834E-01   1.733247982E+00
    83   12944.046837   4.037630E-07   6.702721E+08    2.27107E+26   1.549999986E+00  -2.195678E-01   1.733247993E+00
    84   12952.881789   2.716558E-07   4.509579E+08    1.33075E+26   1.549999992E+00  -2.193798E-01   1.733247999E+00
    85   12960.590150   1.806894E-07   2.999540E+08    7.80495E+25   1.549999995E+00  -2.192160E-01   1.733248003E+00
    86   12967.397733   1.204622E-07   1.999230E+08    4.60866E+25   1.549999997E+00  -2.190716E-01   1.733248005E+00
    87   12973.437013   8.129825E-08   1.349163E+08    2.69662E+25   1.549999998E+00  -2.189436E-01   1.733248007E+00
    88   12978.679764   5.503350E-08   9.130996E+07    1.57624E+25   1.549999998E+00  -2.188327E-01   1.733248007E+00
    89   12983.212567   3.728912E-08   6.185898E+07    9.21098E+24   1.549999999E+00  -2.187368E-01   1.733248008E+00
    90   12987.126065   2.535041E-08   4.205999E+07    5.37424E+24   1.549999999E+00  -2.186542E-01   1.733248008E+00
    91   12990.486953   1.727691E-08   2.866640E+07    3.13472E+24   1.549999999E+00  -2.185832E-01   1.733248008E+00
    92   12993.365190   1.181351E-08   1.959931E+07    1.82522E+24   1.549999999E+00  -2.185225E-01   1.733248008E+00
    93   12995.817804   8.110360E-09   1.345401E+07    1.06214E+24   1.549999999E+00  -2.184708E-01   1.733248008E+00
    94   12997.897985   5.581015E-09   9.257010E+06    6.17000E+23   1.549999999E+00  -2.184269E-01   1.733248008E+00
    95   12999.654965   3.762765E-09   6.240924E+06    3.60464E+23   1.549999999E+00  -2.183899E-01   1.733248008E+00
    96   13001.178034   2.617369E-09   4.340998E+06    2.08563E+23   1.549999999E+00  -2.183578E-01   1.733248008E+00
    97   13002.445363   1.820616E-09   3.019436E+06    1.20672E+23   1.549999999E+00  -2.183311E-01   1.733248009E+00
    98   13003.499835   1.274959E-09   2.114531E+06    6.97337E+22   1.549999999E+00  -2.183089E-01   1.733248009E+00
    99   13004.370146   8.957135E-10   1.485645E+06    4.01987E+22   1.549999999E+00  -2.182906E-01   1.733248009E+00
   100   13005.084346   6.292676E-10   1.043780E+06    2.31722E+22   1.549999999E+00  -2.182756E-01   1.733248009E+00
   101   13005.670407   4.459858E-10   7.397162E+05    1.33154E+22   1.549999999E+00  -2.182632E-01   1.733248009E+00
   102   13006.145661   3.160857E-10   5.242269E+05    7.65132E+21   1.549999999E+00  -2.182532E-01   1.733248009E+00
   103   13006.531048   2.246124E-10   3.724899E+05    4.39526E+21   1.549999999E+00  -2.182451E-01   1.733248009E+00
   104   13006.842638   1.603245E-10   2.658510E+05    2.51904E+21   1.549999999E+00  -2.182386E-01   1.733248009E+00
   105   13007.092867   1.144366E-10   1.897410E+05    1.44372E+21   1.549999999E+00  -2.182333E-01   1.733248009E+00
   106   13007.293816   8.201280E-11   1.359821E+05    8.26858E+20   1.549999999E+00  -2.182291E-01   1.733248009E+00
   107   13007.454411   5.889836E-11   9.766504E+04    4.72790E+20   1.549999999E+00  -2.182257E-01   1.733248009E+00
   108   13007.582268   4.229843E-11   7.014487E+04    2.70337E+20   1.549999999E+00  -2.182230E-01   1.733248009E+00
   109   13007.684061   3.051966E-11   5.061329E+04    1.54364E+20   1.549999999E+00  -2.182209E-01   1.733248009E+00
   110   13007.764616   2.204064E-11   3.655248E+04    8.80835E+19   1.549999999E+00  -2.182192E-01   1.733248009E+00
   111   13007.828267   1.591726E-11   2.639787E+04    5.02624E+19   1.549999999E+00  -2.182179E-01   1.733248009E+00
   112   13007.878559   1.157304E-11   1.919330E+04    2.86104E+19   1.549999999E+00  -2.182168E-01   1.733248009E+00
   113   13007.917933   8.415481E-12   1.395669E+04    1.62841E+19   1.549999999E+00  -2.182160E-01   1.733248009E+00
   114   13007.948752   6.120820E-12   1.015121E+04    9.26812E+18   1.549999999E+00  -2.182153E-01   1.733248009E+00
   115   13007.972869   4.461014E-12   7.399101E+03    5.27047E+18   1.549999999E+00  -2.182148E-01   1.733248009E+00
   116   13007.991684   3.251304E-12   5.393121E+03    2.99714E+18   1.549999999E+00  -2.182144E-01   1.733248009E+00
   117   13008.006364   2.369635E-12   3.930984E+03    1.70437E+18   1.549999999E+00  -2.182141E-01   1.733248009E+00
   118   13008.017816   1.727051E-12   2.865249E+03    9.69218E+17   1.549999999E+00  -2.182139E-01   1.733248009E+00
   119   13008.026751   1.258720E-12   2.088447E+03    5.51161E+17   1.549999999E+00  -2.182137E-01   1.733248009E+00
   120   13008.033723   9.173874E-13   1.522244E+03    3.13427E+17   1.549999999E+00  -2.182135E-01   1.733248009E+00
   121   13008.039161   6.715736E-13   1.114566E+03    1.78129E+17   1.549999999E+00  -2.182134E-01   1.733248009E+00
   122   13008.043383   5.068811E-13   8.420618E+02    9.99383E+16   1.549999999E+00  -2.182133E-01   1.733248009E+00
   123   13008.046518   3.825768E-13   6.361831E+02    5.60699E+16   1.549999999E+00  -2.182133E-01   1.733248009E+00
   124   13008.048846   2.887560E-13   4.806405E+02    3.14577E+16   1.549999999E+00  -2.182132E-01   1.733248009E+00
   125   13008.050575   2.179433E-13   3.631270E+02    1.76492E+16   1.549999999E+00  -2.182132E-01   1.733248009E+00
   126   13008.051859   1.644962E-13   2.743448E+02    9.90197E+15   1.549999999E+00  -2.182132E-01   1.733248009E+00
   127   13008.052812   1.244333E-13   2.076970E+02    5.55382E+15   1.549999999E+00  -2.182131E-01   1.733248009E+00
   128   13008.053518   9.633383E-14   1.606151E+02    3.08831E+15   1.549999999E+00  -2.182131E-01   1.733248009E+00
   129   13008.054026   7.457974E-14   1.242061E+02    1.71731E+15   1.549999999E+00  -2.182131E-01   1.733248009E+00
   130   13008.054391   5.773815E-14   9.605037E+01    9.54942E+14   1.549999999E+00  -2.182131E-01   1.733248009E+00
   131   13008.054654   4.469973E-14   7.427716E+01    5.31013E+14   1.549999999E+00  -2.182131E-01   1.733248009E+00
   132   13008.054843   3.460564E-14   5.743962E+01    2.95280E+14   1.549999999E+00  -2.182131E-01   1.733248009E+00
   133   13008.054979   2.681842E-14   4.446673E+01    1.64169E+14   1.549999999E+00  -2.182131E-01   1.733248009E+00
   134   13008.055076   2.109246E-14   3.496508E+01    9.07025E+13   1.549999999E+00  -2.182131E-01   1.733248009E+00
   135   13008.055145   1.658905E-14   2.749375E+01    5.01126E+13   1.549999999E+00  -2.182131E-01   1.733248009E+00
   136   13008.055193   1.304715E-14   2.161888E+01    2.76869E+13   1.549999999E+00  -2.182131E-01   1.733248009E+00
   137   13008.055227   1.026148E-14   1.699936E+01    1.52969E+13   1.549999999E+00  -2.182131E-01   1.733248009E+00
   138   13008.055251   9.158203E-15   1.517720E+01    8.09434E+12   1.549999999E+00  -2.182131E-01   1.733248009E+00
   139   13008.055265   8.346094E-15   1.383792E+01    4.21207E+12   1.549999999E+00  -2.182131E-01   1.733248009E+00
   140   13008.055273   7.605999E-15   1.261681E+01    2.19184E+12   1.549999999E+00  -2.182131E-01   1.733248009E+00
   141   13008.055277   6.931505E-15   1.150299E+01    1.14058E+12   1.549999999E+00  -2.182131E-01   1.733248009E+00
   142   13008.055280   6.316680E-15   1.048328E+01    5.93637E+11   1.549999999E+00  -2.182131E-01   1.733248009E+00
   143   13008.055281   5.756391E-15   9.553961E+00    3.08970E+11   1.549999999E+00  -2.182131E-01   1.733248009E+00
   144   13008.055282   5.245799E-15   8.707027E+00    1.60809E+11   1.549999999E+00  -2.182131E-01   1.733248009E+00
   145   13008.055283   4.897343E-15   8.128905E+00    8.33935E+10   1.549999999E+00  -2.182131E-01   1.733248009E+00
   146   13008.055283   4.852085E-15   8.053472E+00    4.18690E+10   1.549999999E+00  -2.182131E-01   1.733248009E+00
   147   13008.055283   4.807246E-15   7.978740E+00    2.10210E+10   1.549999999E+00  -2.182131E-01   1.733248009E+00
   148   13008.055283   4.762820E-15   7.904701E+00    1.05539E+10   1.549999999E+00  -2.182131E-01   1.733248009E+00
   149   13008.055283   4.751537E-15   7.888721E+00    5.28272E+09   1.549999999E+00  -2.182131E-01   1.733248009E+00
   150   13008.055283   4.742511E-15   7.876687E+00    2.64315E+09   1.549999999E+00  -2.182131E-01   1.733248009E+00
   151   13008.055283   4.733502E-15   7.864672E+00    1.32247E+09   1.549999999E+00  -2.182131E-01   1.733248009E+00
   152   13008.055283   4.724477E-15   7.848948E+00    6.61742E+08   1.549999999E+00  -2.182131E-01   1.733248009E+00
