       6     157      57      72

     EOS file :  /Users/jkopp/cernbox/ns-muons/packages/nscool/EOS/BSk22_test

  step        radius       baryon#       density        pressure       encl. mass            phi     encl. bar. mass 
                (m)        (#/fm3)       (g/cm3)        (dyn/cm2)      (sol. mass)                     (sol. mass)   

     0       0.000000   7.735599E+00   1.222581E+17    3.04934E+38   0.000000000E+00  -4.325495E+00   0.000000000E+00
     1      10.000000   7.734898E+00   1.222359E+17    3.04858E+38   2.574400510E-07  -4.325313E+00   2.728201294E-08
     2      11.666488   7.734652E+00   1.222280E+17    3.04832E+38   4.087733270E-07  -4.325248E+00   4.332052608E-08
     3      13.610643   7.734317E+00   1.222174E+17    3.04795E+38   6.490483357E-07  -4.325161E+00   6.878659432E-08
     4      15.878689   7.733861E+00   1.222029E+17    3.04746E+38   1.030517008E-06  -4.325042E+00   1.092203728E-07
     5      18.524522   7.733240E+00   1.221832E+17    3.04679E+38   1.636104152E-06  -4.324880E+00   1.734160599E-07
     6      21.610976   7.732396E+00   1.221564E+17    3.04588E+38   2.597384783E-06  -4.324660E+00   2.753312541E-07
     7      25.211277   7.731247E+00   1.221200E+17    3.04463E+38   4.123065242E-06  -4.324360E+00   4.371144236E-07
     8      29.410737   7.729685E+00   1.220704E+17    3.04295E+38   6.544067408E-06  -4.323952E+00   6.939026715E-07
     9      34.308691   7.727560E+00   1.220031E+17    3.04065E+38   1.038481331E-05  -4.323398E+00   1.101419409E-06
    10      40.020725   7.724673E+00   1.219115E+17    3.03753E+38   1.647576121E-05  -4.322644E+00   1.747993973E-06
    11      46.681204   7.720749E+00   1.217872E+17    3.03330E+38   2.613068885E-05  -4.321619E+00   2.773551158E-06
    12      54.446126   7.715423E+00   1.216185E+17    3.02755E+38   4.142517144E-05  -4.320227E+00   4.399557427E-06
    13      63.496286   7.708197E+00   1.213898E+17    3.01978E+38   6.563230080E-05  -4.318338E+00   6.976128328E-06
    14      74.040722   7.698406E+00   1.210803E+17    3.00926E+38   1.039007878E-04  -4.315776E+00   1.105588246E-05
    15      86.320358   7.685162E+00   1.206623E+17    2.99507E+38   1.643025962E-04  -4.312306E+00   1.750920161E-05
    16     100.611684   7.667286E+00   1.200993E+17    2.97598E+38   2.594354079E-04  -4.307615E+00   2.770300872E-05
    17     117.230175   7.643229E+00   1.193436E+17    2.95041E+38   4.088405266E-04  -4.301287E+00   4.377578267E-05
    18     136.533047   7.610977E+00   1.183343E+17    2.91635E+38   6.425834860E-04  -4.292780E+00   6.905595179E-05
    19     158.920693   7.567965E+00   1.169950E+17    2.87133E+38   1.006421427E-03  -4.281388E+00   1.086890900E-04
    20     184.835991   7.510989E+00   1.152326E+17    2.81236E+38   1.568997914E-03  -4.266218E+00   1.705599582E-04
    21     214.760515   7.436180E+00   1.129390E+17    2.73612E+38   2.431367232E-03  -4.246159E+00   2.666138747E-04
    22     249.206777   7.339055E+00   1.099957E+17    2.63912E+38   3.738712212E-03  -4.219875E+00   4.146892107E-04
    23     288.706133   7.214729E+00   1.062851E+17    2.51818E+38   5.693228567E-03  -4.185820E+00   6.409557734E-04
    24     333.793103   7.058313E+00   1.017076E+17    2.37111E+38   8.565769334E-03  -4.142305E+00   9.829997476E-04
    25     384.988622   6.865536E+00   9.620518E+16    2.19752E+38   1.270228599E-02  -4.087608E+00   1.493504660E-03
    26     442.786596   6.633516E+00   8.978634E+16    1.99958E+38   1.852021409E-02  -4.020139E+00   2.244378071E-03
    27     507.649134   6.361517E+00   8.254477E+16    1.78244E+38   2.649092018E-02  -3.938637E+00   3.331126227E-03
    28     580.014705   6.051480E+00   7.466326E+16    1.55396E+38   3.710783062E-02  -3.842339E+00   4.877346383E-03
    29     660.320164   5.708113E+00   6.639774E+16    1.32369E+38   5.084498188E-02  -3.731105E+00   7.039393110E-03
    30     749.033441   5.338487E+00   5.804403E+16    1.10144E+38   6.811491133E-02  -3.605445E+00   1.001149441E-02
    31     846.691189   4.951236E+00   4.989656E+16    8.95712E+37   8.923558113E-02  -3.466463E+00   1.403172244E-02
    32     953.936243   4.555591E+00   4.221098E+16    7.12630E+37   1.144130727E-01  -3.315732E+00   1.938921017E-02
    33    1071.552607   4.160474E+00   3.517928E+16    5.55499E+37   1.437420635E-01  -3.155152E+00   2.643291692E-02
    34    1200.499010   3.773821E+00   2.892038E+16    4.24988E+37   1.772220158E-01  -2.986809E+00   3.558221310E-02
    35    1341.944121   3.402165E+00   2.348387E+16    3.19709E+37   2.147847592E-01  -2.812851E+00   4.733968091E-02
    36    1497.306827   3.050473E+00   1.886212E+16    2.36945E+37   2.563285571E-01  -2.635395E+00   6.230684360E-02
    37    1668.303976   2.722168E+00   1.500603E+16    1.73329E+37   3.017541057E-01  -2.456457E+00   8.120401192E-02
    38    1857.006282   2.419272E+00   1.184051E+16    1.25376E+37   3.509986759E-01  -2.277897E+00   1.048959996E-01
    39    2065.901283   2.142622E+00   9.277772E+15    8.98290E+36   4.040655509E-01  -2.101380E+00   1.344260191E-01
    40    2297.960726   1.892076E+00   7.232589E+15    6.38467E+36   4.610550499E-01  -1.928353E+00   1.710605221E-01
    41    2556.584397   1.666295E+00   5.659741E+15    4.50468E+36   5.223966561E-01  -1.760070E+00   2.163259873E-01
    42    2844.075967   1.463626E+00   4.460452E+15    3.15654E+36   5.886771454E-01  -1.598258E+00   2.717481969E-01
    43    3161.680501   1.282236E+00   3.542703E+15    2.19727E+36   6.603333737E-01  -1.444555E+00   3.387421175E-01
    44    3509.476920   1.120151E+00   2.835995E+15    1.51893E+36   7.375600037E-01  -1.300310E+00   4.184242471E-01
    45    3885.999506   9.754799E-01   2.287352E+15    1.04185E+36   8.201513158E-01  -1.166604E+00   5.113004738E-01
    46    4287.908839   8.465108E-01   1.857680E+15    7.08116E+35   9.073526489E-01  -1.044273E+00   6.169016036E-01
    47    4709.694368   7.317638E-01   1.517803E+15    4.76073E+35   9.977265883E-01  -9.339295E-01   7.334212987E-01
    48    5143.582999   6.299636E-01   1.246474E+15    3.15928E+35   1.089106752E+00  -8.359585E-01   8.575003261E-01
    49    5579.540571   5.400161E-01   1.027972E+15    2.06455E+35   1.178656073E+00  -7.505227E-01   9.842454754E-01
    50    6005.626526   4.609497E-01   8.506056E+14    1.32535E+35   1.263105534E+00  -6.775416E-01   1.107646477E+00
    51    6408.801768   3.918620E-01   7.056525E+14    8.33887E+34   1.339187238E+00  -6.166599E-01   1.221421211E+00
    52    6776.263204   3.318830E-01   5.865217E+14    5.13298E+34   1.404194202E+00  -5.672216E-01   1.320149150E+00
    53    7097.271456   2.801479E-01   4.881655E+14    3.08826E+34   1.456538390E+00  -5.282594E-01   1.400376927E+00
    54    7365.061735   2.357832E-01   4.066475E+14    1.81674E+34   1.496087685E+00  -4.985205E-01   1.461259662E+00
    55    7578.116724   1.978953E-01   3.388011E+14    1.04690E+34   1.524100750E+00  -4.765446E-01   1.504431189E+00
    56    7740.138403   1.655851E-01   2.820314E+14    5.92839E+33   1.542761875E+00  -4.607897E-01   1.533166883E+00
    57    7858.614980   1.379756E-01   2.341761E+14    3.31267E+33   1.554537288E+00  -4.497796E-01   1.551268609E+00
    58    7942.682312   1.142763E-01   1.934850E+14    1.83473E+33   1.561645394E+00  -4.422260E-01   1.562174601E+00
    59    8001.197881   9.395707E-02   1.588184E+14    1.01120E+33   1.565796316E+00  -4.370952E-01   1.568532178E+00
    60    8041.533689   7.306374E-02   1.234856E+14    5.59186E+32   1.568150283E+00  -4.336194E-01   1.572131791E+00
    61    8070.739688   5.233045E-02   8.829880E+13    3.22140E+32   1.569413157E+00  -4.311344E-01   1.574059636E+00
    62    8094.568064   3.693235E-02   6.224145E+13    1.85992E+32   1.570151297E+00  -4.291271E-01   1.575186100E+00
    63    8114.287442   2.593514E-02   4.366277E+13    1.07653E+32   1.570582229E+00  -4.274799E-01   1.575843402E+00
    64    8130.697286   1.818101E-02   3.057843E+13    6.22850E+31   1.570834841E+00  -4.261188E-01   1.576228583E+00
    65    8144.351057   1.271153E-02   2.136102E+13    3.60618E+31   1.570982344E+00  -4.249931E-01   1.576453436E+00
    66    8155.734782   8.884770E-03   1.491761E+13    2.08729E+31   1.571068508E+00  -4.240592E-01   1.576584768E+00
    67    8165.216541   6.138766E-03   1.030442E+13    1.21249E+31   1.571118486E+00  -4.232846E-01   1.576660926E+00
    68    8173.222989   4.131879E-03   6.932142E+12    7.09683E+30   1.571147381E+00  -4.226328E-01   1.576704942E+00
    69    8180.212855   2.559858E-03   4.292550E+12    4.24812E+30   1.571163834E+00  -4.220655E-01   1.576730003E+00
    70    8186.989292   1.546032E-03   2.591198E+12    2.58243E+30   1.571173498E+00  -4.215171E-01   1.576744722E+00
    71    8193.832176   8.351542E-04   1.398429E+12    1.62913E+30   1.571179052E+00  -4.209648E-01   1.576753183E+00
    72    8201.851731   4.749155E-04   7.946008E+11    1.02075E+30   1.571182613E+00  -4.203195E-01   1.576758610E+00
    73    8210.722364   2.146775E-04   3.587066E+11    6.36508E+29   1.571184874E+00  -4.196081E-01   1.576762055E+00
    74    8223.012902   1.380785E-04   2.305755E+11    3.80618E+29   1.571186389E+00  -4.186267E-01   1.576764366E+00
    75    8234.504853   9.078555E-05   1.515029E+11    2.25018E+29   1.571187318E+00  -4.177134E-01   1.576765782E+00
    76    8244.894470   5.885679E-05   9.810150E+10    1.33789E+29   1.571187867E+00  -4.168913E-01   1.576766618E+00
    77    8254.475546   3.906338E-05   6.509125E+10    7.91365E+28   1.571188197E+00  -4.161363E-01   1.576767122E+00
    78    8263.051074   2.516626E-05   4.189666E+10    4.65416E+28   1.571188396E+00  -4.154629E-01   1.576767424E+00
    79    8270.914399   1.687749E-05   2.809216E+10    2.73137E+28   1.571188513E+00  -4.148475E-01   1.576767604E+00
    80    8277.819457   1.103351E-05   1.835454E+10    1.61784E+28   1.571188582E+00  -4.143087E-01   1.576767708E+00
    81    8284.097141   7.166086E-06   1.192058E+10    9.59905E+27   1.571188623E+00  -4.138201E-01   1.576767770E+00
    82    8289.847018   4.807361E-06   7.992352E+09    5.63124E+27   1.571188647E+00  -4.133736E-01   1.576767807E+00
    83    8294.890099   3.196689E-06   5.313152E+09    3.30623E+27   1.571188662E+00  -4.129829E-01   1.576767829E+00
    84    8299.353387   2.127147E-06   3.534111E+09    1.94794E+27   1.571188670E+00  -4.126377E-01   1.576767842E+00
    85    8303.314071   1.427715E-06   2.371687E+09    1.14225E+27   1.571188675E+00  -4.123319E-01   1.576767850E+00
    86    8306.780576   9.587160E-07   1.592176E+09    6.69654E+26   1.571188678E+00  -4.120647E-01   1.576767854E+00
    87    8309.812179   6.070530E-07   1.007886E+09    3.93289E+26   1.571188680E+00  -4.118313E-01   1.576767857E+00
    88    8312.628276   4.081517E-07   6.775604E+08    2.30439E+26   1.571188681E+00  -4.116147E-01   1.576767859E+00
    89    8315.085595   2.745548E-07   4.557677E+08    1.34998E+26   1.571188682E+00  -4.114259E-01   1.576767860E+00
    90    8317.227890   1.828648E-07   3.035709E+08    7.91500E+25   1.571188682E+00  -4.112615E-01   1.576767860E+00
    91    8319.115316   1.217628E-07   2.020819E+08    4.67661E+25   1.571188682E+00  -4.111167E-01   1.576767860E+00
    92    8320.791882   8.216687E-08   1.363580E+08    2.73597E+25   1.571188682E+00  -4.109882E-01   1.576767861E+00
    93    8322.246497   5.561213E-08   9.227056E+07    1.59910E+25   1.571188682E+00  -4.108768E-01   1.576767861E+00
    94    8323.503664   3.767312E-08   6.249576E+07    9.34368E+24   1.571188682E+00  -4.107806E-01   1.576767861E+00
    95    8324.588773   2.560965E-08   4.248994E+07    5.45113E+24   1.571188682E+00  -4.106976E-01   1.576767861E+00
    96    8325.520314   1.744943E-08   2.895273E+07    3.17935E+24   1.571188682E+00  -4.106263E-01   1.576767861E+00
    97    8326.317975   1.193086E-08   1.979405E+07    1.85107E+24   1.571188682E+00  -4.105653E-01   1.576767861E+00
    98    8326.997495   8.189445E-09   1.358525E+07    1.07723E+24   1.571188682E+00  -4.105134E-01   1.576767861E+00
    99    8327.573832   5.635228E-09   9.346962E+06    6.25729E+23   1.571188682E+00  -4.104693E-01   1.576767861E+00
   100    8328.060526   3.796747E-09   6.297293E+06    3.65382E+23   1.571188682E+00  -4.104322E-01   1.576767861E+00
   101    8328.482438   2.640937E-09   4.380091E+06    2.11401E+23   1.571188682E+00  -4.103999E-01   1.576767861E+00
   102    8328.833455   1.836969E-09   3.046561E+06    1.22310E+23   1.571188682E+00  -4.103731E-01   1.576767861E+00
   103    8329.125481   1.286125E-09   2.133047E+06    7.06890E+22   1.571188682E+00  -4.103508E-01   1.576767861E+00
   104    8329.366567   9.035450E-10   1.498632E+06    4.07484E+22   1.571188682E+00  -4.103324E-01   1.576767861E+00
   105    8329.564393   6.347676E-10   1.052902E+06    2.34892E+22   1.571188682E+00  -4.103173E-01   1.576767861E+00
   106    8329.726716   4.497998E-10   7.460434E+05    1.34991E+22   1.571188682E+00  -4.103049E-01   1.576767861E+00
   107    8329.858382   3.187862E-10   5.287066E+05    7.75680E+21   1.571188682E+00  -4.102949E-01   1.576767861E+00
   108    8329.965146   2.264844E-10   3.755953E+05    4.45590E+21   1.571188682E+00  -4.102867E-01   1.576767861E+00
   109    8330.051481   1.616599E-10   2.680660E+05    2.55377E+21   1.571188682E+00  -4.102801E-01   1.576767861E+00
   110    8330.120813   1.153893E-10   1.913211E+05    1.46362E+21   1.571188682E+00  -4.102748E-01   1.576767861E+00
   111    8330.176489   8.268489E-11   1.370962E+05    8.38331E+20   1.571188682E+00  -4.102706E-01   1.576767861E+00
   112    8330.220994   5.938088E-11   9.846495E+04    4.79348E+20   1.571188682E+00  -4.102672E-01   1.576767861E+00
   113    8330.256425   4.264487E-11   7.071923E+04    2.74086E+20   1.571188682E+00  -4.102645E-01   1.576767861E+00
   114    8330.284634   3.076600E-11   5.102179E+04    1.56518E+20   1.571188682E+00  -4.102623E-01   1.576767861E+00
   115    8330.306961   2.221851E-11   3.684745E+04    8.93123E+19   1.571188682E+00  -4.102606E-01   1.576767861E+00
   116    8330.324603   1.604569E-11   2.661086E+04    5.09635E+19   1.571188682E+00  -4.102593E-01   1.576767861E+00
   117    8330.338542   1.166474E-11   1.934537E+04    2.90126E+19   1.571188682E+00  -4.102582E-01   1.576767861E+00
   118    8330.349458   8.482155E-12   1.406727E+04    1.65131E+19   1.571188682E+00  -4.102574E-01   1.576767861E+00
   119    8330.358002   6.168912E-12   1.023094E+04    9.39846E+18   1.571188682E+00  -4.102567E-01   1.576767861E+00
   120    8330.364689   4.496063E-12   7.457218E+03    5.34459E+18   1.571188682E+00  -4.102562E-01   1.576767861E+00
   121    8330.369905   3.276847E-12   5.435480E+03    3.03929E+18   1.571188682E+00  -4.102558E-01   1.576767861E+00
   122    8330.373975   2.388251E-12   3.961858E+03    1.72834E+18   1.571188682E+00  -4.102555E-01   1.576767861E+00
   123    8330.377150   1.740619E-12   2.887752E+03    9.82847E+17   1.571188682E+00  -4.102553E-01   1.576767861E+00
   124    8330.379628   1.268608E-12   2.104849E+03    5.58912E+17   1.571188682E+00  -4.102551E-01   1.576767861E+00
   125    8330.381560   9.245942E-13   1.534199E+03    3.17834E+17   1.571188682E+00  -4.102549E-01   1.576767861E+00
   126    8330.383068   6.761909E-13   1.122202E+03    1.80654E+17   1.571188682E+00  -4.102548E-01   1.576767861E+00
   127    8330.384240   5.103661E-13   8.478310E+02    1.01355E+17   1.571188682E+00  -4.102547E-01   1.576767861E+00
   128    8330.385110   3.852071E-13   6.405418E+02    5.68646E+16   1.571188682E+00  -4.102546E-01   1.576767861E+00
   129    8330.385756   2.907413E-13   4.839335E+02    3.19036E+16   1.571188682E+00  -4.102546E-01   1.576767861E+00
   130    8330.386236   2.194417E-13   3.656148E+02    1.78993E+16   1.571188682E+00  -4.102546E-01   1.576767861E+00
   131    8330.386593   1.656272E-13   2.762244E+02    1.00423E+16   1.571188682E+00  -4.102545E-01   1.576767861E+00
   132    8330.386857   1.252036E-13   2.089883E+02    5.63297E+15   1.571188682E+00  -4.102545E-01   1.576767861E+00
   133    8330.387053   9.693014E-14   1.616137E+02    3.13231E+15   1.571188682E+00  -4.102545E-01   1.576767861E+00
   134    8330.387194   7.504139E-14   1.249783E+02    1.74178E+15   1.571188682E+00  -4.102545E-01   1.576767861E+00
   135    8330.387296   5.809555E-14   9.664753E+01    9.68550E+14   1.571188682E+00  -4.102545E-01   1.576767861E+00
   136    8330.387369   4.497642E-14   7.473895E+01    5.38580E+14   1.571188682E+00  -4.102545E-01   1.576767861E+00
   137    8330.387421   3.481985E-14   5.779673E+01    2.99487E+14   1.571188682E+00  -4.102545E-01   1.576767861E+00
   138    8330.387459   2.697305E-14   4.472336E+01    1.66517E+14   1.571188682E+00  -4.102545E-01   1.576767861E+00
   139    8330.387486   2.121408E-14   3.516687E+01    9.19999E+13   1.571188682E+00  -4.102545E-01   1.576767861E+00
   140    8330.387505   1.668470E-14   2.765242E+01    5.08294E+13   1.571188682E+00  -4.102545E-01   1.576767861E+00
   141    8330.387518   1.312238E-14   2.174365E+01    2.80830E+13   1.571188682E+00  -4.102545E-01   1.576767861E+00
   142    8330.387528   1.032064E-14   1.709747E+01    1.55157E+13   1.571188682E+00  -4.102545E-01   1.576767861E+00
   143    8330.387534   9.180136E-15   1.521336E+01    8.23170E+12   1.571188682E+00  -4.102545E-01   1.576767861E+00
   144    8330.387538   8.366082E-15   1.387089E+01    4.28355E+12   1.571188682E+00  -4.102545E-01   1.576767861E+00
   145    8330.387541   7.624214E-15   1.264688E+01    2.22904E+12   1.571188682E+00  -4.102545E-01   1.576767861E+00
   146    8330.387542   6.948113E-15   1.153053E+01    1.15993E+12   1.571188682E+00  -4.102545E-01   1.576767861E+00
   147    8330.387543   6.331815E-15   1.050838E+01    6.03710E+11   1.571188682E+00  -4.102545E-01   1.576767861E+00
   148    8330.387543   5.770183E-15   9.576838E+00    3.14212E+11   1.571188682E+00  -4.102545E-01   1.576767861E+00
   149    8330.387543   5.258367E-15   8.727876E+00    1.63538E+11   1.571188682E+00  -4.102545E-01   1.576767861E+00
   150    8330.387543   4.898475E-15   8.130791E+00    8.48360E+10   1.571188682E+00  -4.102545E-01   1.576767861E+00
   151    8330.387544   4.853207E-15   8.055341E+00    4.25932E+10   1.571188682E+00  -4.102545E-01   1.576767861E+00
   152    8330.387544   4.808357E-15   7.980591E+00    2.13846E+10   1.571188682E+00  -4.102545E-01   1.576767861E+00
   153    8330.387544   4.763921E-15   7.906535E+00    1.07365E+10   1.571188682E+00  -4.102545E-01   1.576767861E+00
   154    8330.387544   4.751763E-15   7.889022E+00    5.37496E+09   1.571188682E+00  -4.102545E-01   1.576767861E+00
   155    8330.387544   4.742736E-15   7.876988E+00    2.68930E+09   1.571188682E+00  -4.102545E-01   1.576767861E+00
   156    8330.387544   4.733727E-15   7.864972E+00    1.34556E+09   1.571188682E+00  -4.102545E-01   1.576767861E+00
   157    8330.387544   4.724702E-15   7.849399E+00    6.73286E+08   1.571188682E+00  -4.102545E-01   1.576767861E+00
