       6     155      55      70

     EOS file :  /Users/jkopp/cernbox/ns-muons/packages/nscool/EOS/BSk22_test

  step        radius       baryon#       density        pressure       encl. mass            phi     encl. bar. mass 
                (m)        (#/fm3)       (g/cm3)        (dyn/cm2)      (sol. mass)                     (sol. mass)   

     0       0.000000   1.717082E+00   5.991118E+15    4.89154E+36   0.000000000E+00  -1.906607E+00   0.000000000E+00
     1      10.000000   1.717077E+00   5.991085E+15    4.89150E+36   1.261710571E-08  -1.906603E+00   6.056073670E-09
     2      11.666660   1.717075E+00   5.991074E+15    4.89149E+36   2.003544889E-08  -1.906602E+00   9.616805326E-09
     3      13.611095   1.717073E+00   5.991059E+15    4.89147E+36   3.181544904E-08  -1.906600E+00   1.527109975E-08
     4      15.879598   1.717070E+00   5.991039E+15    4.89145E+36   5.052153617E-08  -1.906598E+00   2.424987623E-08
     5      18.526177   1.717066E+00   5.991011E+15    4.89141E+36   8.022585720E-08  -1.906594E+00   3.850776802E-08
     6      21.613843   1.717060E+00   5.990973E+15    4.89137E+36   1.273946731E-07  -1.906590E+00   6.114861492E-08
     7      25.216102   1.717052E+00   5.990922E+15    4.89131E+36   2.022958262E-07  -1.906584E+00   9.710110155E-08
     8      29.418709   1.717042E+00   5.990852E+15    4.89123E+36   3.212335339E-07  -1.906576E+00   1.541915845E-07
     9      34.321706   1.717028E+00   5.990757E+15    4.89112E+36   5.100966986E-07  -1.906565E+00   2.448475700E-07
    10      40.041798   1.717008E+00   5.990627E+15    4.89096E+36   8.099925005E-07  -1.906550E+00   3.888024875E-07
    11      46.715127   1.716982E+00   5.990451E+15    4.89076E+36   1.286190189E-06  -1.906530E+00   6.173901520E-07
    12      54.500497   1.716945E+00   5.990211E+15    4.89047E+36   2.042318860E-06  -1.906503E+00   9.803628761E-07
    13      63.583144   1.716896E+00   5.989884E+15    4.89009E+36   3.242902976E-06  -1.906465E+00   1.556715494E-06
    14      74.179114   1.716829E+00   5.989440E+15    4.88957E+36   5.149126322E-06  -1.906415E+00   2.471867279E-06
    15      86.540362   1.716738E+00   5.988835E+15    4.88885E+36   8.175577080E-06  -1.906345E+00   3.924932721E-06
    16     100.960679   1.716615E+00   5.988011E+15    4.88789E+36   1.298025599E-05  -1.906251E+00   6.231997417E-06
    17     117.782573   1.716446E+00   5.986891E+15    4.88657E+36   2.060728803E-05  -1.906123E+00   9.894775762E-06
    18     137.405247   1.716217E+00   5.985367E+15    4.88478E+36   3.271307292E-05  -1.905949E+00   1.570950114E-05
    19     160.293811   1.715905E+00   5.983295E+15    4.88234E+36   5.192438915E-05  -1.905711E+00   2.493954675E-05
    20     186.989907   1.715480E+00   5.980476E+15    4.87903E+36   8.240486278E-05  -1.905389E+00   3.958890945E-05
    21     218.123885   1.714903E+00   5.976644E+15    4.87453E+36   1.307497890E-04  -1.904950E+00   6.283513061E-05
    22     254.428674   1.714119E+00   5.971436E+15    4.86841E+36   2.073969465E-04  -1.904353E+00   9.971382639E-05
    23     296.755437   1.713053E+00   5.964363E+15    4.86010E+36   3.288451721E-04  -1.903541E+00   1.581993909E-04
    24     346.091001   1.711605E+00   5.954765E+15    4.84884E+36   5.211308074E-04  -1.902439E+00   2.509075759E-04
    25     403.576897   1.709641E+00   5.941754E+15    4.83359E+36   8.252487681E-04  -1.900943E+00   3.977701322E-04
    26     470.529549   1.706979E+00   5.924141E+15    4.81296E+36   1.305549806E-03  -1.898913E+00   6.302201579E-04
    27     548.460710   1.703377E+00   5.900347E+15    4.78514E+36   2.062629062E-03  -1.896164E+00   9.977067689E-04
    28     639.096531   1.698512E+00   5.868381E+15    4.74773E+36   3.252862452E-03  -1.892446E+00   1.577762371E-03
    29     744.391060   1.691960E+00   5.825622E+15    4.69764E+36   5.117520838E-03  -1.887429E+00   2.491391121E-03
    30     866.533215   1.683168E+00   5.768482E+15    4.63096E+36   8.024959233E-03  -1.880682E+00   3.926297270E-03
    31    1007.942146   1.671429E+00   5.692601E+15    4.54287E+36   1.252990109E-02  -1.871641E+00   6.171342011E-03
    32    1171.235759   1.655855E+00   5.593298E+15    4.42766E+36   1.945261236E-02  -1.859595E+00   9.666269968E-03
    33    1359.151638   1.635369E+00   5.464214E+15    4.27899E+36   2.997515536E-02  -1.843658E+00   1.507050689E-02
    34    1574.459512   1.608714E+00   5.299333E+15    4.09036E+36   4.574673201E-02  -1.822763E+00   2.335505171E-02
    35    1819.773022   1.574510E+00   5.092836E+15    3.85622E+36   6.896668465E-02  -1.795689E+00   3.591384430E-02
    36    2097.320437   1.531375E+00   4.840095E+15    3.57337E+36   1.023976428E-01  -1.761120E+00   5.468440556E-02
    37    2408.676985   1.478097E+00   4.539783E+15    3.24280E+36   1.492438796E-01  -1.717769E+00   8.225174736E-02
    38    2754.449999   1.413894E+00   4.194770E+15    2.87128E+36   2.128168484E-01  -1.664562E+00   1.218862979E-01
    39    3134.009581   1.338649E+00   3.813194E+15    2.47198E+36   2.959872848E-01  -1.600865E+00   1.774535139E-01
    40    3545.300540   1.253109E+00   3.408062E+15    2.06345E+36   4.004829719E-01  -1.526714E+00   2.531261960E-01
    41    3984.777055   1.158915E+00   2.995833E+15    1.66675E+36   5.262463284E-01  -1.442986E+00   3.528529414E-01
    42    4447.435906   1.058481E+00   2.593141E+15    1.30153E+36   6.710458598E-01  -1.351454E+00   4.795818587E-01
    43    4926.998860   9.547123E-01   2.214575E+15    9.82542E+35   8.305309483E-01  -1.254694E+00   6.343454909E-01
    44    5416.079266   8.506576E-01   1.870695E+15    7.17602E+35   9.987080458E-01  -1.155860E+00   8.153640338E-01
    45    5906.340600   7.492080E-01   1.567068E+15    5.07684E+35   1.168664839E+00  -1.058367E+00   1.017438877E+00
    46    6388.709952   6.528316E-01   1.305108E+15    3.48408E+35   1.333407841E+00  -9.655267E-01   1.231974171E+00
    47    6853.534567   5.634357E-01   1.083071E+15    2.32248E+35   1.486556390E+00  -8.802100E-01   1.447791546E+00
    48    7290.856374   4.822828E-01   8.971837E+14    1.50549E+35   1.622918518E+00  -8.045811E-01   1.652760805E+00
    49    7690.938962   4.100103E-01   7.428794E+14    9.49855E+34   1.738898978E+00  -7.399374E-01   1.835916126E+00
    50    8045.096835   3.466929E-01   6.154005E+14    5.83806E+34   1.832769772E+00  -6.866847E-01   1.989435345E+00
    51    8346.935211   2.919579E-01   5.102883E+14    3.49962E+34   1.904774486E+00  -6.444156E-01   2.109894855E+00
    52    8593.636968   2.451217E-01   4.236096E+14    2.04974E+34   1.956969181E+00  -6.120757E-01   2.198362550E+00
    53    8786.689499   2.053056E-01   3.519552E+14    1.17626E+34   1.992704607E+00  -5.881879E-01   2.259319860E+00
    54    8931.590755   1.715387E-01   2.924251E+14    6.63751E+33   2.015885057E+00  -5.710931E-01   2.298947516E+00
    55    9036.476553   1.428436E-01   2.425757E+14    3.69852E+33   2.030222762E+00  -5.591745E-01   2.323456187E+00
    56    9110.311579   1.183272E-01   2.004186E+14    2.04389E+33   2.038752818E+00  -5.510185E-01   2.338021531E+00
    57    9161.375173   9.733126E-02   1.645634E+14    1.12454E+33   2.043682088E+00  -5.454936E-01   2.346427032E+00
    58    9196.399508   7.771159E-02   1.313809E+14    6.19176E+32   2.046467116E+00  -5.417601E-01   2.351169316E+00
    59    9220.945006   5.563730E-02   9.390690E+13    3.56465E+32   2.047942429E+00  -5.391716E-01   2.353677099E+00
    60    9240.929619   3.936565E-02   6.635467E+13    2.05285E+32   2.048803552E+00  -5.370817E-01   2.355140578E+00
    61    9257.362443   2.763669E-02   4.653606E+13    1.18772E+32   2.049302161E+00  -5.353753E-01   2.355987549E+00
    62    9271.018715   1.938468E-02   3.260787E+13    6.86906E+31   2.049593655E+00  -5.339657E-01   2.356482529E+00
    63    9282.359444   1.355075E-02   2.277478E+13    3.97601E+31   2.049763435E+00  -5.328011E-01   2.356770757E+00
    64    9291.805942   9.470771E-03   1.590387E+13    2.30075E+31   2.049862428E+00  -5.318350E-01   2.356938786E+00
    65    9299.667192   6.553542E-03   1.100115E+13    1.33474E+31   2.049919839E+00  -5.310340E-01   2.357036218E+00
    66    9306.283460   4.429644E-03   7.432435E+12    7.78573E+30   2.049953051E+00  -5.303618E-01   2.357092560E+00
    67    9312.012720   2.779850E-03   4.661820E+12    4.61369E+30   2.049972070E+00  -5.297812E-01   2.357124822E+00
    68    9317.438797   1.688708E-03   2.830609E+12    2.80092E+30   2.049982977E+00  -5.292326E-01   2.357143322E+00
    69    9322.876243   9.188196E-04   1.538822E+12    1.75418E+30   2.049989296E+00  -5.286841E-01   2.357154042E+00
    70    9329.153477   5.152702E-04   8.621543E+11    1.09885E+30   2.049993266E+00  -5.280524E-01   2.357160779E+00
    71    9336.189140   2.315918E-04   3.869696E+11    6.87991E+29   2.049995765E+00  -5.273464E-01   2.357165020E+00
    72    9346.026560   1.478028E-04   2.468102E+11    4.13265E+29   2.049997444E+00  -5.263626E-01   2.357167871E+00
    73    9355.330358   9.749042E-05   1.627188E+11    2.44776E+29   2.049998480E+00  -5.254359E-01   2.357169629E+00
    74    9363.722551   6.314481E-05   1.052555E+11    1.45595E+29   2.049999094E+00  -5.246030E-01   2.357170670E+00
    75    9371.467298   4.171611E-05   6.951465E+10    8.63802E+28   2.049999462E+00  -5.238369E-01   2.357171295E+00
    76    9378.447926   2.731029E-05   4.547720E+10    5.08322E+28   2.049999684E+00  -5.231485E-01   2.357171672E+00
    77    9384.745990   1.812778E-05   3.017992E+10    3.00508E+28   2.049999814E+00  -5.225291E-01   2.357171893E+00
    78    9390.371732   1.186114E-05   1.973446E+10    1.77297E+28   2.049999892E+00  -5.219772E-01   2.357172025E+00
    79    9395.459947   7.661994E-06   1.274495E+10    1.04965E+28   2.049999938E+00  -5.214791E-01   2.357172102E+00
    80    9400.134414   5.139315E-06   8.545807E+09    6.15675E+27   2.049999965E+00  -5.210224E-01   2.357172149E+00
    81    9404.231775   3.427060E-06   5.696568E+09    3.61364E+27   2.049999981E+00  -5.206228E-01   2.357172177E+00
    82    9407.845913   2.273633E-06   3.777561E+09    2.12952E+27   2.049999991E+00  -5.202709E-01   2.357172193E+00
    83    9411.062654   1.525765E-06   2.534696E+09    1.24864E+27   2.049999997E+00  -5.199581E-01   2.357172202E+00
    84    9413.877549   1.024499E-06   1.701439E+09    7.31989E+26   2.050000000E+00  -5.196848E-01   2.357172208E+00
    85    9416.338853   6.585616E-07   1.093558E+09    4.31102E+26   2.050000002E+00  -5.194460E-01   2.357172211E+00
    86    9418.596557   4.389770E-07   7.287531E+08    2.54185E+26   2.050000003E+00  -5.192272E-01   2.357172213E+00
    87    9420.596047   2.952158E-07   4.900471E+08    1.48907E+26   2.050000004E+00  -5.190335E-01   2.357172214E+00
    88    9422.339462   1.986651E-07   3.298431E+08    8.72080E+25   2.050000004E+00  -5.188648E-01   2.357172215E+00
    89    9423.857555   1.312669E-07   2.178581E+08    5.18108E+25   2.050000004E+00  -5.187180E-01   2.357172215E+00
    90    9425.223949   8.857841E-08   1.470000E+08    3.03100E+25   2.050000004E+00  -5.185860E-01   2.357172215E+00
    91    9426.409320   5.991977E-08   9.942195E+07    1.77213E+25   2.050000004E+00  -5.184715E-01   2.357172215E+00
    92    9427.434550   4.056352E-08   6.729009E+07    1.03554E+25   2.050000004E+00  -5.183725E-01   2.357172216E+00
    93    9428.320103   2.756915E-08   4.573975E+07    6.04214E+24   2.050000004E+00  -5.182870E-01   2.357172216E+00
    94    9429.080539   1.876012E-08   3.112809E+07    3.52444E+24   2.050000005E+00  -5.182137E-01   2.357172216E+00
    95    9429.732539   1.282690E-08   2.128106E+07    2.05197E+24   2.050000005E+00  -5.181508E-01   2.357172216E+00
    96    9430.287943   8.792096E-09   1.458531E+07    1.19432E+24   2.050000005E+00  -5.180972E-01   2.357172216E+00
    97    9430.759726   6.049874E-09   1.003496E+07    6.93739E+23   2.050000005E+00  -5.180518E-01   2.357172216E+00
    98    9431.158114   4.070970E-09   6.752149E+06    4.03683E+23   2.050000005E+00  -5.180134E-01   2.357172216E+00
    99    9431.502701   2.824850E-09   4.685152E+06    2.33979E+23   2.050000005E+00  -5.179801E-01   2.357172216E+00
   100    9431.790586   1.964887E-09   3.258732E+06    1.35373E+23   2.050000005E+00  -5.179524E-01   2.357172216E+00
   101    9432.030085   1.373018E-09   2.277133E+06    7.82803E+22   2.050000005E+00  -5.179293E-01   2.357172216E+00
   102    9432.228297   9.645874E-10   1.599858E+06    4.51242E+22   2.050000005E+00  -5.179102E-01   2.357172216E+00
   103    9432.390938   6.776502E-10   1.124019E+06    2.60115E+22   2.050000005E+00  -5.178946E-01   2.357172216E+00
   104    9432.524391   4.795308E-10   7.953657E+05    1.49637E+22   2.050000005E+00  -5.178817E-01   2.357172216E+00
   105    9432.632891   3.398570E-10   5.636596E+05    8.59836E+21   2.050000005E+00  -5.178713E-01   2.357172216E+00
   106    9432.720870   2.410889E-10   3.998221E+05    4.94014E+21   2.050000005E+00  -5.178628E-01   2.357172216E+00
   107    9432.792134   1.720840E-10   2.853567E+05    2.83130E+21   2.050000005E+00  -5.178559E-01   2.357172216E+00
   108    9432.849362   1.228298E-10   2.036614E+05    1.62267E+21   2.050000005E+00  -5.178504E-01   2.357172216E+00
   109    9432.895319   8.790849E-11   1.457550E+05    9.29686E+20   2.050000005E+00  -5.178460E-01   2.357172216E+00
   110    9432.932110   6.313222E-11   1.046838E+05    5.31584E+20   2.050000005E+00  -5.178424E-01   2.357172216E+00
   111    9432.961400   4.533891E-11   7.518570E+04    3.03953E+20   2.050000005E+00  -5.178396E-01   2.357172216E+00
   112    9432.984720   3.268104E-11   5.419747E+04    1.73687E+20   2.050000005E+00  -5.178374E-01   2.357172216E+00
   113    9433.003205   2.360150E-11   3.914088E+04    9.91093E+19   2.050000005E+00  -5.178356E-01   2.357172216E+00
   114    9433.017812   1.704446E-11   2.826716E+04    5.65538E+19   2.050000005E+00  -5.178342E-01   2.357172216E+00
   115    9433.029352   1.237742E-11   2.052731E+04    3.22215E+19   2.050000005E+00  -5.178331E-01   2.357172216E+00
   116    9433.038407   9.000390E-12   1.492673E+04    1.83394E+19   2.050000005E+00  -5.178322E-01   2.357172216E+00
   117    9433.045494   6.544741E-12   1.085418E+04    1.04382E+19   2.050000005E+00  -5.178315E-01   2.357172216E+00
   118    9433.051042   4.768857E-12   7.909550E+03    5.93696E+18   2.050000005E+00  -5.178310E-01   2.357172216E+00
   119    9433.055372   3.475667E-12   5.765179E+03    3.37615E+18   2.050000005E+00  -5.178306E-01   2.357172216E+00
   120    9433.058750   2.533156E-12   4.202172E+03    1.91990E+18   2.050000005E+00  -5.178302E-01   2.357172216E+00
   121    9433.061385   1.846229E-12   3.062914E+03    1.09178E+18   2.050000005E+00  -5.178300E-01   2.357172216E+00
   122    9433.063441   1.345579E-12   2.232522E+03    6.20859E+17   2.050000005E+00  -5.178298E-01   2.357172216E+00
   123    9433.065046   9.806928E-13   1.627259E+03    3.53061E+17   2.050000005E+00  -5.178296E-01   2.357172216E+00
   124    9433.066297   7.147541E-13   1.186090E+03    2.00774E+17   2.050000005E+00  -5.178295E-01   2.357172216E+00
   125    9433.067274   5.378936E-13   8.933968E+02    1.12905E+17   2.050000005E+00  -5.178294E-01   2.357172216E+00
   126    9433.068003   4.059839E-13   6.749670E+02    6.33445E+16   2.050000005E+00  -5.178293E-01   2.357172216E+00
   127    9433.068544   3.064230E-13   5.099419E+02    3.55391E+16   2.050000005E+00  -5.178293E-01   2.357172216E+00
   128    9433.068946   2.312777E-13   3.852644E+02    1.99390E+16   2.050000005E+00  -5.178293E-01   2.357172216E+00
   129    9433.069245   1.745606E-13   2.910697E+02    1.11867E+16   2.050000005E+00  -5.178292E-01   2.357172216E+00
   130    9433.069466   1.317524E-13   2.199051E+02    6.27622E+15   2.050000005E+00  -5.178292E-01   2.357172216E+00
   131    9433.069631   1.017018E-13   1.696053E+02    3.49718E+15   2.050000005E+00  -5.178292E-01   2.357172216E+00
   132    9433.069750   7.873555E-14   1.311583E+02    1.94467E+15   2.050000005E+00  -5.178292E-01   2.357172216E+00
   133    9433.069835   6.095550E-14   1.014266E+02    1.08137E+15   2.050000005E+00  -5.178292E-01   2.357172216E+00
   134    9433.069897   4.719054E-14   7.843470E+01    6.01316E+14   2.050000005E+00  -5.178292E-01   2.357172216E+00
   135    9433.069941   3.653398E-14   6.065471E+01    3.34373E+14   2.050000005E+00  -5.178292E-01   2.357172216E+00
   136    9433.069973   2.828388E-14   4.690518E+01    1.85934E+14   2.050000005E+00  -5.178292E-01   2.357172216E+00
   137    9433.069996   2.219833E-14   3.679999E+01    1.02907E+14   2.050000005E+00  -5.178292E-01   2.357172216E+00
   138    9433.070012   1.745880E-14   2.893657E+01    5.68554E+13   2.050000005E+00  -5.178292E-01   2.357172216E+00
   139    9433.070023   1.373120E-14   2.275340E+01    3.14123E+13   2.050000005E+00  -5.178292E-01   2.357172216E+00
   140    9433.070031   1.079948E-14   1.789146E+01    1.73551E+13   2.050000005E+00  -5.178292E-01   2.357172216E+00
   141    9433.070037   9.354281E-15   1.550047E+01    9.39510E+12   2.050000005E+00  -5.178292E-01   2.357172216E+00
   142    9433.070040   8.524784E-15   1.413266E+01    4.88895E+12   2.050000005E+00  -5.178292E-01   2.357172216E+00
   143    9433.070042   7.768844E-15   1.288555E+01    2.54407E+12   2.050000005E+00  -5.178292E-01   2.357172216E+00
   144    9433.070043   7.079937E-15   1.174848E+01    1.32386E+12   2.050000005E+00  -5.178292E-01   2.357172216E+00
   145    9433.070044   6.451950E-15   1.070763E+01    6.88998E+11   2.050000005E+00  -5.178292E-01   2.357172216E+00
   146    9433.070044   5.879662E-15   9.758428E+00    3.58602E+11   2.050000005E+00  -5.178292E-01   2.357172216E+00
   147    9433.070045   5.358136E-15   8.893368E+00    1.86641E+11   2.050000005E+00  -5.178292E-01   2.357172216E+00
   148    9433.070045   4.907372E-15   8.145619E+00    9.70652E+10   2.050000005E+00  -5.178292E-01   2.357172216E+00
   149    9433.070045   4.862021E-15   8.070032E+00    4.87331E+10   2.050000005E+00  -5.178292E-01   2.357172216E+00
   150    9433.070045   4.817090E-15   7.995146E+00    2.44672E+10   2.050000005E+00  -5.178292E-01   2.357172216E+00
   151    9433.070045   4.772573E-15   7.920954E+00    1.22841E+10   2.050000005E+00  -5.178292E-01   2.357172216E+00
   152    9433.070045   4.753537E-15   7.891386E+00    6.15755E+09   2.050000005E+00  -5.178292E-01   2.357172216E+00
   153    9433.070045   4.744507E-15   7.879349E+00    3.08086E+09   2.050000005E+00  -5.178292E-01   2.357172216E+00
   154    9433.070045   4.735494E-15   7.867330E+00    1.54147E+09   2.050000005E+00  -5.178292E-01   2.357172216E+00
   155    9433.070045   4.726477E-15   7.852950E+00    7.71296E+08   2.050000005E+00  -5.178292E-01   2.357172216E+00
