       6     155      54      70

     EOS file :  /Users/jkopp/cernbox/ns-muons/packages/nscool/EOS/BSk22_test

  step        radius       baryon#       density        pressure       encl. mass            phi     encl. bar. mass 
                (m)        (#/fm3)       (g/cm3)        (dyn/cm2)      (sol. mass)                     (sol. mass)   

     0       0.000000   9.700163E-01   2.268123E+15    1.02603E+36   0.000000000E+00  -1.206144E+00   0.000000000E+00
     1      10.000000   9.700153E-01   2.268120E+15    1.02603E+36   4.776610835E-09  -1.206143E+00   3.421208121E-09
     2      11.666664   9.700149E-01   2.268119E+15    1.02603E+36   7.585074654E-09  -1.206142E+00   5.432748366E-09
     3      13.611104   9.700145E-01   2.268117E+15    1.02603E+36   1.204480391E-08  -1.206142E+00   8.626996206E-09
     4      15.879616   9.700138E-01   2.268115E+15    1.02603E+36   1.912667307E-08  -1.206141E+00   1.369933575E-08
     5      18.526211   9.700130E-01   2.268112E+15    1.02602E+36   3.037238503E-08  -1.206141E+00   2.175400642E-08
     6      21.613900   9.700118E-01   2.268108E+15    1.02602E+36   4.823008568E-08  -1.206139E+00   3.454448908E-08
     7      25.216196   9.700102E-01   2.268102E+15    1.02602E+36   7.658729420E-08  -1.206138E+00   5.485522392E-08
     8      29.418864   9.700080E-01   2.268094E+15    1.02601E+36   1.216171480E-07  -1.206136E+00   8.710775025E-08
     9      34.321957   9.700051E-01   2.268084E+15    1.02600E+36   1.931221466E-07  -1.206133E+00   1.383232036E-07
    10      40.042204   9.700011E-01   2.268070E+15    1.02599E+36   3.066678334E-07  -1.206129E+00   2.196506602E-07
    11      46.715777   9.699956E-01   2.268050E+15    1.02597E+36   4.869707149E-07  -1.206124E+00   3.487939493E-07
    12      54.501539   9.699881E-01   2.268024E+15    1.02595E+36   7.732775267E-07  -1.206117E+00   5.538650353E-07
    13      63.584809   9.699780E-01   2.267989E+15    1.02592E+36   1.227905960E-06  -1.206108E+00   8.795023839E-07
    14      74.181769   9.699642E-01   2.267940E+15    1.02588E+36   1.949804104E-06  -1.206095E+00   1.396585271E-06
    15      86.544591   9.699454E-01   2.267874E+15    1.02583E+36   3.096076043E-06  -1.206077E+00   2.217656651E-06
    16     100.967410   9.699198E-01   2.267784E+15    1.02576E+36   4.916150096E-06  -1.206053E+00   3.521407429E-06
    17     117.793279   9.698849E-01   2.267662E+15    1.02566E+36   7.806007310E-06  -1.206020E+00   5.591542131E-06
    18     137.422264   9.698375E-01   2.267495E+15    1.02552E+36   1.239423078E-05  -1.205976E+00   8.878464969E-06
    19     160.320850   9.697730E-01   2.267268E+15    1.02533E+36   1.967851156E-05  -1.205915E+00   1.409716765E-05
    20     187.032855   9.696852E-01   2.266960E+15    1.02508E+36   3.124211872E-05  -1.205833E+00   2.238252604E-05
    21     218.192079   9.695658E-01   2.266540E+15    1.02474E+36   4.959700601E-05  -1.205720E+00   3.553559127E-05
    22     254.536917   9.694032E-01   2.265969E+15    1.02427E+36   7.872727223E-05  -1.205568E+00   5.641401236E-05
    23     296.927183   9.691821E-01   2.265192E+15    1.02363E+36   1.249491791E-04  -1.205360E+00   8.955054890E-05
    24     346.363379   9.688814E-01   2.264136E+15    1.02277E+36   1.982704127E-04  -1.205078E+00   1.421320889E-04
    25     404.008620   9.684724E-01   2.262700E+15    1.02159E+36   3.145347296E-04  -1.204693E+00   2.255474893E-04
    26     471.213320   9.679165E-01   2.260748E+15    1.02000E+36   4.987978939E-04  -1.204171E+00   3.578308448E-04
    27     549.542594   9.671613E-01   2.258097E+15    1.01783E+36   7.906248615E-04  -1.203461E+00   5.675098329E-04
    28     640.806041   9.661358E-01   2.254499E+15    1.01489E+36   1.252365291E-03  -1.202498E+00   8.996492306E-04
    29     747.089052   9.647446E-01   2.249622E+15    1.01092E+36   1.982004398E-03  -1.201190E+00   1.425303383E-03
    30     870.784011   9.628596E-01   2.243019E+15    1.00555E+36   3.132953904E-03  -1.199417E+00   2.256218629E-03
    31    1014.618474   9.603094E-01   2.234096E+15    9.98310E+35   4.944182537E-03  -1.197018E+00   3.567527723E-03
    32    1181.675511   9.568670E-01   2.222070E+15    9.88593E+35   7.785356499E-03  -1.193778E+00   5.632413884E-03
    33    1375.398585   9.522332E-01   2.206001E+15    9.75609E+35   1.222301110E-02  -1.189413E+00   8.874289794E-03
    34    1599.562233   9.460202E-01   2.184561E+15    9.58371E+35   1.911424751E-02  -1.183555E+00   1.394356288E-02
    35    1858.214409   9.377333E-01   2.156092E+15    9.35681E+35   2.973318571E-02  -1.175732E+00   2.182783521E-02
    36    2155.543070   9.267545E-01   2.118813E+15    9.06151E+35   4.593039793E-02  -1.165350E+00   3.400303123E-02
    37    2495.622846   9.123410E-01   2.070420E+15    8.68288E+35   7.030563052E-02  -1.151692E+00   5.262618727E-02
    38    2882.084117   8.936363E-01   2.008591E+15    8.20670E+35   1.063542088E-01  -1.133923E+00   8.075929559E-02
    39    3317.593677   8.697200E-01   1.931142E+15    7.62238E+35   1.584905972E-01  -1.111133E+00   1.225759017E-01
    40    3803.193248   8.397023E-01   1.836431E+15    6.92714E+35   2.318077591E-01  -1.082430E+00   1.834536255E-01
    41    4337.534222   8.028711E-01   1.723939E+15    6.13049E+35   3.314164461E-01  -1.047089E+00   2.697870059E-01
    42    4916.116547   7.588832E-01   1.594738E+15    5.25767E+35   4.612629059E-01  -1.004753E+00   3.883033262E-01
    43    5530.730949   7.079582E-01   1.451934E+15    4.34956E+35   6.225788302E-01  -9.556630E-01   5.447017394E-01
    44    6169.274365   6.510171E-01   1.300416E+15    3.45758E+35   8.123986361E-01  -9.008482E-01   7.416257895E-01
    45    6816.202607   5.896904E-01   1.146314E+15    2.63396E+35   1.022898679E+00  -8.421821E-01   9.764255975E-01
    46    7453.608444   5.261584E-01   9.959306E+14    1.92056E+35   1.242124778E+00  -7.822420E-01   1.239626449E+00
    47    8062.844807   4.628420E-01   8.546993E+14    1.34077E+35   1.456120128E+00  -7.239509E-01   1.515239673E+00
    48    8626.383677   4.020167E-01   7.264103E+14    8.97655E+34   1.651777224E+00  -6.700830E-01   1.783513294E+00
    49    9129.609522   3.454892E-01   6.130415E+14    5.77867E+34   1.819364057E+00  -6.227869E-01   2.025493846E+00
    50    9562.252844   2.944059E-01   5.148985E+14    3.58888E+34   1.953885096E+00  -5.832886E-01   2.227529163E+00
    51    9919.479284   2.492583E-01   4.311556E+14    2.15871E+34   2.055150461E+00  -5.518386E-01   2.383851237E+00
    52   10202.330935   2.099913E-01   3.602999E+14    1.26322E+34   2.126762358E+00  -5.278789E-01   2.496338330E+00
    53   10417.274075   1.761717E-01   3.005330E+14    7.22776E+33   2.174513214E+00  -5.103265E-01   2.572090905E+00
    54   10574.652854   1.471497E-01   2.500182E+14    4.06550E+33   2.204725218E+00  -4.978789E-01   2.620255644E+00
    55   10686.477384   1.222091E-01   2.070710E+14    2.26024E+33   2.223020230E+00  -4.892621E-01   2.649478993E+00
    56   10764.320240   1.007469E-01   1.703834E+14    1.24806E+33   2.233730029E+00  -4.833841E-01   2.666593019E+00
    57   10817.929958   8.259805E-02   1.395011E+14    6.86627E+32   2.239856935E+00  -4.793972E-01   2.676380693E+00
    58   10854.614253   5.921915E-02   9.998321E+13    3.95176E+32   2.243106324E+00  -4.766995E-01   2.681565167E+00
    59   10884.428178   4.208919E-02   7.095937E+13    2.27666E+32   2.245004203E+00  -4.745266E-01   2.684592756E+00
    60   10908.871783   2.955920E-02   4.978310E+13    1.31793E+32   2.246105190E+00  -4.727588E-01   2.686348653E+00
    61   10929.207829   2.075110E-02   3.491243E+13    7.62463E+31   2.246750376E+00  -4.712979E-01   2.687377334E+00
    62   10946.100675   1.451099E-02   2.439265E+13    4.41420E+31   2.247126867E+00  -4.700911E-01   2.687977489E+00
    63   10960.179566   1.014342E-02   1.703623E+13    2.55491E+31   2.247346672E+00  -4.690902E-01   2.688327823E+00
    64   10971.903636   7.032708E-03   1.180608E+13    1.48055E+31   2.247474542E+00  -4.682601E-01   2.688531609E+00
    65   10981.746953   4.779227E-03   8.019853E+12    8.61428E+30   2.247548646E+00  -4.675655E-01   2.688649659E+00
    66   10990.206275   3.061411E-03   5.134477E+12    5.08163E+30   2.247591131E+00  -4.669703E-01   2.688717330E+00
    67   10998.022724   1.859878E-03   3.117814E+12    3.08522E+30   2.247615239E+00  -4.664218E-01   2.688755729E+00
    68   11005.857536   1.030947E-03   1.726863E+12    1.90900E+30   2.247629497E+00  -4.658733E-01   2.688778440E+00
    69   11014.631128   5.678917E-04   9.502465E+11    1.19983E+30   2.247638128E+00  -4.652608E-01   2.688792193E+00
    70   11024.678699   3.394799E-04   5.678298E+11    7.36388E+29   2.247643794E+00  -4.645614E-01   2.688801222E+00
    71   11035.031256   1.730037E-04   2.889651E+11    4.99239E+29   2.247646707E+00  -4.638432E-01   2.688805866E+00
    72   11048.862251   1.131955E-04   1.889356E+11    2.96340E+29   2.247649215E+00  -4.628873E-01   2.688809863E+00
    73   11061.476490   7.369805E-05   1.229081E+11    1.75384E+29   2.247650720E+00  -4.620192E-01   2.688812262E+00
    74   11073.000623   4.799763E-05   7.998793E+10    1.04131E+29   2.247651612E+00  -4.612292E-01   2.688813684E+00
    75   11083.554314   3.219205E-05   5.362920E+10    6.11245E+28   2.247652154E+00  -4.605082E-01   2.688814547E+00
    76   11092.826769   2.100616E-05   3.497954E+10    3.65840E+28   2.247652464E+00  -4.598767E-01   2.688815042E+00
    77   11101.361254   1.389799E-05   2.312742E+10    2.15023E+28   2.247652656E+00  -4.592971E-01   2.688815347E+00
    78   11108.969534   9.059893E-06   1.506884E+10    1.27398E+28   2.247652768E+00  -4.587817E-01   2.688815525E+00
    79   11115.905268   5.988451E-06   9.962256E+09    7.55241E+27   2.247652834E+00  -4.583130E-01   2.688815631E+00
    80   11122.138752   4.017959E-06   6.680065E+09    4.43106E+27   2.247652874E+00  -4.578926E-01   2.688815695E+00
    81   11127.604227   2.657973E-06   4.416693E+09    2.61175E+27   2.247652898E+00  -4.575247E-01   2.688815732E+00
    82   11132.485301   1.779581E-06   2.956502E+09    1.53422E+27   2.247652912E+00  -4.571966E-01   2.688815755E+00
    83   11136.775653   1.194742E-06   1.984406E+09    8.99545E+26   2.247652920E+00  -4.569087E-01   2.688815768E+00
    84   11140.528763   8.023450E-07   1.332858E+09    5.27316E+26   2.247652925E+00  -4.566571E-01   2.688815775E+00
    85   11143.808392   5.182306E-07   8.603754E+08    3.17859E+26   2.247652928E+00  -4.564376E-01   2.688815780E+00
    86   11146.874186   3.484502E-07   5.784164E+08    1.86224E+26   2.247652929E+00  -4.562325E-01   2.688815782E+00
    87   11149.548624   2.344743E-07   3.892649E+08    1.09069E+26   2.247652930E+00  -4.560538E-01   2.688815784E+00
    88   11151.878190   1.535369E-07   2.548254E+08    6.41476E+25   2.247652931E+00  -4.558982E-01   2.688815785E+00
    89   11153.972730   1.036083E-07   1.719474E+08    3.75284E+25   2.247652931E+00  -4.557584E-01   2.688815785E+00
    90   11155.789984   6.999807E-08   1.161547E+08    2.19519E+25   2.247652931E+00  -4.556373E-01   2.688815786E+00
    91   11157.364503   4.738694E-08   7.861631E+07    1.28278E+25   2.247652932E+00  -4.555323E-01   2.688815786E+00
    92   11158.724626   3.216427E-08   5.336036E+07    7.49311E+24   2.247652932E+00  -4.554417E-01   2.688815786E+00
    93   11159.895682   2.186453E-08   3.627845E+07    4.37142E+24   2.247652932E+00  -4.553637E-01   2.688815786E+00
    94   11160.900938   1.493204E-08   2.477472E+07    2.54724E+24   2.247652932E+00  -4.552968E-01   2.688815786E+00
    95   11161.758980   1.020952E-08   1.693752E+07    1.48303E+24   2.247652932E+00  -4.552397E-01   2.688815786E+00
    96   11162.489902   7.023013E-09   1.164969E+07    8.61652E+23   2.247652932E+00  -4.551910E-01   2.688815786E+00
    97   11163.107484   4.813338E-09   7.983410E+06    5.00775E+23   2.247652932E+00  -4.551500E-01   2.688815786E+00
    98   11163.631350   3.285222E-09   5.448790E+06    2.93775E+23   2.247652932E+00  -4.551151E-01   2.688815786E+00
    99   11164.081706   2.285119E-09   3.789894E+06    1.69969E+23   2.247652932E+00  -4.550852E-01   2.688815786E+00
   100   11164.456377   1.589166E-09   2.635540E+06    9.83373E+22   2.247652932E+00  -4.550603E-01   2.688815786E+00
   101   11164.768129   1.116442E-09   1.851673E+06    5.66862E+22   2.247652932E+00  -4.550395E-01   2.688815786E+00
   102   11165.023941   7.843342E-10   1.300941E+06    3.26764E+22   2.247652932E+00  -4.550225E-01   2.688815786E+00
   103   11165.233845   5.531074E-10   9.174283E+05    1.88280E+22   2.247652932E+00  -4.550086E-01   2.688815786E+00
   104   11165.405362   3.920036E-10   6.501641E+05    1.08189E+22   2.247652932E+00  -4.549972E-01   2.688815786E+00
   105   11165.544440   2.778239E-10   4.607581E+05    6.21669E+21   2.247652932E+00  -4.549879E-01   2.688815786E+00
   106   11165.657213   1.979510E-10   3.282635E+05    3.56770E+21   2.247652932E+00  -4.549804E-01   2.688815786E+00
   107   11165.748058   1.412932E-10   2.342846E+05    2.04473E+21   2.247652932E+00  -4.549744E-01   2.688815786E+00
   108   11165.821011   1.008519E-10   1.672109E+05    1.17187E+21   2.247652932E+00  -4.549695E-01   2.688815786E+00
   109   11165.879595   7.241572E-11   1.200733E+05    6.70150E+20   2.247652932E+00  -4.549656E-01   2.688815786E+00
   110   11165.926249   5.200595E-11   8.623874E+04    3.83184E+20   2.247652932E+00  -4.549625E-01   2.688815786E+00
   111   11165.963393   3.739239E-11   6.201020E+04    2.19068E+20   2.247652932E+00  -4.549601E-01   2.688815786E+00
   112   11165.992925   2.700394E-11   4.478318E+04    1.25005E+20   2.247652932E+00  -4.549581E-01   2.688815786E+00
   113   11166.016260   1.950162E-11   3.234197E+04    7.13305E+19   2.247652932E+00  -4.549566E-01   2.688815786E+00
   114   11166.034697   1.412270E-11   2.342174E+04    4.06894E+19   2.247652932E+00  -4.549553E-01   2.688815786E+00
   115   11166.049220   1.026950E-11   1.703146E+04    2.31591E+19   2.247652932E+00  -4.549544E-01   2.688815786E+00
   116   11166.060587   7.467587E-12   1.238467E+04    1.31814E+19   2.247652932E+00  -4.549536E-01   2.688815786E+00
   117   11166.069485   5.436706E-12   9.016913E+03    7.50134E+18   2.247652932E+00  -4.549530E-01   2.688815786E+00
   118   11166.076440   3.962412E-12   6.572324E+03    4.26576E+18   2.247652932E+00  -4.549526E-01   2.688815786E+00
   119   11166.081866   2.887909E-12   4.790491E+03    2.42579E+18   2.247652932E+00  -4.549522E-01   2.688815786E+00
   120   11166.086099   2.104782E-12   3.491733E+03    1.37946E+18   2.247652932E+00  -4.549519E-01   2.688815786E+00
   121   11166.089402   1.534020E-12   2.545083E+03    7.84454E+17   2.247652932E+00  -4.549517E-01   2.688815786E+00
   122   11166.091978   1.118033E-12   1.855081E+03    4.46092E+17   2.247652932E+00  -4.549515E-01   2.688815786E+00
   123   11166.093989   8.148512E-13   1.352147E+03    2.53677E+17   2.247652932E+00  -4.549514E-01   2.688815786E+00
   124   11166.095557   6.053645E-13   1.005046E+03    1.43925E+17   2.247652932E+00  -4.549513E-01   2.688815786E+00
   125   11166.096754   4.569087E-13   7.593191E+02    8.07483E+16   2.247652932E+00  -4.549512E-01   2.688815786E+00
   126   11166.097643   3.448593E-13   5.736705E+02    4.53034E+16   2.247652932E+00  -4.549512E-01   2.688815786E+00
   127   11166.098303   2.602881E-13   4.334117E+02    2.54172E+16   2.247652932E+00  -4.549511E-01   2.688815786E+00
   128   11166.098794   1.964567E-13   3.274454E+02    1.42602E+16   2.247652932E+00  -4.549511E-01   2.688815786E+00
   129   11166.099158   1.482789E-13   2.473871E+02    8.00061E+15   2.247652932E+00  -4.549511E-01   2.688815786E+00
   130   11166.099428   1.133280E-13   1.890834E+02    4.48232E+15   2.247652932E+00  -4.549510E-01   2.688815786E+00
   131   11166.099626   8.773631E-14   1.462210E+02    2.49248E+15   2.247652932E+00  -4.549510E-01   2.688815786E+00
   132   11166.099769   6.792371E-14   1.130748E+02    1.38599E+15   2.247652932E+00  -4.549510E-01   2.688815786E+00
   133   11166.099871   5.258519E-14   8.744242E+01    7.70704E+14   2.247652932E+00  -4.549510E-01   2.688815786E+00
   134   11166.099945   4.071041E-14   6.762051E+01    4.28564E+14   2.247652932E+00  -4.549510E-01   2.688815786E+00
   135   11166.099998   3.151719E-14   5.229194E+01    2.38311E+14   2.247652932E+00  -4.549510E-01   2.688815786E+00
   136   11166.100036   2.458140E-14   4.075438E+01    1.32387E+14   2.247652932E+00  -4.549510E-01   2.688815786E+00
   137   11166.100063   1.933307E-14   3.204599E+01    7.31433E+13   2.247652932E+00  -4.549510E-01   2.688815786E+00
   138   11166.100082   1.520530E-14   2.519840E+01    4.04112E+13   2.247652932E+00  -4.549510E-01   2.688815786E+00
   139   11166.100096   1.195884E-14   1.981401E+01    2.23270E+13   2.247652932E+00  -4.549510E-01   2.688815786E+00
   140   11166.100105   9.717578E-15   1.609934E+01    1.22831E+13   2.247652932E+00  -4.549510E-01   2.688815786E+00
   141   11166.100112   8.855866E-15   1.467868E+01    6.39178E+12   2.247652932E+00  -4.549510E-01   2.688815786E+00
   142   11166.100115   8.070567E-15   1.338338E+01    3.32610E+12   2.247652932E+00  -4.549510E-01   2.688815786E+00
   143   11166.100117   7.354904E-15   1.220239E+01    1.73081E+12   2.247652932E+00  -4.549510E-01   2.688815786E+00
   144   11166.100118   6.702572E-15   1.112330E+01    9.00694E+11   2.247652932E+00  -4.549510E-01   2.688815786E+00
   145   11166.100119   6.108053E-15   1.013725E+01    4.68784E+11   2.247652932E+00  -4.549510E-01   2.688815786E+00
   146   11166.100120   5.566269E-15   9.238606E+00    2.43987E+11   2.247652932E+00  -4.549510E-01   2.688815786E+00
   147   11166.100120   5.072541E-15   8.419627E+00    1.26988E+11   2.247652932E+00  -4.549510E-01   2.688815786E+00
   148   11166.100120   4.881208E-15   8.102011E+00    6.52776E+10   2.247652932E+00  -4.549510E-01   2.688815786E+00
   149   11166.100120   4.836099E-15   8.026828E+00    3.27737E+10   2.247652932E+00  -4.549510E-01   2.688815786E+00
   150   11166.100120   4.791407E-15   7.952343E+00    1.64545E+10   2.247652932E+00  -4.549510E-01   2.688815786E+00
   151   11166.100120   4.757369E-15   7.896495E+00    8.25815E+09   2.247652932E+00  -4.549510E-01   2.688815786E+00
   152   11166.100120   4.748332E-15   7.884449E+00    4.13187E+09   2.247652932E+00  -4.549510E-01   2.688815786E+00
   153   11166.100120   4.739312E-15   7.872422E+00    2.06733E+09   2.247652932E+00  -4.549510E-01   2.688815786E+00
   154   11166.100120   4.730310E-15   7.860413E+00    1.03437E+09   2.247652932E+00  -4.549510E-01   2.688815786E+00
   155   11166.100120   4.721273E-15   7.842538E+00    5.17700E+08   2.247652932E+00  -4.549510E-01   2.688815786E+00
