       6     150      49      65

     EOS file :  /Users/jkopp/cernbox/ns-muons/packages/nscool/EOS/MF_B32.dat

  step        radius       baryon#       density        pressure       encl. mass            phi     encl. bar. mass 
                (m)        (#/fm3)       (g/cm3)        (dyn/cm2)      (sol. mass)                     (sol. mass)   

     0       0.000000   2.281953E-01   4.523514E+14    3.56283E+34   0.000000000E+00  -2.576176E-01   0.000000000E+00
     1      10.000000   2.281953E-01   4.523513E+14    3.56282E+34   9.526418662E-10  -2.576175E-01   8.048359795E-10
     2      11.666665   2.281953E-01   4.523513E+14    3.56282E+34   1.512759507E-09  -2.576175E-01   1.278049352E-09
     3      13.611107   2.281953E-01   4.523513E+14    3.56282E+34   2.402205011E-09  -2.576174E-01   2.029494232E-09
     4      15.879622   2.281952E-01   4.523512E+14    3.56282E+34   3.814610304E-09  -2.576174E-01   3.222759941E-09
     5      18.526221   2.281952E-01   4.523512E+14    3.56281E+34   6.057454953E-09  -2.576173E-01   5.117619686E-09
     6      21.613918   2.281952E-01   4.523511E+14    3.56281E+34   9.619003470E-09  -2.576172E-01   8.126582442E-09
     7      25.216226   2.281952E-01   4.523510E+14    3.56280E+34   1.527459825E-08  -2.576170E-01   1.290469448E-08
     8      29.418911   2.281951E-01   4.523509E+14    3.56279E+34   2.425544659E-08  -2.576168E-01   2.049213917E-08
     9      34.322034   2.281950E-01   4.523507E+14    3.56278E+34   3.851664341E-08  -2.576165E-01   3.254067651E-08
    10      40.042326   2.281949E-01   4.523505E+14    3.56276E+34   6.116277101E-08  -2.576162E-01   5.167321290E-08
    11      46.715973   2.281948E-01   4.523502E+14    3.56274E+34   9.712371324E-08  -2.576156E-01   8.205476747E-08
    12      54.501851   2.281946E-01   4.523498E+14    3.56271E+34   1.542277748E-07  -2.576149E-01   1.302991086E-07
    13      63.585306   2.281943E-01   4.523492E+14    3.56267E+34   2.449056499E-07  -2.576140E-01   2.069083797E-07
    14      74.182561   2.281939E-01   4.523484E+14    3.56261E+34   3.888960346E-07  -2.576127E-01   3.285589989E-07
    15      86.545851   2.281934E-01   4.523474E+14    3.56253E+34   6.175415480E-07  -2.576109E-01   5.217312113E-07
    16     100.969412   2.281928E-01   4.523459E+14    3.56242E+34   9.806094366E-07  -2.576085E-01   8.284718791E-07
    17     117.796460   2.281919E-01   4.523439E+14    3.56228E+34   1.557120309E-06  -2.576052E-01   1.315543840E-06
    18     137.427319   2.281906E-01   4.523412E+14    3.56208E+34   2.472538813E-06  -2.576007E-01   2.088950994E-06
    19     160.328879   2.281889E-01   4.523376E+14    3.56181E+34   3.926061099E-06  -2.575946E-01   3.316995478E-06
    20     187.045607   2.281866E-01   4.523326E+14    3.56144E+34   6.233923175E-06  -2.575864E-01   5.266874066E-06
    21     218.212329   2.281835E-01   4.523258E+14    3.56095E+34   9.898123022E-06  -2.575751E-01   8.362753987E-06
    22     254.569068   2.281792E-01   4.523165E+14    3.56027E+34   1.571544085E-05  -2.575597E-01   1.327791325E-05
    23     296.978222   2.281734E-01   4.523039E+14    3.55934E+34   2.495032613E-05  -2.575389E-01   2.108087912E-05
    24     346.444386   2.281655E-01   4.522868E+14    3.55808E+34   3.960893240E-05  -2.575105E-01   3.346710848E-05
    25     404.137161   2.281547E-01   4.522635E+14    3.55637E+34   6.287318771E-05  -2.574718E-01   5.312606247E-05
    26     471.417220   2.281401E-01   4.522318E+14    3.55405E+34   9.978773742E-05  -2.574193E-01   8.432232634E-05
    27     549.865900   2.281202E-01   4.521886E+14    3.55088E+34   1.583457267E-04  -2.573478E-01   1.338145640E-04
    28     641.318391   2.280930E-01   4.521298E+14    3.54658E+34   2.512020855E-04  -2.572505E-01   2.123065003E-04
    29     747.900374   2.280561E-01   4.520499E+14    3.54074E+34   3.983707041E-04  -2.571184E-01   3.367331856E-04
    30     872.067458   2.280059E-01   4.519412E+14    3.53280E+34   6.314570311E-04  -2.569389E-01   5.338531191E-04
    31    1016.645997   2.279377E-01   4.517933E+14    3.52203E+34   1.000271141E-03  -2.566952E-01   8.458699910E-04
    32    1184.872527   2.278448E-01   4.515922E+14    3.50743E+34   1.583097731E-03  -2.563647E-01   1.339183231E-03
    33    1380.426999   2.277186E-01   4.513188E+14    3.48768E+34   2.502511596E-03  -2.559170E-01   2.117906506E-03
    34    1607.451639   2.275471E-01   4.509475E+14    3.46100E+34   3.949447218E-03  -2.553117E-01   3.344532975E-03
    35    1870.542202   2.273143E-01   4.504433E+14    3.42507E+34   6.219221413E-03  -2.544952E-01   5.271057097E-03
    36    2174.690784   2.269985E-01   4.497594E+14    3.37686E+34   9.764153526E-03  -2.533974E-01   8.284845678E-03
    37    2525.148371   2.265705E-01   4.488330E+14    3.31252E+34   1.526770490E-02  -2.519279E-01   1.297412907E-02
    38    2927.160344   2.259917E-01   4.475800E+14    3.22725E+34   2.374321496E-02  -2.499725E-01   2.021702382E-02
    39    3385.509567   2.252358E-01   4.459443E+14    3.11531E+34   3.665372731E-02  -2.473918E-01   3.129333795E-02
    40    3903.723001   2.242908E-01   4.439000E+14    2.97018E+34   5.603507005E-02  -2.440234E-01   4.800707092E-02
    41    4482.894058   2.230236E-01   4.411600E+14    2.78525E+34   8.455226166E-02  -2.396931E-01   7.276477155E-02
    42    5120.338401   2.193096E-01   4.331374E+14    2.55555E+34   1.252922202E-01  -2.342383E-01   1.084475758E-01
    43    5813.992323   2.131136E-01   4.197833E+14    2.28084E+34   1.812056647E-01  -2.275044E-01   1.580216831E-01
    44    6554.238882   2.051547E-01   4.026875E+14    1.96556E+34   2.548034013E-01  -2.194469E-01   2.242549404E-01
    45    7321.301809   1.954998E-01   3.820335E+14    1.62276E+34   3.463935806E-01  -2.102106E-01   3.081366002E-01
    46    8087.008682   1.841490E-01   3.578871E+14    1.27370E+34   4.527101840E-01  -2.001700E-01   4.074417385E-01
    47    8817.646851   1.712702E-01   3.306787E+14    9.44361E+33   5.663605437E-01  -1.899189E-01   5.158507883E-01
    48    9479.089619   1.571919E-01   3.011853E+14    6.58788E+33   6.770651078E-01  -1.801715E-01   6.237032005E-01
    49   10043.801190   1.422995E-01   2.703034E+14    4.32172E+33   7.746506508E-01  -1.715850E-01   7.206942095E-01
    50   10497.242035   1.288263E-01   2.426716E+14    2.68123E+33   8.520875930E-01  -1.645815E-01   7.990782133E-01
    51   10835.843638   1.082298E-01   2.010640E+14    1.62505E+33   9.058762188E-01  -1.593325E-01   8.544822573E-01
    52   11098.592567   9.459404E-02   1.739892E+14    9.37612E+32   9.432289046E-01  -1.552827E-01   8.935647648E-01
    53   11282.340193   7.104804E-02   1.200623E+14    5.33924E+32   9.663128042E-01  -1.524755E-01   9.182155107E-01
    54   11439.119712   5.149011E-02   8.687394E+13    3.13636E+32   9.794806172E-01  -1.501126E-01   9.333381470E-01
    55   11570.233962   3.662094E-02   6.171511E+13    1.83572E+32   9.875956029E-01  -1.481693E-01   9.426684950E-01
    56   11681.026448   2.586895E-02   4.355102E+13    1.07228E+32   9.925453595E-01  -1.465546E-01   9.483617659E-01
    57   11774.740449   1.821201E-02   3.063068E+13    6.24472E+31   9.955490933E-01  -1.452102E-01   9.518174075E-01
    58   11853.782066   1.277317E-02   2.146485E+13    3.63292E+31   9.973535521E-01  -1.440925E-01   9.538934833E-01
    59   11920.432044   8.951260E-03   1.502932E+13    2.11028E+31   9.984326205E-01  -1.431619E-01   9.551350577E-01
    60   11976.457960   6.196148E-03   1.040080E+13    1.22918E+31   9.990707194E-01  -1.423881E-01   9.558691613E-01
    61   12024.137376   4.179581E-03   7.012286E+12    7.20612E+30   9.994458738E-01  -1.417359E-01   9.563006364E-01
    62   12065.986390   2.599014E-03   4.358274E+12    4.31318E+30   9.996626885E-01  -1.411682E-01   9.565499937E-01
    63   12106.615500   1.579799E-03   2.647876E+12    2.62437E+30   9.997911160E-01  -1.406212E-01   9.566976924E-01
    64   12147.623199   8.540222E-04   1.430088E+12    1.65757E+30   9.998656905E-01  -1.400734E-01   9.567834708E-01
    65   12195.948266   4.854847E-04   8.122932E+11    1.04126E+30   9.999139760E-01  -1.394334E-01   9.568390371E-01
    66   12249.880863   2.194528E-04   3.666858E+11    6.51033E+29   9.999450920E-01  -1.387259E-01   9.568748400E-01
    67   12325.306534   1.411299E-04   2.356698E+11    3.90812E+29   9.999663139E-01  -1.377485E-01   9.568992720E-01
    68   12396.774282   9.308336E-05   1.553464E+11    2.31760E+29   9.999796268E-01  -1.368351E-01   9.569145937E-01
    69   12461.948767   6.043863E-05   1.007405E+11    1.38124E+29   9.999876545E-01  -1.360126E-01   9.569238326E-01
    70   12522.585009   4.010670E-05   6.683139E+10    8.19685E+28   9.999925760E-01  -1.352563E-01   9.569294968E-01
    71   12577.447445   2.609542E-05   4.344868E+10    4.83702E+28   9.999955804E-01  -1.345793E-01   9.569329534E-01
    72   12627.756833   1.743965E-05   2.903081E+10    2.85363E+28   9.999973865E-01  -1.339644E-01   9.569350312E-01
    73   12672.595205   1.141956E-05   1.899817E+10    1.68983E+28   9.999984639E-01  -1.334212E-01   9.569362705E-01
    74   12713.506061   7.405544E-06   1.231865E+10    1.00299E+28   9.999991091E-01  -1.329293E-01   9.569370127E-01
    75   12751.237430   4.972582E-06   8.267757E+09    5.89132E+27   9.999995031E-01  -1.324789E-01   9.569374657E-01
    76   12784.488830   3.314295E-06   5.508884E+09    3.46242E+27   9.999997372E-01  -1.320846E-01   9.569377349E-01
    77   12813.997287   2.203691E-06   3.661321E+09    2.04231E+27   9.999998756E-01  -1.317366E-01   9.569378940E-01
    78   12840.327379   1.479987E-06   2.458589E+09    1.19867E+27   9.999999585E-01  -1.314276E-01   9.569379894E-01
    79   12863.451627   9.943936E-07   1.651404E+09    7.03294E+26   1.000000008E+00  -1.311574E-01   9.569380458E-01
    80   12883.736145   6.314960E-07   1.048481E+09    4.14752E+26   1.000000036E+00  -1.309214E-01   9.569380790E-01
    81   12902.646396   4.247773E-07   7.051708E+08    2.43172E+26   1.000000054E+00  -1.307021E-01   9.569380988E-01
    82   12919.188002   2.858237E-07   4.744644E+08    1.42540E+26   1.000000064E+00  -1.305109E-01   9.569381105E-01
    83   12933.642162   1.915460E-07   3.180053E+08    8.35633E+25   1.000000070E+00  -1.303442E-01   9.569381174E-01
    84   12946.317923   1.270356E-07   2.108343E+08    4.95479E+25   1.000000073E+00  -1.301985E-01   9.569381214E-01
    85   12957.680252   8.574954E-08   1.423046E+08    2.89984E+25   1.000000076E+00  -1.300681E-01   9.569381238E-01
    86   12967.552793   5.803440E-08   9.629189E+07    1.69580E+25   1.000000077E+00  -1.299550E-01   9.569381253E-01
    87   12976.100161   3.930115E-08   6.519546E+07    9.91220E+24   1.000000077E+00  -1.298572E-01   9.569381261E-01
    88   12983.490579   2.672127E-08   4.433356E+07    5.78429E+24   1.000000078E+00  -1.297728E-01   9.569381266E-01
    89   12989.841134   1.819613E-08   3.019203E+07    3.37466E+24   1.000000078E+00  -1.297004E-01   9.569381269E-01
    90   12995.287768   1.244307E-08   2.064408E+07    1.96516E+24   1.000000078E+00  -1.296383E-01   9.569381270E-01
    91   12999.930988   8.535099E-09   1.415884E+07    1.14393E+24   1.000000078E+00  -1.295855E-01   9.569381271E-01
    92   13003.875119   5.873637E-09   9.742538E+06    6.64565E+23   1.000000078E+00  -1.295406E-01   9.569381272E-01
    93   13007.207498   3.946696E-09   6.546027E+06    3.87350E+23   1.000000078E+00  -1.295027E-01   9.569381272E-01
    94   13010.100008   2.745427E-09   4.553411E+06    2.24134E+23   1.000000078E+00  -1.294699E-01   9.569381272E-01
    95   13012.507398   1.909759E-09   3.167294E+06    1.29688E+23   1.000000078E+00  -1.294425E-01   9.569381273E-01
    96   13014.510838   1.335963E-09   2.215687E+06    7.50090E+22   1.000000079E+00  -1.294198E-01   9.569381273E-01
    97   13016.167848   9.385934E-10   1.556753E+06    4.32413E+22   1.000000079E+00  -1.294010E-01   9.569381273E-01
    98   13017.527818   6.594110E-10   1.093771E+06    2.49274E+22   1.000000079E+00  -1.293856E-01   9.569381273E-01
    99   13018.643928   4.669028E-10   7.744163E+05    1.43346E+22   1.000000079E+00  -1.293729E-01   9.569381273E-01
   100   13019.550613   3.309145E-10   5.488254E+05    8.23719E+21   1.000000079E+00  -1.293626E-01   9.569381273E-01
   101   13020.285906   2.348974E-10   3.895512E+05    4.73244E+21   1.000000079E+00  -1.293543E-01   9.569381273E-01
   102   13020.881149   1.676671E-10   2.780302E+05    2.71233E+21   1.000000079E+00  -1.293475E-01   9.569381273E-01
   103   13021.359195   1.196784E-10   1.984348E+05    1.55452E+21   1.000000079E+00  -1.293421E-01   9.569381273E-01
   104   13021.743110   8.570028E-11   1.420946E+05    8.90597E+20   1.000000079E+00  -1.293378E-01   9.569381273E-01
   105   13022.050288   6.154683E-11   1.020556E+05    5.09239E+20   1.000000079E+00  -1.293343E-01   9.569381273E-01
   106   13022.294855   4.420060E-11   7.329850E+04    2.91180E+20   1.000000079E+00  -1.293315E-01   9.569381273E-01
   107   13022.489568   3.187223E-11   5.285623E+04    1.66344E+20   1.000000079E+00  -1.293293E-01   9.569381273E-01
   108   13022.643830   2.301748E-11   3.817239E+04    9.49200E+19   1.000000079E+00  -1.293275E-01   9.569381273E-01
   109   13022.765719   1.662274E-11   2.756780E+04    5.41635E+19   1.000000079E+00  -1.293262E-01   9.569381273E-01
   110   13022.862030   1.207662E-11   2.002845E+04    3.08493E+19   1.000000079E+00  -1.293251E-01   9.569381273E-01
   111   13022.937534   8.781672E-12   1.456400E+04    1.75585E+19   1.000000079E+00  -1.293242E-01   9.569381273E-01
   112   13022.996634   6.385707E-12   1.059043E+04    9.99373E+18   1.000000079E+00  -1.293235E-01   9.569381273E-01
   113   13023.042894   4.653672E-12   7.718557E+03    5.68350E+18   1.000000079E+00  -1.293230E-01   9.569381273E-01
   114   13023.078990   3.391719E-12   5.625971E+03    3.23202E+18   1.000000079E+00  -1.293226E-01   9.569381273E-01
   115   13023.107153   2.471974E-12   4.100707E+03    1.83794E+18   1.000000079E+00  -1.293223E-01   9.569381273E-01
   116   13023.129125   1.801639E-12   2.988959E+03    1.04517E+18   1.000000079E+00  -1.293220E-01   9.569381273E-01
   117   13023.146267   1.313082E-12   2.178618E+03    5.94356E+17   1.000000079E+00  -1.293219E-01   9.569381273E-01
   118   13023.159641   9.570080E-13   1.587970E+03    3.37990E+17   1.000000079E+00  -1.293217E-01   9.569381273E-01
   119   13023.170075   6.974922E-13   1.157453E+03    1.92203E+17   1.000000079E+00  -1.293216E-01   9.569381273E-01
   120   13023.178216   5.261215E-13   8.739117E+02    1.07887E+17   1.000000079E+00  -1.293215E-01   9.569381273E-01
   121   13023.184268   3.970988E-13   6.602460E+02    6.05295E+16   1.000000079E+00  -1.293214E-01   9.569381273E-01
   122   13023.188762   2.997168E-13   4.988201E+02    3.39597E+16   1.000000079E+00  -1.293214E-01   9.569381273E-01
   123   13023.192099   2.262161E-13   3.768619E+02    1.90529E+16   1.000000079E+00  -1.293213E-01   9.569381273E-01
   124   13023.194578   1.707403E-13   2.847216E+02    1.06895E+16   1.000000079E+00  -1.293213E-01   9.569381273E-01
   125   13023.196418   1.288690E-13   2.151090E+02    5.99731E+15   1.000000079E+00  -1.293213E-01   9.569381273E-01
   126   13023.197785   9.965177E-14   1.661716E+02    3.33764E+15   1.000000079E+00  -1.293213E-01   9.569381273E-01
   127   13023.198770   7.714842E-14   1.285030E+02    1.85596E+15   1.000000079E+00  -1.293213E-01   9.569381273E-01
   128   13023.199478   5.972678E-14   9.937325E+01    1.03204E+15   1.000000079E+00  -1.293212E-01   9.569381273E-01
   129   13023.199987   4.623928E-14   7.684680E+01    5.73885E+14   1.000000079E+00  -1.293212E-01   9.569381273E-01
   130   13023.200353   3.579754E-14   5.942676E+01    3.19119E+14   1.000000079E+00  -1.293212E-01   9.569381273E-01
   131   13023.200616   2.771374E-14   4.595559E+01    1.77452E+14   1.000000079E+00  -1.293212E-01   9.569381273E-01
   132   13023.200806   2.177471E-14   3.609709E+01    9.81232E+13   1.000000079E+00  -1.293212E-01   9.569381273E-01
   133   13023.200939   1.712563E-14   2.838386E+01    5.42125E+13   1.000000079E+00  -1.293212E-01   9.569381273E-01
   134   13023.201033   1.346916E-14   2.231880E+01    2.99521E+13   1.000000079E+00  -1.293212E-01   9.569381273E-01
   135   13023.201098   1.059339E-14   1.754972E+01    1.65484E+13   1.000000079E+00  -1.293212E-01   9.569381273E-01
   136   13023.201145   9.280046E-15   1.537809E+01    8.88300E+12   1.000000079E+00  -1.293212E-01   9.569381273E-01
   137   13023.201173   8.457132E-15   1.402107E+01    4.62246E+12   1.000000079E+00  -1.293212E-01   9.569381273E-01
   138   13023.201189   7.707191E-15   1.278381E+01    2.40540E+12   1.000000079E+00  -1.293212E-01   9.569381273E-01
   139   13023.201198   7.023751E-15   1.165572E+01    1.25170E+12   1.000000079E+00  -1.293212E-01   9.569381273E-01
   140   13023.201204   6.400746E-15   1.062271E+01    6.51461E+11   1.000000079E+00  -1.293212E-01   9.569381273E-01
   141   13023.201207   5.832999E-15   9.681030E+00    3.39066E+11   1.000000079E+00  -1.293212E-01   9.569381273E-01
   142   13023.201208   5.315612E-15   8.822832E+00    1.76473E+11   1.000000079E+00  -1.293212E-01   9.569381273E-01
   143   13023.201209   4.903599E-15   8.139331E+00    9.16797E+10   1.000000079E+00  -1.293212E-01   9.569381273E-01
   144   13023.201210   4.858283E-15   8.063801E+00    4.60292E+10   1.000000079E+00  -1.293212E-01   9.569381273E-01
   145   13023.201210   4.813386E-15   7.988973E+00    2.31097E+10   1.000000079E+00  -1.293212E-01   9.569381273E-01
   146   13023.201210   4.768904E-15   7.914839E+00    1.16026E+10   1.000000079E+00  -1.293212E-01   9.569381273E-01
   147   13023.201210   4.752785E-15   7.890384E+00    5.81280E+09   1.000000079E+00  -1.293212E-01   9.569381273E-01
   148   13023.201210   4.743756E-15   7.878348E+00    2.90836E+09   1.000000079E+00  -1.293212E-01   9.569381273E-01
   149   13023.201210   4.734745E-15   7.866330E+00    1.45517E+09   1.000000079E+00  -1.293212E-01   9.569381273E-01
   150   13023.201210   4.725725E-15   7.851445E+00    7.28120E+08   1.000000079E+00  -1.293212E-01   9.569381273E-01
