       6     151      50      66

     EOS file :  /Users/jkopp/cernbox/ns-muons/packages/nscool/EOS/BSk22_test

  step        radius       baryon#       density        pressure       encl. mass            phi     encl. bar. mass 
                (m)        (#/fm3)       (g/cm3)        (dyn/cm2)      (sol. mass)                     (sol. mass)   

     0       0.000000   3.655216E-01   6.526146E+14    6.81524E+34   0.000000000E+00  -3.591954E-01   0.000000000E+00
     1      10.000000   3.655214E-01   6.526142E+14    6.81523E+34   1.374390992E-09  -3.591953E-01   1.289180064E-09
     2      11.666665   3.655214E-01   6.526141E+14    6.81522E+34   2.182481086E-09  -3.591952E-01   2.047169445E-09
     3      13.611107   3.655213E-01   6.526139E+14    6.81522E+34   3.465697210E-09  -3.591952E-01   3.250827686E-09
     4      15.879622   3.655212E-01   6.526137E+14    6.81521E+34   5.503394693E-09  -3.591951E-01   5.162190620E-09
     5      18.526221   3.655210E-01   6.526134E+14    6.81520E+34   8.739178081E-09  -3.591949E-01   8.197360334E-09
     6      21.613917   3.655208E-01   6.526130E+14    6.81519E+34   1.387747200E-08  -3.591948E-01   1.301708914E-08
     7      25.216225   3.655206E-01   6.526124E+14    6.81518E+34   2.203687028E-08  -3.591945E-01   2.067062206E-08
     8      29.418910   3.655202E-01   6.526117E+14    6.81516E+34   3.499364463E-08  -3.591942E-01   3.282411015E-08
     9      34.322033   3.655197E-01   6.526106E+14    6.81513E+34   5.556841887E-08  -3.591938E-01   5.212331544E-08
    10      40.042326   3.655190E-01   6.526092E+14    6.81509E+34   8.824017452E-08  -3.591932E-01   8.276955777E-08
    11      46.715975   3.655180E-01   6.526073E+14    6.81504E+34   1.401212287E-07  -3.591924E-01   1.314342646E-07
    12      54.501855   3.655167E-01   6.526047E+14    6.81497E+34   2.225053757E-07  -3.591913E-01   2.087111718E-07
    13      63.585314   3.655149E-01   6.526012E+14    6.81487E+34   3.533260901E-07  -3.591898E-01   3.314222121E-07
    14      74.182576   3.655125E-01   6.525964E+14    6.81474E+34   5.610596552E-07  -3.591878E-01   5.262788522E-07
    15      86.545876   3.655092E-01   6.525898E+14    6.81456E+34   8.909223066E-07  -3.591851E-01   8.356954490E-07
    16     100.969455   3.655047E-01   6.525809E+14    6.81432E+34   1.414709165E-06  -3.591814E-01   1.327019107E-06
    17     117.796532   3.654986E-01   6.525687E+14    6.81398E+34   2.246413988E-06  -3.591763E-01   2.107183030E-06
    18     137.427436   3.654903E-01   6.525522E+14    6.81353E+34   3.567023877E-06  -3.591694E-01   3.345968320E-06
    19     160.329070   3.654790E-01   6.525297E+14    6.81292E+34   5.663873164E-06  -3.591601E-01   5.312927353E-06
    20     187.045916   3.654636E-01   6.524991E+14    6.81208E+34   8.993094472E-06  -3.591473E-01   8.435983204E-06
    21     218.212826   3.654427E-01   6.524574E+14    6.81094E+34   1.427869912E-05  -3.591299E-01   1.339441099E-05
    22     254.569866   3.654142E-01   6.524007E+14    6.80940E+34   2.266971968E-05  -3.591063E-01   2.126633235E-05
    23     296.979498   3.653754E-01   6.523235E+14    6.80729E+34   3.598932884E-05  -3.590742E-01   3.376259357E-05
    24     346.446426   3.653226E-01   6.522185E+14    6.80442E+34   5.712952912E-05  -3.590304E-01   5.359742593E-05
    25     404.140419   3.652508E-01   6.520756E+14    6.80052E+34   9.067595995E-05  -3.589709E-01   8.507546677E-05
    26     471.422425   3.651532E-01   6.518812E+14    6.79522E+34   1.438958726E-04  -3.588899E-01   1.350205319E-04
    27     549.874218   3.650203E-01   6.516168E+14    6.78802E+34   2.282979584E-04  -3.587798E-01   2.142431529E-04
    28     641.331698   3.648397E-01   6.512572E+14    6.77823E+34   3.620898454E-04  -3.586301E-01   3.398552103E-04
    29     747.921701   3.645941E-01   6.507684E+14    6.76493E+34   5.740387146E-04  -3.584267E-01   5.389115877E-04
    30     872.101727   3.642603E-01   6.501043E+14    6.74689E+34   9.095121996E-04  -3.581504E-01   8.541202110E-04
    31    1016.701253   3.638071E-01   6.492026E+14    6.72244E+34   1.439879531E-03  -3.577755E-01   1.352753533E-03
    32    1184.962051   3.631921E-01   6.479793E+14    6.68936E+34   2.277032273E-03  -3.572671E-01   2.140467008E-03
    33    1380.572945   3.623586E-01   6.463215E+14    6.64469E+34   3.595578845E-03  -3.565790E-01   3.382535586E-03
    34    1607.691458   3.612306E-01   6.440786E+14    6.58456E+34   5.666272825E-03  -3.556493E-01   5.336084377E-03
    35    1870.940207   3.597111E-01   6.410688E+14    6.50391E+34   8.905364315E-03  -3.543965E-01   8.398164420E-03
    36    2175.352152   3.576646E-01   6.370171E+14    6.39631E+34   1.394506316E-02  -3.527143E-01   1.317549825E-02
    37    2526.261910   3.549184E-01   6.315841E+14    6.25377E+34   2.173005201E-02  -3.504665E-01   2.058231065E-02
    38    2929.069453   3.512610E-01   6.243779E+14    6.06672E+34   3.364047398E-02  -3.474822E-01   3.196947885E-02
    39    3388.821207   3.464158E-01   6.148574E+14    5.82435E+34   5.162856867E-02  -3.435547E-01   4.927813158E-02
    40    3909.613376   3.400614E-01   6.024278E+14    5.51551E+34   7.833563432E-02  -3.384454E-01   7.519241466E-02
    41    4493.656595   3.318291E-01   5.864171E+14    5.13051E+34   1.171064574E-01  -3.319001E-01   1.132191391E-01
    42    5140.055813   3.213345E-01   5.661562E+14    4.66406E+34   1.717720614E-01  -3.236824E-01   1.675661764E-01
    43    5843.339756   3.082244E-01   5.410713E+14    4.11908E+34   2.460227041E-01  -3.136306E-01   2.426207262E-01
    44    6592.000096   2.922616E-01   5.108600E+14    3.51061E+34   3.422592577E-01  -3.017355E-01   3.418358092E-01
    45    7367.501005   2.734139E-01   4.756356E+14    2.86778E+34   4.600379437E-01  -2.882262E-01   4.660109113E-01
    46    8144.521283   2.519435E-01   4.360628E+14    2.23139E+34   5.946819388E-01  -2.736249E-01   6.114374449E-01
    47    8893.079715   2.284477E-01   3.933931E+14    1.64609E+34   7.370333759E-01  -2.587238E-01   7.689874500E-01
    48    9582.672657   2.037847E-01   3.492509E+14    1.14890E+34   8.751119294E-01  -2.444533E-01   9.253446863E-01
    49   10187.746947   1.789356E-01   3.053783E+14    7.59631E+33   9.974294390E-01  -2.316678E-01   1.066610707E+00
    50   10692.564368   1.548058E-01   2.632827E+14    4.78015E+33   1.096353112E+00  -2.209402E-01   1.182642095E+00
    51   11093.648659   1.320761E-01   2.240168E+14    2.88469E+33   1.169716607E+00  -2.124638E-01   1.269651390E+00
    52   11398.775748   1.111689E-01   1.881717E+14    1.68525E+33   1.220066096E+00  -2.060937E-01   1.329797672E+00
    53   11623.079776   9.241543E-02   1.561951E+14    9.62147E+32   1.252471618E+00  -2.014808E-01   1.368673979E+00
    54   11783.996435   7.189074E-02   1.214934E+14    5.44429E+32   1.272166332E+00  -1.982210E-01   1.392352232E+00
    55   11904.723187   5.187100E-02   8.751975E+13    3.17479E+32   1.283299774E+00  -1.958106E-01   1.405744241E+00
    56   12004.769714   3.678584E-02   6.199382E+13    1.84852E+32   1.290029792E+00  -1.938416E-01   1.413846961E+00
    57   12088.651992   2.592661E-02   4.364837E+13    1.07598E+32   1.294068728E+00  -1.922133E-01   1.418710832E+00
    58   12159.177233   1.822303E-02   3.064926E+13    6.25049E+31   1.296488622E+00  -1.908616E-01   1.421625287E+00
    59   12218.361084   1.276552E-02   2.145197E+13    3.62960E+31   1.297927141E+00  -1.897400E-01   1.423357808E+00
    60   12268.057666   8.937349E-03   1.500595E+13    2.10546E+31   1.298779945E+00  -1.888075E-01   1.424384933E+00
    61   12309.688700   6.182159E-03   1.037731E+13    1.22510E+31   1.299280638E+00  -1.880330E-01   1.424987881E+00
    62   12345.015136   4.167052E-03   6.991236E+12    7.17738E+30   1.299573208E+00  -1.873806E-01   1.425340097E+00
    63   12375.955795   2.588249E-03   4.340205E+12    4.29529E+30   1.299741380E+00  -1.868127E-01   1.425542548E+00
    64   12405.966178   1.570207E-03   2.631776E+12    2.61248E+30   1.299840644E+00  -1.862652E-01   1.425662039E+00
    65   12436.246673   8.485462E-04   1.420900E+12    1.64933E+30   1.299898058E+00  -1.857161E-01   1.425731165E+00
    66   12471.859946   4.823555E-04   8.070550E+11    1.03519E+30   1.299935092E+00  -1.850743E-01   1.425775773E+00
    67   12511.484489   2.180134E-04   3.642808E+11    6.46654E+29   1.299958829E+00  -1.843655E-01   1.425804361E+00
    68   12566.719380   1.401890E-04   2.340991E+11    3.87664E+29   1.299974915E+00  -1.833866E-01   1.425823745E+00
    69   12618.810824   9.236084E-05   1.541378E+11    2.29637E+29   1.299984920E+00  -1.824729E-01   1.425835798E+00
    70   12666.159579   5.993408E-05   9.989878E+10    1.36739E+29   1.299990907E+00  -1.816504E-01   1.425843010E+00
    71   12710.066525   3.976975E-05   6.626968E+10    8.10525E+28   1.299994554E+00  -1.808943E-01   1.425847404E+00
    72   12749.638286   2.581539E-05   4.298114E+10    4.78041E+28   1.299996764E+00  -1.802183E-01   1.425850066E+00
    73   12785.901119   1.726621E-05   2.874120E+10    2.81576E+28   1.299998088E+00  -1.796033E-01   1.425851659E+00
    74   12818.069586   1.129938E-05   1.879780E+10    1.66735E+28   1.299998871E+00  -1.790613E-01   1.425852602E+00
    75   12847.375554   7.330496E-06   1.219389E+10    9.89433E+27   1.299999338E+00  -1.785703E-01   1.425853165E+00
    76   12874.336037   4.920447E-06   8.180819E+09    5.80894E+27   1.299999623E+00  -1.781211E-01   1.425853507E+00
    77   12898.052133   3.275905E-06   5.444990E+09    3.41127E+27   1.299999791E+00  -1.777278E-01   1.425853710E+00
    78   12919.072596   2.178614E-06   3.619645E+09    2.01127E+27   1.299999890E+00  -1.773807E-01   1.425853829E+00
    79   12937.791387   1.462800E-06   2.430015E+09    1.18004E+27   1.299999949E+00  -1.770727E-01   1.425853900E+00
    80   12954.209425   9.826162E-07   1.631804E+09    6.92153E+26   1.299999984E+00  -1.768035E-01   1.425853942E+00
    81   12968.595155   6.239144E-07   1.035890E+09    4.08063E+26   1.300000005E+00  -1.765683E-01   1.425853967E+00
    82   12981.991767   4.196037E-07   6.965789E+08    2.39191E+26   1.300000017E+00  -1.763498E-01   1.425853982E+00
    83   12993.699313   2.823074E-07   4.686305E+08    1.40175E+26   1.300000024E+00  -1.761593E-01   1.425853990E+00
    84   13003.920537   1.888254E-07   3.134816E+08    8.21765E+25   1.300000028E+00  -1.759933E-01   1.425853995E+00
    85   13012.895690   1.253828E-07   2.080907E+08    4.86713E+25   1.300000031E+00  -1.758479E-01   1.425853998E+00
    86   13020.917379   8.462452E-08   1.404373E+08    2.84811E+25   1.300000032E+00  -1.757181E-01   1.425854000E+00
    87   13027.883368   5.727270E-08   9.502734E+07    1.66523E+25   1.300000033E+00  -1.756055E-01   1.425854001E+00
    88   13033.910478   3.878864E-08   6.434557E+07    9.73220E+24   1.300000034E+00  -1.755082E-01   1.425854002E+00
    89   13039.118522   2.637093E-08   4.375253E+07    5.67869E+24   1.300000034E+00  -1.754242E-01   1.425854002E+00
    90   13043.592123   1.796063E-08   2.980118E+07    3.31269E+24   1.300000034E+00  -1.753522E-01   1.425854002E+00
    91   13047.426803   1.228140E-08   2.037578E+07    1.92893E+24   1.300000034E+00  -1.752905E-01   1.425854002E+00
    92   13050.694948   8.425992E-09   1.397778E+07    1.12274E+24   1.300000034E+00  -1.752379E-01   1.425854003E+00
    93   13053.469608   5.798338E-09   9.617598E+06    6.52221E+23   1.300000034E+00  -1.751933E-01   1.425854003E+00
    94   13055.813439   3.899361E-09   6.467507E+06    3.80369E+23   1.300000034E+00  -1.751556E-01   1.425854003E+00
    95   13057.847012   2.712427E-09   4.498673E+06    2.20086E+23   1.300000034E+00  -1.751229E-01   1.425854003E+00
    96   13059.539273   1.886762E-09   3.129149E+06    1.27342E+23   1.300000034E+00  -1.750958E-01   1.425854003E+00
    97   13060.947408   1.320217E-09   2.189578E+06    7.36342E+22   1.300000034E+00  -1.750732E-01   1.425854003E+00
    98   13062.111362   9.275174E-10   1.538385E+06    4.24478E+22   1.300000034E+00  -1.750545E-01   1.425854003E+00
    99   13063.066581   6.516215E-10   1.080853E+06    2.44695E+22   1.300000034E+00  -1.750392E-01   1.425854003E+00
   100   13063.850462   4.614973E-10   7.654489E+05    1.40685E+22   1.300000034E+00  -1.750266E-01   1.425854003E+00
   101   13064.486949   3.270807E-10   5.424658E+05    8.08416E+21   1.300000034E+00  -1.750164E-01   1.425854003E+00
   102   13065.003096   2.322386E-10   3.851406E+05    4.64434E+21   1.300000034E+00  -1.750081E-01   1.425854003E+00
   103   13065.420789   1.657684E-10   2.748808E+05    2.66181E+21   1.300000034E+00  -1.750014E-01   1.425854003E+00
   104   13065.756233   1.183227E-10   1.961862E+05    1.52555E+21   1.300000034E+00  -1.749960E-01   1.425854003E+00
   105   13066.025619   8.475492E-11   1.405276E+05    8.74073E+20   1.300000034E+00  -1.749917E-01   1.425854003E+00
   106   13066.241107   6.086775E-11   1.009298E+05    4.99788E+20   1.300000034E+00  -1.749882E-01   1.425854003E+00
   107   13066.412670   4.371282E-11   7.248980E+04    2.85775E+20   1.300000034E+00  -1.749855E-01   1.425854003E+00
   108   13066.549260   3.152543E-11   5.228115E+04    1.63237E+20   1.300000034E+00  -1.749833E-01   1.425854003E+00
   109   13066.657441   2.276700E-11   3.775702E+04    9.31465E+19   1.300000034E+00  -1.749816E-01   1.425854003E+00
   110   13066.742921   1.644183E-11   2.726779E+04    5.31515E+19   1.300000034E+00  -1.749802E-01   1.425854003E+00
   111   13066.810461   1.194752E-11   1.981434E+04    3.02683E+19   1.300000034E+00  -1.749791E-01   1.425854003E+00
   112   13066.863392   8.687789E-12   1.440830E+04    1.72278E+19   1.300000034E+00  -1.749783E-01   1.425854003E+00
   113   13066.904823   6.317231E-12   1.047686E+04    9.80549E+18   1.300000034E+00  -1.749776E-01   1.425854003E+00
   114   13066.937253   4.604165E-12   7.636467E+03    5.57606E+18   1.300000034E+00  -1.749771E-01   1.425854003E+00
   115   13066.962555   3.355636E-12   5.566135E+03    3.17092E+18   1.300000034E+00  -1.749767E-01   1.425854003E+00
   116   13066.982295   2.445676E-12   4.057093E+03    1.80319E+18   1.300000034E+00  -1.749764E-01   1.425854003E+00
   117   13066.997696   1.782472E-12   2.957168E+03    1.02542E+18   1.300000034E+00  -1.749761E-01   1.425854003E+00
   118   13067.009712   1.299112E-12   2.155446E+03    5.83119E+17   1.300000034E+00  -1.749759E-01   1.425854003E+00
   119   13067.019086   9.468263E-13   1.571079E+03    3.31600E+17   1.300000034E+00  -1.749758E-01   1.425854003E+00
   120   13067.026400   6.904068E-13   1.145712E+03    1.88542E+17   1.300000034E+00  -1.749756E-01   1.425854003E+00
   121   13067.032102   5.210958E-13   8.655928E+02    1.05781E+17   1.300000034E+00  -1.749756E-01   1.425854003E+00
   122   13067.036337   3.933056E-13   6.539610E+02    5.93477E+16   1.300000034E+00  -1.749755E-01   1.425854003E+00
   123   13067.039481   2.968538E-13   4.940717E+02    3.32967E+16   1.300000034E+00  -1.749754E-01   1.425854003E+00
   124   13067.041816   2.240552E-13   3.732744E+02    1.86809E+16   1.300000034E+00  -1.749754E-01   1.425854003E+00
   125   13067.043551   1.691093E-13   2.820112E+02    1.04808E+16   1.300000034E+00  -1.749754E-01   1.425854003E+00
   126   13067.044838   1.276380E-13   2.130613E+02    5.88022E+15   1.300000034E+00  -1.749754E-01   1.425854003E+00
   127   13067.045795   9.877537E-14   1.647039E+02    3.27072E+15   1.300000034E+00  -1.749753E-01   1.425854003E+00
   128   13067.046483   7.646993E-14   1.273679E+02    1.81875E+15   1.300000034E+00  -1.749753E-01   1.425854003E+00
   129   13067.046978   5.920150E-14   9.849550E+01    1.01135E+15   1.300000034E+00  -1.749753E-01   1.425854003E+00
   130   13067.047334   4.583263E-14   7.616802E+01    5.62378E+14   1.300000034E+00  -1.749753E-01   1.425854003E+00
   131   13067.047589   3.548271E-14   5.890185E+01    3.12721E+14   1.300000034E+00  -1.749753E-01   1.425854003E+00
   132   13067.047773   2.747001E-14   4.554967E+01    1.73894E+14   1.300000034E+00  -1.749753E-01   1.425854003E+00
   133   13067.047906   2.159346E-14   3.579636E+01    9.61180E+13   1.300000034E+00  -1.749753E-01   1.425854003E+00
   134   13067.047999   1.698308E-14   2.814739E+01    5.31046E+13   1.300000034E+00  -1.749753E-01   1.425854003E+00
   135   13067.048064   1.335705E-14   2.213286E+01    2.93400E+13   1.300000034E+00  -1.749753E-01   1.425854003E+00
   136   13067.048110   1.050521E-14   1.740351E+01    1.62102E+13   1.300000034E+00  -1.749753E-01   1.425854003E+00
   137   13067.048142   9.247958E-15   1.532518E+01    8.66917E+12   1.300000034E+00  -1.749753E-01   1.425854003E+00
   138   13067.048162   8.427889E-15   1.397284E+01    4.51119E+12   1.300000034E+00  -1.749753E-01   1.425854003E+00
   139   13067.048173   7.680541E-15   1.273983E+01    2.34750E+12   1.300000034E+00  -1.749753E-01   1.425854003E+00
   140   13067.048179   6.999464E-15   1.161563E+01    1.22157E+12   1.300000034E+00  -1.749753E-01   1.425854003E+00
   141   13067.048183   6.378612E-15   1.058600E+01    6.35788E+11   1.300000034E+00  -1.749753E-01   1.425854003E+00
   142   13067.048185   5.812829E-15   9.647574E+00    3.30908E+11   1.300000034E+00  -1.749753E-01   1.425854003E+00
   143   13067.048186   5.297231E-15   8.792342E+00    1.72227E+11   1.300000034E+00  -1.749753E-01   1.425854003E+00
   144   13067.048187   4.901959E-15   8.136598E+00    8.94324E+10   1.300000034E+00  -1.749753E-01   1.425854003E+00
   145   13067.048187   4.856658E-15   8.061094E+00    4.49009E+10   1.300000034E+00  -1.749753E-01   1.425854003E+00
   146   13067.048188   4.811777E-15   7.986291E+00    2.25432E+10   1.300000034E+00  -1.749753E-01   1.425854003E+00
   147   13067.048188   4.767309E-15   7.912182E+00    1.13182E+10   1.300000034E+00  -1.749753E-01   1.425854003E+00
   148   13067.048188   4.752458E-15   7.889948E+00    5.66899E+09   1.300000034E+00  -1.749753E-01   1.425854003E+00
   149   13067.048188   4.743430E-15   7.877913E+00    2.83641E+09   1.300000034E+00  -1.749753E-01   1.425854003E+00
   150   13067.048188   4.734419E-15   7.865896E+00    1.41917E+09   1.300000034E+00  -1.749753E-01   1.425854003E+00
   151   13067.048188   4.725398E-15   7.850791E+00    7.10110E+08   1.300000034E+00  -1.749753E-01   1.425854003E+00
