       6     156      55      71

     EOS file :  /Users/jkopp/cernbox/ns-muons/packages/nscool/EOS/nl3wr_test

  step        radius       baryon#       density        pressure       encl. mass            phi     encl. bar. mass 
                (m)        (#/fm3)       (g/cm3)        (dyn/cm2)      (sol. mass)                     (sol. mass)   

     0       0.000000   6.173572E+00   7.428608E+16    6.78508E+37   0.000000000E+00  -3.156080E+00   0.000000000E+00
     1      10.000000   6.173269E+00   7.427945E+16    6.78441E+37   1.564337730E-07  -3.156030E+00   2.177338647E-08
     2      11.666594   6.173166E+00   7.427719E+16    6.78418E+37   2.484032591E-07  -3.156013E+00   3.457462954E-08
     3      13.610932   6.173025E+00   7.427413E+16    6.78387E+37   3.944386178E-07  -3.155990E+00   5.490183756E-08
     4      15.879287   6.172834E+00   7.426995E+16    6.78345E+37   6.263183857E-07  -3.155959E+00   8.717919578E-08
     5      18.525635   6.172573E+00   7.426427E+16    6.78287E+37   9.944938673E-07  -3.155916E+00   1.384312137E-07
     6      21.612931   6.172219E+00   7.425653E+16    6.78209E+37   1.579054294E-06  -3.155858E+00   2.198105364E-07
     7      25.214601   6.171737E+00   7.424601E+16    6.78102E+37   2.507123150E-06  -3.155779E+00   3.490227956E-07
     8      29.416269   6.171081E+00   7.423169E+16    6.77957E+37   3.980448482E-06  -3.155671E+00   5.541744687E-07
     9      34.317768   6.170188E+00   7.421221E+16    6.77760E+37   6.319140971E-06  -3.155524E+00   8.798772726E-07
    10      40.035474   6.168973E+00   7.418570E+16    6.77492E+37   1.003096805E-05  -3.155325E+00   1.396929059E-06
    11      46.705004   6.167321E+00   7.414966E+16    6.77127E+37   1.592104459E-05  -3.155053E+00   2.217659400E-06
    12      54.484334   6.165074E+00   7.410065E+16    6.76630E+37   2.526527254E-05  -3.154684E+00   3.520238899E-06
    13      63.557380   6.162019E+00   7.403405E+16    6.75956E+37   4.008415267E-05  -3.154182E+00   5.587154509E-06
    14      74.138101   6.157867E+00   7.394358E+16    6.75040E+37   6.357414022E-05  -3.153499E+00   8.866033573E-06
    15      86.475143   6.152228E+00   7.382078E+16    6.73797E+37   1.007852268E-04  -3.152571E+00   1.406564250E-05
    16     100.857063   6.144575E+00   7.365425E+16    6.72112E+37   1.596810975E-04  -3.151310E+00   2.230706826E-05
    17     117.618097   6.134198E+00   7.342875E+16    6.69830E+37   2.527889098E-04  -3.149598E+00   3.536109061E-05
    18     137.144398   6.120149E+00   7.312393E+16    6.66747E+37   3.997476042E-04  -3.147276E+00   5.601936661E-05
    19     159.880537   6.101163E+00   7.271291E+16    6.62592E+37   6.312040164E-04  -3.144131E+00   8.867164738E-05
    20     186.335936   6.075572E+00   7.216053E+16    6.57013E+37   9.946858065E-04  -3.139877E+00   1.401966353E-04
    21     217.090620   6.041193E+00   7.142145E+16    6.49555E+37   1.563280929E-03  -3.134138E+00   2.213228446E-04
    22     252.799360   5.995220E+00   7.043846E+16    6.39648E+37   2.448112014E-03  -3.126416E+00   3.486785545E-04
    23     294.192887   5.934117E+00   6.914142E+16    6.26600E+37   3.815560271E-03  -3.116070E+00   5.478215084E-04
    24     342.074367   5.853551E+00   6.744781E+16    6.09602E+37   5.909673134E-03  -3.102281E+00   8.576017468E-04
    25     397.309048   5.748432E+00   6.526645E+16    5.87777E+37   9.078709019E-03  -3.084029E+00   1.336224720E-03
    26     460.805140   5.613119E+00   6.250598E+16    5.60273E+37   1.380176577E-02  -3.060088E+00   2.069274690E-03
    27     533.485136   5.441897E+00   5.908989E+16    5.26419E+37   2.070666418E-02  -3.029036E+00   3.179631013E-03
    28     616.249556   5.229793E+00   5.497805E+16    4.85954E+37   3.056473330E-02  -2.989325E+00   4.838579302E-03
    29     709.939893   4.973708E+00   5.019167E+16    4.39266E+37   4.424537024E-02  -2.939402E+00   7.276531287E-03
    30     815.313566   4.673672E+00   4.483403E+16    3.87581E+37   6.261924734E-02  -2.877878E+00   1.079095716E-02
    31     933.048555   4.333855E+00   3.909585E+16    3.32970E+37   8.641865541E-02  -2.803753E+00   1.574909425E-02
    32    1063.795245   3.962837E+00   3.323650E+16    2.78104E+37   1.160924998E-01  -2.716604E+00   2.258448650E-02
    33    1208.285217   3.572837E+00   2.754154E+16    2.25780E+37   1.517138957E-01  -2.616715E+00   3.178954210E-02
    34    1367.492982   3.177976E+00   2.226959E+16    1.78384E+37   1.929885597E-01  -2.505076E+00   4.390994009E-02
    35    1542.833930   2.792103E+00   1.760834E+16    1.37484E+37   2.393700893E-01  -2.383260E+00   5.954894960E-02
    36    1736.377347   2.426897E+00   1.365427E+16    1.03697E+37   2.902404249E-01  -2.253214E+00   7.938938663E-02
    37    1951.059101   2.090726E+00   1.041814E+16    7.68226E+36   3.450933570E-01  -2.117019E+00   1.042387802E-01
    38    2190.889694   1.788466E+00   7.854860E+15    5.61057E+36   4.036851557E-01  -1.976699E+00   1.351049069E-01
    39    2460.978556   1.522707E+00   5.899204E+15    4.05127E+36   4.662656642E-01  -1.834137E+00   1.732718081E-01
    40    2766.684062   1.293254E+00   4.436004E+15    2.89982E+36   5.334550606E-01  -1.691360E+00   2.203168160E-01
    41    3113.601324   1.097903E+00   3.354664E+15    2.06148E+36   6.061768524E-01  -1.550262E+00   2.781730374E-01
    42    3506.984573   9.332761E-01   2.561626E+15    1.45714E+36   6.855993039E-01  -1.412590E+00   3.491474281E-01
    43    3950.766585   7.954175E-01   1.982056E+15    1.02444E+36   7.729822017E-01  -1.279984E+00   4.357423413E-01
    44    4446.310447   6.807287E-01   1.558587E+15    7.15991E+35   8.694977365E-01  -1.153986E+00   5.404516863E-01
    45    4990.924974   5.857571E-01   1.248185E+15    4.96766E+35   9.758669046E-01  -1.036060E+00   6.651813171E-01
    46    5576.531941   5.071763E-01   1.019058E+15    3.41348E+35   1.091909008E+00  -9.275608E-01   8.104619899E-01
    47    6188.848569   4.420943E-01   8.479603E+14    2.31535E+35   1.215977050E+00  -8.297053E-01   9.743952582E-01
    48    6807.547870   3.879260E-01   7.180513E+14    1.54382E+35   1.344503197E+00  -7.435035E-01   1.151817921E+00
    49    7407.686380   3.421989E-01   6.168869E+14    1.00728E+35   1.471839500E+00  -6.696820E-01   1.333796948E+00
    50    7962.973757   3.026976E-01   5.352969E+14    6.40245E+34   1.590911504E+00  -6.085401E-01   1.508580610E+00
    51    8450.380765   2.677212E-01   4.669327E+14    3.95121E+34   1.694744123E+00  -5.598020E-01   1.664043265E+00
    52    8854.662710   2.359647E-01   4.074774E+14    2.36549E+34   1.778379191E+00  -5.225501E-01   1.790996396E+00
    53    9171.521161   2.065276E-01   3.541243E+14    1.37708E+34   1.840376266E+00  -4.952592E-01   1.885921948E+00
    54    9407.470488   1.792048E-01   3.057273E+14    7.82672E+33   1.882920965E+00  -4.760049E-01   1.951375084E+00
    55    9575.754280   1.536693E-01   2.612197E+14    4.37406E+33   1.910151897E+00  -4.628342E-01   1.993357913E+00
    56    9692.398177   1.293977E-01   2.193773E+14    2.42096E+33   1.926662439E+00  -4.539875E-01   2.018828279E+00
    57    9772.466013   1.061472E-01   1.795904E+14    1.33890E+33   1.936266845E+00  -4.480541E-01   2.033643345E+00
    58    9828.104210   8.412810E-02   1.422092E+14    7.45533E+32   1.941717561E+00  -4.440012E-01   2.042047493E+00
    59    9868.006923   6.166652E-02   1.041360E+14    4.22525E+32   1.944758480E+00  -4.411317E-01   2.046729211E+00
    60    9899.323782   4.395241E-02   7.411003E+13    2.43443E+32   1.946475986E+00  -4.389026E-01   2.049372987E+00
    61    9924.958011   3.087310E-02   5.200257E+13    1.40964E+32   1.947473841E+00  -4.370936E-01   2.050908565E+00
    62    9946.303869   2.167652E-02   3.647404E+13    8.15696E+31   1.948059585E+00  -4.355983E-01   2.051809648E+00
    63    9964.048744   1.516572E-02   2.549596E+13    4.72193E+31   1.948401997E+00  -4.343630E-01   2.052336281E+00
    64    9978.837386   1.060208E-02   1.780846E+13    2.73341E+31   1.948602009E+00  -4.333390E-01   2.052643847E+00
    65    9991.158699   7.359953E-03   1.235582E+13    1.58286E+31   1.948718609E+00  -4.324895E-01   2.052823136E+00
    66   10001.487804   5.023853E-03   8.430943E+12    9.20623E+30   1.948786146E+00  -4.317801E-01   2.052926938E+00
    67   10010.324539   3.266941E-03   5.479528E+12    5.42324E+30   1.948824929E+00  -4.311751E-01   2.052986540E+00
    68   10018.358652   1.984833E-03   3.327493E+12    3.29277E+30   1.948846871E+00  -4.306266E-01   2.053020256E+00
    69   10026.413115   1.112479E-03   1.863640E+12    2.02047E+30   1.948860030E+00  -4.300782E-01   2.053040477E+00
    70   10035.260398   6.058891E-04   1.013859E+12    1.27218E+30   1.948867802E+00  -4.294775E-01   2.053052425E+00
    71   10045.528627   3.593098E-04   6.010421E+11    7.81366E+29   1.948872926E+00  -4.287826E-01   2.053060303E+00
    72   10056.202993   1.817373E-04   3.035962E+11    5.29483E+29   1.948875569E+00  -4.280627E-01   2.053064367E+00
    73   10070.567206   1.183595E-04   1.976107E+11    3.14557E+29   1.948877839E+00  -4.270980E-01   2.053067859E+00
    74   10083.742668   7.728257E-05   1.289083E+11    1.85713E+29   1.948879210E+00  -4.262171E-01   2.053069967E+00
    75   10095.721379   5.012328E-05   8.353221E+10    1.10320E+29   1.948880018E+00  -4.254196E-01   2.053071209E+00
    76   10106.747765   3.361731E-05   5.600646E+10    6.47636E+28   1.948880509E+00  -4.246883E-01   2.053071964E+00
    77   10116.439173   2.185377E-05   3.638903E+10    3.85638E+28   1.948880793E+00  -4.240478E-01   2.053072401E+00
    78   10125.350426   1.452822E-05   2.417644E+10    2.26561E+28   1.948880967E+00  -4.234606E-01   2.053072668E+00
    79   10133.254591   9.487345E-06   1.577941E+10    1.34377E+28   1.948881067E+00  -4.229412E-01   2.053072823E+00
    80   10140.456856   6.245908E-06   1.039082E+10    7.98926E+27   1.948881127E+00  -4.224690E-01   2.053072915E+00
    81   10146.975500   4.190712E-06   6.967248E+09    4.68746E+27   1.948881164E+00  -4.220427E-01   2.053072971E+00
    82   10152.692286   2.775685E-06   4.612554E+09    2.76042E+27   1.948881185E+00  -4.216696E-01   2.053073003E+00
    83   10157.787454   1.856119E-06   3.083696E+09    1.62317E+27   1.948881198E+00  -4.213376E-01   2.053073023E+00
    84   10162.276711   1.246085E-06   2.069750E+09    9.51754E+26   1.948881205E+00  -4.210456E-01   2.053073034E+00
    85   10166.204604   8.368119E-07   1.390022E+09    5.57938E+26   1.948881210E+00  -4.207904E-01   2.053073041E+00
    86   10169.637830   5.381347E-07   8.934304E+08    3.34400E+26   1.948881212E+00  -4.205676E-01   2.053073045E+00
    87   10172.842945   3.618328E-07   6.006398E+08    1.95923E+26   1.948881214E+00  -4.203599E-01   2.053073047E+00
    88   10175.639259   2.434667E-07   4.041858E+08    1.14760E+26   1.948881215E+00  -4.201788E-01   2.053073049E+00
    89   10178.075616   1.591181E-07   2.640901E+08    6.73467E+25   1.948881215E+00  -4.200212E-01   2.053073050E+00
    90   10180.265670   1.073759E-07   1.782012E+08    3.94006E+25   1.948881215E+00  -4.198796E-01   2.053073050E+00
    91   10182.165912   7.251942E-08   1.203410E+08    2.30481E+25   1.948881216E+00  -4.197568E-01   2.053073050E+00
    92   10183.813021   4.909429E-08   8.145049E+07    1.34686E+25   1.948881216E+00  -4.196505E-01   2.053073050E+00
    93   10185.235918   3.330994E-08   5.526029E+07    7.86835E+24   1.948881216E+00  -4.195586E-01   2.053073051E+00
    94   10186.461743   2.264349E-08   3.757043E+07    4.59038E+24   1.948881216E+00  -4.194796E-01   2.053073051E+00
    95   10187.514052   1.545733E-08   2.564650E+07    2.67567E+24   1.948881216E+00  -4.194117E-01   2.053073051E+00
    96   10188.412934   1.056873E-08   1.753361E+07    1.55782E+24   1.948881216E+00  -4.193538E-01   2.053073051E+00
    97   10189.178667   7.266656E-09   1.205398E+07    9.05432E+23   1.948881216E+00  -4.193044E-01   2.053073051E+00
    98   10189.826216   5.000713E-09   8.294183E+06    5.25996E+23   1.948881216E+00  -4.192627E-01   2.053073051E+00
    99   10190.373047   3.396132E-09   5.632764E+06    3.08852E+23   1.948881216E+00  -4.192275E-01   2.053073051E+00
   100   10190.845931   2.362272E-09   3.917867E+06    1.78693E+23   1.948881216E+00  -4.191970E-01   2.053073051E+00
   101   10191.239350   1.643133E-09   2.725056E+06    1.03386E+23   1.948881216E+00  -4.191717E-01   2.053073051E+00
   102   10191.566647   1.153344E-09   1.912866E+06    5.96366E+22   1.948881216E+00  -4.191506E-01   2.053073051E+00
   103   10191.835636   8.102606E-10   1.343936E+06    3.43773E+22   1.948881216E+00  -4.191333E-01   2.053073051E+00
   104   10192.056354   5.708604E-10   9.468807E+05    1.98100E+22   1.948881216E+00  -4.191191E-01   2.053073051E+00
   105   10192.236892   4.045860E-10   6.710372E+05    1.13832E+22   1.948881216E+00  -4.191074E-01   2.053073051E+00
   106   10192.383286   2.867417E-10   4.755508E+05    6.54095E+21   1.948881216E+00  -4.190980E-01   2.053073051E+00
   107   10192.501992   2.041932E-10   3.386181E+05    3.75534E+21   1.948881216E+00  -4.190904E-01   2.053073051E+00
   108   10192.597709   1.457488E-10   2.416749E+05    2.15226E+21   1.948881216E+00  -4.190842E-01   2.053073051E+00
   109   10192.674573   1.040323E-10   1.724854E+05    1.23351E+21   1.948881216E+00  -4.190793E-01   2.053073051E+00
   110   10192.736298   7.466417E-11   1.238005E+05    7.05657E+20   1.948881216E+00  -4.190753E-01   2.053073051E+00
   111   10192.785497   5.362071E-11   8.891574E+04    4.03487E+20   1.948881216E+00  -4.190721E-01   2.053073051E+00
   112   10192.824666   3.853077E-11   6.389794E+04    2.30691E+20   1.948881216E+00  -4.190696E-01   2.053073051E+00
   113   10192.855829   2.782605E-11   4.614649E+04    1.31637E+20   1.948881216E+00  -4.190676E-01   2.053073051E+00
   114   10192.880452   2.009534E-11   3.332655E+04    7.51148E+19   1.948881216E+00  -4.190660E-01   2.053073051E+00
   115   10192.899907   1.454217E-11   2.411740E+04    4.28515E+19   1.948881216E+00  -4.190648E-01   2.053073051E+00
   116   10192.915245   1.057452E-11   1.753732E+04    2.43897E+19   1.948881216E+00  -4.190638E-01   2.053073051E+00
   117   10192.927249   7.689389E-12   1.275251E+04    1.38818E+19   1.948881216E+00  -4.190630E-01   2.053073051E+00
   118   10192.936646   5.596844E-12   9.282434E+03    7.90016E+18   1.948881216E+00  -4.190624E-01   2.053073051E+00
   119   10192.943992   4.079126E-12   6.765859E+03    4.49255E+18   1.948881216E+00  -4.190619E-01   2.053073051E+00
   120   10192.949724   2.972972E-12   4.931556E+03    2.55476E+18   1.948881216E+00  -4.190616E-01   2.053073051E+00
   121   10192.954196   2.166779E-12   3.594554E+03    1.45281E+18   1.948881216E+00  -4.190613E-01   2.053073051E+00
   122   10192.957685   1.579204E-12   2.620028E+03    8.26162E+17   1.948881216E+00  -4.190611E-01   2.053073051E+00
   123   10192.960407   1.150965E-12   1.909708E+03    4.69810E+17   1.948881216E+00  -4.190609E-01   2.053073051E+00
   124   10192.962530   8.388528E-13   1.391964E+03    2.67165E+17   1.948881216E+00  -4.190607E-01   2.053073051E+00
   125   10192.964187   6.209520E-13   1.030834E+03    1.51641E+17   1.948881216E+00  -4.190606E-01   2.053073051E+00
   126   10192.965457   4.686736E-13   7.788017E+02    8.50775E+16   1.948881216E+00  -4.190606E-01   2.053073051E+00
   127   10192.966400   3.537390E-13   5.883897E+02    4.77323E+16   1.948881216E+00  -4.190605E-01   2.053073051E+00
   128   10192.967100   2.669902E-13   4.445322E+02    2.67799E+16   1.948881216E+00  -4.190604E-01   2.053073051E+00
   129   10192.967620   2.015152E-13   3.358470E+02    1.50247E+16   1.948881216E+00  -4.190604E-01   2.053073051E+00
   130   10192.968006   1.520969E-13   2.537345E+02    8.42954E+15   1.948881216E+00  -4.190604E-01   2.053073051E+00
   131   10192.968293   1.159530E-13   1.934824E+02    4.72394E+15   1.948881216E+00  -4.190604E-01   2.053073051E+00
   132   10192.968504   8.976850E-14   1.496228E+02    2.62683E+15   1.948881216E+00  -4.190604E-01   2.053073051E+00
   133   10192.968655   6.949699E-14   1.157055E+02    1.46070E+15   1.948881216E+00  -4.190603E-01   2.053073051E+00
   134   10192.968764   5.380319E-14   8.947676E+01    8.12249E+14   1.948881216E+00  -4.190603E-01   2.053073051E+00
   135   10192.968843   4.165336E-14   6.919369E+01    4.51666E+14   1.948881216E+00  -4.190603E-01   2.053073051E+00
   136   10192.968899   3.224721E-14   5.350850E+01    2.51157E+14   1.948881216E+00  -4.190603E-01   2.053073051E+00
   137   10192.968940   2.511147E-14   4.163401E+01    1.39552E+14   1.948881216E+00  -4.190603E-01   2.053073051E+00
   138   10192.968969   1.974996E-14   3.273766E+01    7.71016E+13   1.948881216E+00  -4.190603E-01   2.053073051E+00
   139   10192.968989   1.553318E-14   2.574227E+01    4.25982E+13   1.948881216E+00  -4.190603E-01   2.053073051E+00
   140   10192.969003   1.221672E-14   2.024167E+01    2.35353E+13   1.948881216E+00  -4.190603E-01   2.053073051E+00
   141   10192.969013   9.793018E-15   1.622368E+01    1.29698E+13   1.948881216E+00  -4.190603E-01   2.053073051E+00
   142   10192.969020   8.924616E-15   1.479205E+01    6.74913E+12   1.948881216E+00  -4.190603E-01   2.053073051E+00
   143   10192.969024   8.133220E-15   1.348675E+01    3.51206E+12   1.948881216E+00  -4.190603E-01   2.053073051E+00
   144   10192.969026   7.412002E-15   1.229664E+01    1.82758E+12   1.948881216E+00  -4.190603E-01   2.053073051E+00
   145   10192.969028   6.754630E-15   1.120964E+01    9.51044E+11   1.948881216E+00  -4.190603E-01   2.053073051E+00
   146   10192.969028   6.155494E-15   1.021593E+01    4.94989E+11   1.948881216E+00  -4.190603E-01   2.053073051E+00
   147   10192.969029   5.609501E-15   9.310317E+00    2.57627E+11   1.948881216E+00  -4.190603E-01   2.053073051E+00
   148   10192.969029   5.111939E-15   8.484981E+00    1.34087E+11   1.948881216E+00  -4.190603E-01   2.053073051E+00
   149   10192.969029   4.885144E-15   8.108571E+00    6.93015E+10   1.948881216E+00  -4.190603E-01   2.053073051E+00
   150   10192.969029   4.839999E-15   8.033327E+00    3.47939E+10   1.948881216E+00  -4.190603E-01   2.053073051E+00
   151   10192.969029   4.795271E-15   7.958782E+00    1.74688E+10   1.948881216E+00  -4.190603E-01   2.053073051E+00
   152   10192.969029   4.758152E-15   7.897538E+00    8.76819E+09   1.948881216E+00  -4.190603E-01   2.053073051E+00
   153   10192.969029   4.749114E-15   7.885491E+00    4.38706E+09   1.948881216E+00  -4.190603E-01   2.053073051E+00
   154   10192.969029   4.740092E-15   7.873462E+00    2.19502E+09   1.948881216E+00  -4.190603E-01   2.053073051E+00
   155   10192.969029   4.731088E-15   7.861452E+00    1.09825E+09   1.948881216E+00  -4.190603E-01   2.053073051E+00
   156   10192.969029   4.722054E-15   7.844101E+00    5.49643E+08   1.948881216E+00  -4.190603E-01   2.053073051E+00
