         5       363       111       267

EOS                                                                            

  i            rad           emas         rho         pres          nb           kf(e)      kf(mu)       kf(p)       kf(n)      kf(la)      kf(S-)      kf(S0)      kf(S+)         Tc(n)       Tc(p)      Tc(la)    Durca        mstn        mstp  nSF   Acel   Aion   Zion

    0   0.000000E+00   0.000000E+00   1.135E+16   8.445E+36   2.178E+00      1.715E+00   1.630E+00   2.108E+00   3.806E+00   0.000E+00   0.000E+00   0.000E+00   0.000E+00      1.023E+02   1.000E+00   1.000E+00   10000   3.166E-01   3.166E-01  3p2   N/A    N/A    N/A 
    1   2.095278E+03   1.642072E-01   6.941E+15   4.880E+36   1.669E+00      1.576E+00   1.482E+00   1.928E+00   3.483E+00   0.000E+00   0.000E+00   0.000E+00   0.000E+00      1.204E+04   1.000E+00   1.000E+00   10000   3.952E-01   3.952E-01  3p2   N/A    N/A    N/A 
    2   2.639885E+03   2.822591E-01   5.433E+15   3.683E+36   1.453E+00      1.508E+00   1.410E+00   1.840E+00   3.326E+00   0.000E+00   0.000E+00   0.000E+00   0.000E+00      9.018E+04   1.000E+00   1.000E+00   10000   4.378E-01   4.378E-01  3p2   N/A    N/A    N/A 
    3   3.021913E+03   3.777289E-01   4.518E+15   2.964E+36   1.307E+00      1.459E+00   1.357E+00   1.776E+00   3.211E+00   0.000E+00   0.000E+00   0.000E+00   0.000E+00      3.482E+05   1.000E+00   1.000E+00   10000   4.711E-01   4.711E-01  3p2   N/A    N/A    N/A 
    4   3.326046E+03   4.592020E-01   3.903E+15   2.485E+36   1.200E+00      1.420E+00   1.315E+00   1.725E+00   3.121E+00   0.000E+00   0.000E+00   0.000E+00   0.000E+00      9.290E+05   1.000E+00   1.000E+00   10000   4.982E-01   4.982E-01  3p2   N/A    N/A    N/A 
    5   3.582874E+03   5.297368E-01   3.445E+15   2.131E+36   1.115E+00      1.387E+00   1.280E+00   1.683E+00   3.046E+00   0.000E+00   0.000E+00   0.000E+00   0.000E+00      2.013E+06   1.000E+00   1.000E+00   10000   5.215E-01   5.215E-01  3p2   N/A    N/A    N/A 
    6   3.807372E+03   5.922554E-01   3.076E+15   1.848E+36   1.043E+00      1.358E+00   1.248E+00   1.645E+00   2.978E+00   0.000E+00   0.000E+00   0.000E+00   0.000E+00      3.871E+06   1.000E+00   1.000E+00   10000   5.429E-01   5.429E-01  3p2   N/A    N/A    N/A 
    7   4.008122E+03   6.488294E-01   2.802E+15   1.640E+36   9.856E-01      1.334E+00   1.222E+00   1.614E+00   2.923E+00   0.000E+00   0.000E+00   0.000E+00   0.000E+00      6.432E+06   1.000E+00   1.000E+00   10000   5.605E-01   5.605E-01  3p2   N/A    N/A    N/A 
    8   4.190555E+03   7.004038E-01   2.567E+15   1.462E+36   9.344E-01      1.312E+00   1.198E+00   1.585E+00   2.872E+00   0.000E+00   0.000E+00   0.000E+00   0.000E+00      1.009E+07   1.000E+00   1.000E+00   10000   5.771E-01   5.771E-01  3p2   N/A    N/A    N/A 
    9   4.358353E+03   7.478238E-01   2.366E+15   1.310E+36   8.886E-01      1.292E+00   1.175E+00   1.558E+00   2.824E+00   0.000E+00   0.000E+00   0.000E+00   0.000E+00      1.502E+07   1.000E+00   1.000E+00   10000   5.925E-01   5.925E-01  3p2   N/A    N/A    N/A 
   10   4.514139E+03   7.918109E-01   2.213E+15   1.196E+36   8.524E-01      1.275E+00   1.157E+00   1.535E+00   2.786E+00   0.000E+00   0.000E+00   0.000E+00   0.000E+00      2.050E+07   1.000E+00   1.000E+00   10000   6.052E-01   6.052E-01  3p2   N/A    N/A    N/A 
   11   4.659856E+03   8.329552E-01   2.069E+15   1.090E+36   8.174E-01      1.258E+00   1.138E+00   1.513E+00   2.747E+00   0.000E+00   0.000E+00   0.000E+00   0.000E+00      2.761E+07   1.000E+00   1.000E+00   10000   6.177E-01   6.177E-01  3p2   N/A    N/A    N/A 
   12   4.796989E+03   8.716756E-01   1.935E+15   9.897E+35   7.832E-01      1.241E+00   1.120E+00   1.491E+00   2.709E+00   0.000E+00   0.000E+00   0.000E+00   0.000E+00      3.675E+07   1.000E+00   1.000E+00   10000   6.303E-01   6.303E-01  3p2   N/A    N/A    N/A 
   13   4.926699E+03   9.079040E-01   1.839E+15   9.197E+35   7.581E-01      1.228E+00   1.105E+00   1.474E+00   2.680E+00   0.000E+00   0.000E+00   0.000E+00   0.000E+00      4.523E+07   1.000E+00   1.000E+00   10000   6.397E-01   6.397E-01  3p2   N/A    N/A    N/A 
   14   5.049918E+03   9.423046E-01   1.748E+15   8.541E+35   7.339E-01      1.216E+00   1.091E+00   1.457E+00   2.651E+00   0.000E+00   0.000E+00   0.000E+00   0.000E+00      5.512E+07   1.000E+00   1.000E+00   10000   6.490E-01   6.490E-01  3p2   N/A    N/A    N/A 
   15   5.167399E+03   9.751036E-01   1.662E+15   7.916E+35   7.102E-01      1.203E+00   1.077E+00   1.441E+00   2.623E+00   0.000E+00   0.000E+00   0.000E+00   0.000E+00      6.672E+07   1.000E+00   1.000E+00   10000   6.582E-01   6.582E-01  3p2   N/A    N/A    N/A 
   16   5.279769E+03   1.006476E+00   1.580E+15   7.318E+35   6.869E-01      1.190E+00   1.063E+00   1.424E+00   2.594E+00   0.000E+00   0.000E+00   0.000E+00   0.000E+00      8.033E+07   1.000E+00   1.000E+00   10000   6.675E-01   6.675E-01  3p2   N/A    N/A    N/A 
   17   5.387549E+03   1.036291E+00   1.513E+15   6.838E+35   6.675E-01      1.179E+00   1.050E+00   1.409E+00   2.570E+00   0.000E+00   0.000E+00   0.000E+00   0.000E+00      9.361E+07   1.000E+00   1.000E+00   10000   6.754E-01   6.754E-01  3p2   N/A    N/A    N/A 
   18   5.491181E+03   1.064766E+00   1.457E+15   6.443E+35   6.509E-01      1.169E+00   1.040E+00   1.396E+00   2.548E+00   0.000E+00   0.000E+00   0.000E+00   0.000E+00      1.065E+08   1.000E+00   1.000E+00   10000   6.821E-01   6.821E-01  3p2   N/A    N/A    N/A 
   19   5.591042E+03   1.092204E+00   1.403E+15   6.062E+35   6.346E-01      1.160E+00   1.029E+00   1.384E+00   2.527E+00   0.000E+00   0.000E+00   0.000E+00   0.000E+00      1.206E+08   1.000E+00   1.000E+00   10000   6.889E-01   6.889E-01  3p2   N/A    N/A    N/A 
   20   5.687459E+03   1.118696E+00   1.351E+15   5.695E+35   6.185E-01      1.150E+00   1.018E+00   1.371E+00   2.506E+00   0.000E+00   0.000E+00   0.000E+00   0.000E+00      1.362E+08   1.000E+00   1.000E+00   10000   6.956E-01   6.956E-01  3p2   N/A    N/A    N/A 
   21   5.780712E+03   1.144319E+00   1.301E+15   5.339E+35   6.026E-01      1.140E+00   1.007E+00   1.358E+00   2.485E+00   0.000E+00   0.000E+00   0.000E+00   0.000E+00      1.533E+08   1.000E+00   1.000E+00   10000   7.023E-01   7.023E-01  3p2   N/A    N/A    N/A 
   22   5.871051E+03   1.169141E+00   1.252E+15   4.994E+35   5.870E-01      1.130E+00   9.956E-01   1.345E+00   2.463E+00   0.000E+00   0.000E+00   0.000E+00   0.000E+00      1.719E+08   1.000E+00   1.000E+00   10000   7.090E-01   7.090E-01  3p2   N/A    N/A    N/A 
   23   5.958691E+03   1.192850E+00   1.216E+15   4.751E+35   5.753E-01      1.123E+00   9.869E-01   1.335E+00   2.447E+00   0.000E+00   0.000E+00   0.000E+00   0.000E+00      1.872E+08   1.000E+00   1.000E+00   10000   7.141E-01   7.141E-01  3p2   N/A    N/A    N/A 
   24   6.043827E+03   1.215860E+00   1.182E+15   4.521E+35   5.640E-01      1.115E+00   9.785E-01   1.325E+00   2.431E+00   0.000E+00   0.000E+00   0.000E+00   0.000E+00      2.029E+08   1.000E+00   1.000E+00   10000   7.189E-01   7.189E-01  3p2   N/A    N/A    N/A 
   25   6.126629E+03   1.238238E+00   1.149E+15   4.296E+35   5.528E-01      1.108E+00   9.699E-01   1.315E+00   2.416E+00   0.000E+00   0.000E+00   0.000E+00   0.000E+00      2.196E+08   1.000E+00   1.000E+00   10000   7.239E-01   7.239E-01  3p2   N/A    N/A    N/A 
   26   6.207252E+03   1.260028E+00   1.117E+15   4.077E+35   5.418E-01      1.100E+00   9.613E-01   1.305E+00   2.400E+00   0.000E+00   0.000E+00   0.000E+00   0.000E+00      2.371E+08   1.000E+00   1.000E+00   10000   7.287E-01   7.287E-01  3p2   N/A    N/A    N/A 
   27   6.285833E+03   1.281266E+00   1.086E+15   3.864E+35   5.309E-01      1.093E+00   9.525E-01   1.294E+00   2.384E+00   0.000E+00   0.000E+00   0.000E+00   0.000E+00      2.556E+08   1.000E+00   1.000E+00   10000   7.336E-01   7.336E-01  3p2   N/A    N/A    N/A 
   28   6.362497E+03   1.301986E+00   1.055E+15   3.657E+35   5.201E-01      1.085E+00   9.437E-01   1.284E+00   2.368E+00   0.000E+00   0.000E+00   0.000E+00   0.000E+00      2.750E+08   1.000E+00   1.000E+00   10000   7.384E-01   7.384E-01  3p2   N/A    N/A    N/A 
   29   6.437357E+03   1.322218E+00   1.025E+15   3.454E+35   5.093E-01      1.077E+00   9.347E-01   1.274E+00   2.352E+00   0.000E+00   0.000E+00   0.000E+00   0.000E+00      2.954E+08   1.000E+00   1.000E+00   00000   7.432E-01   7.432E-01  3p2   N/A    N/A    N/A 
   30   6.510515E+03   1.341725E+00   1.002E+15   3.305E+35   5.010E-01      1.071E+00   9.277E-01   1.266E+00   2.340E+00   0.000E+00   0.000E+00   0.000E+00   0.000E+00      3.119E+08   1.000E+00   1.000E+00   00000   7.470E-01   7.470E-01  3p2   N/A    N/A    N/A 
   31   6.582065E+03   1.360767E+00   9.806E+14   3.167E+35   4.931E-01      1.065E+00   9.207E-01   1.258E+00   2.328E+00   0.000E+00   0.000E+00   0.000E+00   0.000E+00      3.284E+08   1.000E+00   1.000E+00   00000   7.506E-01   7.506E-01  3p2   N/A    N/A    N/A 
   32   6.652092E+03   1.379404E+00   9.595E+14   3.032E+35   4.853E-01      1.059E+00   9.138E-01   1.250E+00   2.316E+00   0.000E+00   0.000E+00   0.000E+00   0.000E+00      3.452E+08   1.000E+00   1.000E+00   00000   7.541E-01   7.541E-01  3p2   N/A    N/A    N/A 
   33   6.720675E+03   1.397656E+00   9.389E+14   2.899E+35   4.775E-01      1.053E+00   9.067E-01   1.241E+00   2.304E+00   0.000E+00   0.000E+00   0.000E+00   0.000E+00      3.626E+08   1.000E+00   1.000E+00   00000   7.577E-01   7.577E-01  3p2   N/A    N/A    N/A 
   34   6.787886E+03   1.415543E+00   9.187E+14   2.770E+35   4.698E-01      1.047E+00   8.996E-01   1.233E+00   2.292E+00   0.000E+00   0.000E+00   0.000E+00   0.000E+00      3.803E+08   1.000E+00   1.000E+00   00000   7.613E-01   7.613E-01  3p2   N/A    N/A    N/A 
   35   6.853793E+03   1.433083E+00   8.989E+14   2.642E+35   4.621E-01      1.041E+00   8.923E-01   1.225E+00   2.280E+00   0.000E+00   0.000E+00   0.000E+00   0.000E+00      3.985E+08   1.000E+00   1.000E+00   00000   7.648E-01   7.648E-01  3p2   N/A    N/A    N/A 
   36   6.918455E+03   1.450292E+00   8.794E+14   2.517E+35   4.546E-01      1.034E+00   8.850E-01   1.216E+00   2.268E+00   0.000E+00   0.000E+00   0.000E+00   0.000E+00      4.171E+08   1.000E+00   1.000E+00   00000   7.683E-01   7.683E-01  3p2   N/A    N/A    N/A 
   37   6.981930E+03   1.467186E+00   8.603E+14   2.395E+35   4.471E-01      1.028E+00   8.776E-01   1.208E+00   2.255E+00   0.000E+00   0.000E+00   0.000E+00   0.000E+00      4.361E+08   1.000E+00   1.000E+00   00000   7.718E-01   7.718E-01  3p2   N/A    N/A    N/A 
   38   7.044272E+03   1.483696E+00   8.429E+14   2.286E+35   4.401E-01      1.022E+00   8.706E-01   1.200E+00   2.244E+00   0.000E+00   0.000E+00   0.000E+00   0.000E+00      4.542E+08   1.000E+00   1.000E+00   00000   7.751E-01   7.751E-01  3p2   N/A    N/A    N/A 
   39   7.105530E+03   1.499761E+00   8.286E+14   2.200E+35   4.343E-01      1.017E+00   8.647E-01   1.193E+00   2.235E+00   0.000E+00   0.000E+00   0.000E+00   0.000E+00      4.694E+08   1.000E+00   1.000E+00   00000   7.778E-01   7.778E-01  3p2   N/A    N/A    N/A 
   40   7.165749E+03   1.515554E+00   8.145E+14   2.117E+35   4.286E-01      1.012E+00   8.587E-01   1.186E+00   2.225E+00   0.000E+00   0.000E+00   0.000E+00   0.000E+00      4.849E+08   1.000E+00   1.000E+00   00000   7.805E-01   7.805E-01  3p2   N/A    N/A    N/A 
   41   7.224973E+03   1.531085E+00   8.006E+14   2.034E+35   4.229E-01      1.007E+00   8.525E-01   1.179E+00   2.216E+00   0.000E+00   0.000E+00   0.000E+00   0.000E+00      5.006E+08   1.000E+00   1.000E+00   00000   7.832E-01   7.832E-01  3p2   N/A    N/A    N/A 
   42   7.283241E+03   1.546366E+00   7.869E+14   1.953E+35   4.173E-01      1.002E+00   8.465E-01   1.172E+00   2.207E+00   0.000E+00   0.000E+00   0.000E+00   0.000E+00      5.163E+08   1.000E+00   1.000E+00   00000   7.859E-01   7.859E-01  3p2   N/A    N/A    N/A 
   43   7.340592E+03   1.561406E+00   7.735E+14   1.873E+35   4.116E-01      9.963E-01   8.402E-01   1.165E+00   2.197E+00   0.000E+00   0.000E+00   0.000E+00   0.000E+00      5.323E+08   1.000E+00   1.000E+00   00000   7.886E-01   7.886E-01  3p2   N/A    N/A    N/A 
   44   7.397061E+03   1.576215E+00   7.602E+14   1.795E+35   4.060E-01      9.910E-01   8.339E-01   1.158E+00   2.188E+00   0.000E+00   0.000E+00   0.000E+00   0.000E+00      5.483E+08   1.000E+00   1.000E+00   00000   7.912E-01   7.912E-01  3p2   N/A    N/A    N/A 
   45   7.452679E+03   1.590801E+00   7.472E+14   1.718E+35   4.005E-01      9.857E-01   8.276E-01   1.151E+00   2.178E+00   0.000E+00   0.000E+00   0.000E+00   0.000E+00      5.643E+08   1.000E+00   1.000E+00   00000   7.939E-01   7.939E-01  3p2   N/A    N/A    N/A 
   46   7.507481E+03   1.605172E+00   7.344E+14   1.641E+35   3.950E-01      9.802E-01   8.210E-01   1.143E+00   2.169E+00   0.000E+00   0.000E+00   0.000E+00   0.000E+00      5.806E+08   1.000E+00   1.000E+00   00000   7.965E-01   7.965E-01  3p2   N/A    N/A    N/A 
   47   7.561493E+03   1.619337E+00   7.217E+14   1.566E+35   3.895E-01      9.747E-01   8.144E-01   1.136E+00   2.159E+00   0.000E+00   0.000E+00   0.000E+00   0.000E+00      5.968E+08   1.000E+00   1.000E+00   00000   7.992E-01   7.992E-01  3p2   N/A    N/A    N/A 
   48   7.614745E+03   1.633193E+00   7.102E+14   1.501E+35   3.845E-01      9.696E-01   8.083E-01   1.129E+00   2.150E+00   0.000E+00   0.000E+00   0.000E+00   0.000E+00      6.118E+08   1.000E+00   1.000E+00   00000   8.016E-01   8.016E-01  3p2   N/A    N/A    N/A 
   49   7.667262E+03   1.646729E+00   7.000E+14   1.448E+35   3.800E-01      9.649E-01   8.026E-01   1.123E+00   2.143E+00   0.000E+00   0.000E+00   0.000E+00   0.000E+00      6.253E+08   1.000E+00   1.000E+00   00000   8.038E-01   8.038E-01  3p2   N/A    N/A    N/A 
   50   7.719069E+03   1.660082E+00   6.900E+14   1.395E+35   3.756E-01      9.602E-01   7.970E-01   1.116E+00   2.135E+00   0.000E+00   0.000E+00   0.000E+00   0.000E+00      6.388E+08   1.000E+00   1.000E+00   00000   8.059E-01   8.059E-01  3p2   N/A    N/A    N/A 
   51   7.770191E+03   1.673258E+00   6.801E+14   1.343E+35   3.712E-01      9.555E-01   7.914E-01   1.110E+00   2.127E+00   0.000E+00   0.000E+00   0.000E+00   0.000E+00      6.521E+08   1.000E+00   1.000E+00   00000   8.080E-01   8.080E-01  3p2   N/A    N/A    N/A 
   52   7.820648E+03   1.686262E+00   6.703E+14   1.291E+35   3.668E-01      9.506E-01   7.855E-01   1.103E+00   2.119E+00   0.000E+00   0.000E+00   0.000E+00   0.000E+00      6.655E+08   1.000E+00   1.000E+00   00000   8.102E-01   8.102E-01  3p2   N/A    N/A    N/A 
   53   7.870462E+03   1.699101E+00   6.606E+14   1.240E+35   3.624E-01      9.458E-01   7.796E-01   1.097E+00   2.111E+00   0.000E+00   0.000E+00   0.000E+00   0.000E+00      6.788E+08   1.000E+00   1.000E+00   00000   8.123E-01   8.123E-01  3p2   N/A    N/A    N/A 
   54   7.919654E+03   1.711780E+00   6.511E+14   1.190E+35   3.581E-01      9.409E-01   7.737E-01   1.090E+00   2.103E+00   0.000E+00   0.000E+00   0.000E+00   0.000E+00      6.921E+08   1.000E+00   1.000E+00   00000   8.144E-01   8.144E-01  3p2   N/A    N/A    N/A 
   55   7.968242E+03   1.724303E+00   6.417E+14   1.141E+35   3.537E-01      9.359E-01   7.676E-01   1.084E+00   2.095E+00   0.000E+00   0.000E+00   0.000E+00   0.000E+00      7.052E+08   1.000E+00   1.000E+00   00000   8.166E-01   8.166E-01  3p2   N/A    N/A    N/A 
   56   8.016244E+03   1.736675E+00   6.324E+14   1.092E+35   3.494E-01      9.309E-01   7.615E-01   1.077E+00   2.088E+00   0.000E+00   0.000E+00   0.000E+00   0.000E+00      7.184E+08   1.000E+00   1.000E+00   00000   8.187E-01   8.187E-01  3p2   N/A    N/A    N/A 
   57   8.063679E+03   1.748901E+00   6.232E+14   1.043E+35   3.452E-01      9.259E-01   7.553E-01   1.070E+00   2.080E+00   0.000E+00   0.000E+00   0.000E+00   0.000E+00      7.313E+08   1.000E+00   1.000E+00   00000   8.208E-01   8.208E-01  3p2   N/A    N/A    N/A 
   58   8.110562E+03   1.760984E+00   6.141E+14   9.954E+34   3.409E-01      9.208E-01   7.490E-01   1.063E+00   2.072E+00   0.000E+00   0.000E+00   0.000E+00   0.000E+00      7.442E+08   1.000E+00   1.000E+00   00000   8.229E-01   8.229E-01  3p2   N/A    N/A    N/A 
   59   8.156909E+03   1.772736E+00   6.058E+14   9.560E+34   3.370E-01      9.159E-01   7.430E-01   1.056E+00   2.064E+00   0.000E+00   0.000E+00   0.000E+00   0.000E+00      7.560E+08   1.000E+00   1.000E+00   00000   8.248E-01   8.248E-01  3p2   N/A    N/A    N/A 
   60   8.202735E+03   1.784260E+00   5.979E+14   9.209E+34   3.332E-01      9.113E-01   7.373E-01   1.050E+00   2.057E+00   0.000E+00   0.000E+00   0.000E+00   0.000E+00      7.672E+08   1.000E+00   1.000E+00   00000   8.267E-01   8.267E-01  3p2   N/A    N/A    N/A 
   61   8.248055E+03   1.795656E+00   5.901E+14   8.863E+34   3.295E-01      9.066E-01   7.316E-01   1.044E+00   2.050E+00   0.000E+00   0.000E+00   0.000E+00   0.000E+00      7.783E+08   1.000E+00   1.000E+00   00000   8.285E-01   8.285E-01  3p2   N/A    N/A    N/A 
   62   8.292883E+03   1.806928E+00   5.823E+14   8.520E+34   3.258E-01      9.018E-01   7.256E-01   1.037E+00   2.043E+00   0.000E+00   0.000E+00   0.000E+00   0.000E+00      7.893E+08   1.000E+00   1.000E+00   00000   8.304E-01   8.304E-01  3p2   N/A    N/A    N/A 
   63   8.337230E+03   1.818080E+00   5.747E+14   8.180E+34   3.221E-01      8.970E-01   7.196E-01   1.031E+00   2.036E+00   0.000E+00   0.000E+00   0.000E+00   0.000E+00      8.001E+08   1.000E+00   1.000E+00   00000   8.322E-01   8.322E-01  3p2   N/A    N/A    N/A 
   64   8.381111E+03   1.829114E+00   5.671E+14   7.845E+34   3.184E-01      8.922E-01   7.137E-01   1.024E+00   2.029E+00   0.000E+00   0.000E+00   0.000E+00   0.000E+00      8.107E+08   1.000E+00   1.000E+00   00000   8.340E-01   8.340E-01  3p2   N/A    N/A    N/A 
   65   8.424537E+03   1.840034E+00   5.596E+14   7.513E+34   3.147E-01      8.873E-01   7.075E-01   1.017E+00   2.022E+00   0.000E+00   0.000E+00   0.000E+00   0.000E+00      8.212E+08   1.000E+00   1.000E+00   00000   8.359E-01   8.359E-01  3p2   N/A    N/A    N/A 
   66   8.467520E+03   1.850842E+00   5.522E+14   7.184E+34   3.111E-01      8.823E-01   7.012E-01   1.010E+00   2.015E+00   0.000E+00   0.000E+00   0.000E+00   0.000E+00      8.315E+08   1.000E+00   1.000E+00   00000   8.377E-01   8.377E-01  3p2   N/A    N/A    N/A 
   67   8.510072E+03   1.861542E+00   5.448E+14   6.858E+34   3.075E-01      8.774E-01   6.950E-01   1.004E+00   2.008E+00   0.000E+00   0.000E+00   0.000E+00   0.000E+00      8.416E+08   1.000E+00   1.000E+00   00000   8.395E-01   8.395E-01  3p2   N/A    N/A    N/A 
   68   8.552201E+03   1.872136E+00   5.376E+14   6.536E+34   3.038E-01      8.723E-01   6.886E-01   9.968E-01   2.000E+00   0.000E+00   0.000E+00   0.000E+00   0.000E+00      8.515E+08   1.000E+00   1.000E+00   00000   8.413E-01   8.413E-01  3p2   N/A    N/A    N/A 
   69   8.593920E+03   1.882626E+00   5.304E+14   6.217E+34   3.002E-01      8.672E-01   6.821E-01   9.897E-01   1.993E+00   0.000E+00   0.000E+00   0.000E+00   0.000E+00      8.612E+08   1.000E+00   1.000E+00   00000   8.431E-01   8.431E-01  3p2   N/A    N/A    N/A 
   70   8.635237E+03   1.892758E+00   5.233E+14   5.949E+34   2.967E-01      8.622E-01   6.757E-01   9.829E-01   1.986E+00   0.000E+00   0.000E+00   0.000E+00   0.000E+00      8.705E+08   1.000E+00   1.000E+00   00000   8.449E-01   8.449E-01  3p2   N/A    N/A    N/A 
   71   8.676163E+03   1.902660E+00   5.164E+14   5.709E+34   2.932E-01      8.571E-01   6.693E-01   9.760E-01   1.979E+00   0.000E+00   0.000E+00   0.000E+00   0.000E+00      8.795E+08   1.000E+00   1.000E+00   00000   8.466E-01   8.466E-01  3p2   N/A    N/A    N/A 
   72   8.716707E+03   1.912469E+00   5.096E+14   5.470E+34   2.898E-01      8.520E-01   6.627E-01   9.689E-01   1.972E+00   0.000E+00   0.000E+00   0.000E+00   0.000E+00      8.883E+08   1.000E+00   1.000E+00   00000   8.484E-01   8.484E-01  3p2   N/A    N/A    N/A 
   73   8.756877E+03   1.922188E+00   5.029E+14   5.235E+34   2.863E-01      8.469E-01   6.562E-01   9.619E-01   1.965E+00   0.000E+00   0.000E+00   0.000E+00   0.000E+00      8.968E+08   1.000E+00   1.000E+00   00000   8.501E-01   8.501E-01  3p2   N/A    N/A    N/A 
   74   8.796681E+03   1.931818E+00   4.961E+14   5.001E+34   2.829E-01      8.418E-01   6.496E-01   9.548E-01   1.958E+00   0.000E+00   0.000E+00   0.000E+00   0.000E+00      9.051E+08   1.000E+00   1.000E+00   00000   8.518E-01   8.518E-01  3p2   N/A    N/A    N/A 
   75   8.836129E+03   1.941362E+00   4.895E+14   4.769E+34   2.795E-01      8.365E-01   6.427E-01   9.476E-01   1.951E+00   0.000E+00   0.000E+00   0.000E+00   0.000E+00      9.131E+08   1.000E+00   1.000E+00   00000   8.536E-01   8.536E-01  3p2   N/A    N/A    N/A 
   76   8.875227E+03   1.950821E+00   4.829E+14   4.539E+34   2.761E-01      8.313E-01   6.359E-01   9.404E-01   1.944E+00   0.000E+00   0.000E+00   0.000E+00   0.000E+00      9.208E+08   1.000E+00   1.000E+00   00000   8.553E-01   8.553E-01  3p2   N/A    N/A    N/A 
   77   8.913984E+03   1.960198E+00   4.764E+14   4.312E+34   2.727E-01      8.261E-01   6.291E-01   9.332E-01   1.936E+00   0.000E+00   0.000E+00   0.000E+00   0.000E+00      9.283E+08   1.000E+00   1.000E+00   00000   8.570E-01   8.570E-01  3p2   N/A    N/A    N/A 
   78   8.952406E+03   1.969494E+00   4.699E+14   4.086E+34   2.693E-01      8.207E-01   6.220E-01   9.258E-01   1.929E+00   0.000E+00   0.000E+00   0.000E+00   0.000E+00      9.355E+08   1.000E+00   1.000E+00   00000   8.587E-01   8.587E-01  3p2   N/A    N/A    N/A 
   79   8.990502E+03   1.978711E+00   4.635E+14   3.862E+34   2.659E-01      8.154E-01   6.149E-01   9.184E-01   1.922E+00   0.000E+00   0.000E+00   0.000E+00   0.000E+00      9.423E+08   1.000E+00   1.000E+00   00000   8.604E-01   8.604E-01  3p2   N/A    N/A    N/A 
   80   9.028278E+03   1.987726E+00   4.570E+14   3.652E+34   2.625E-01      8.100E-01   6.077E-01   9.109E-01   1.914E+00   0.000E+00   0.000E+00   0.000E+00   0.000E+00      9.490E+08   1.000E+00   1.000E+00   00000   8.622E-01   8.622E-01  3p2   N/A    N/A    N/A 
   81   9.065740E+03   1.996286E+00   4.502E+14   3.480E+34   2.589E-01      8.041E-01   5.999E-01   9.028E-01   1.906E+00   0.000E+00   0.000E+00   0.000E+00   0.000E+00      9.557E+08   1.000E+00   1.000E+00   00000   8.640E-01   8.640E-01  3p2   N/A    N/A    N/A 
   82   9.102895E+03   2.004775E+00   4.434E+14   3.308E+34   2.553E-01      7.983E-01   5.920E-01   8.947E-01   1.898E+00   0.000E+00   0.000E+00   0.000E+00   0.000E+00      9.619E+08   1.000E+00   1.000E+00   00000   8.658E-01   8.658E-01  3p2   N/A    N/A    N/A 
   83   9.139749E+03   2.013196E+00   4.367E+14   3.138E+34   2.517E-01      7.924E-01   5.841E-01   8.866E-01   1.890E+00   0.000E+00   0.000E+00   0.000E+00   0.000E+00      9.678E+08   1.000E+00   1.000E+00   00000   8.677E-01   8.677E-01  3p2   N/A    N/A    N/A 
   84   9.176309E+03   2.021549E+00   4.300E+14   2.970E+34   2.481E-01      7.865E-01   5.760E-01   8.783E-01   1.882E+00   0.000E+00   0.000E+00   0.000E+00   0.000E+00      9.733E+08   1.000E+00   1.000E+00   00000   8.695E-01   8.695E-01  3p2   N/A    N/A    N/A 
   85   9.212579E+03   2.029836E+00   4.234E+14   2.803E+34   2.446E-01      7.805E-01   5.679E-01   8.701E-01   1.874E+00   0.000E+00   0.000E+00   0.000E+00   0.000E+00      9.782E+08   1.000E+00   1.000E+00   00000   8.713E-01   8.713E-01  3p2   N/A    N/A    N/A 
   86   9.248567E+03   2.038059E+00   4.168E+14   2.637E+34   2.410E-01      7.746E-01   5.597E-01   8.618E-01   1.866E+00   0.000E+00   0.000E+00   0.000E+00   0.000E+00      9.828E+08   1.000E+00   1.000E+00   00000   8.731E-01   8.731E-01  3p2   N/A    N/A    N/A 
   87   9.284276E+03   2.046218E+00   4.103E+14   2.472E+34   2.375E-01      7.686E-01   5.514E-01   8.535E-01   1.858E+00   0.000E+00   0.000E+00   0.000E+00   0.000E+00      9.868E+08   1.000E+00   1.000E+00   00000   8.749E-01   8.749E-01  3p2   N/A    N/A    N/A 
   88   9.319712E+03   2.054315E+00   4.039E+14   2.309E+34   2.340E-01      7.627E-01   5.431E-01   8.452E-01   1.849E+00   0.000E+00   0.000E+00   0.000E+00   0.000E+00      9.903E+08   1.000E+00   1.000E+00   00000   8.767E-01   8.767E-01  3p2   N/A    N/A    N/A 
   89   9.354881E+03   2.062258E+00   3.973E+14   2.152E+34   2.304E-01      7.565E-01   5.345E-01   8.367E-01   1.841E+00   0.000E+00   0.000E+00   0.000E+00   0.000E+00      9.934E+08   1.000E+00   1.000E+00   00000   8.786E-01   8.786E-01  3p2   N/A    N/A    N/A 
   90   9.389788E+03   2.069632E+00   3.899E+14   2.023E+34   2.263E-01      7.496E-01   5.245E-01   8.270E-01   1.831E+00   0.000E+00   0.000E+00   0.000E+00   0.000E+00      9.962E+08   1.000E+00   1.000E+00   00000   8.807E-01   8.807E-01  3p2   N/A    N/A    N/A 
   91   9.424437E+03   2.076951E+00   3.825E+14   1.895E+34   2.223E-01      7.426E-01   5.145E-01   8.172E-01   1.821E+00   0.000E+00   0.000E+00   0.000E+00   0.000E+00      9.983E+08   1.000E+00   1.000E+00   00000   8.828E-01   8.828E-01  3p2   N/A    N/A    N/A 
   92   9.458832E+03   2.084217E+00   3.752E+14   1.768E+34   2.183E-01      7.356E-01   5.044E-01   8.074E-01   1.811E+00   0.000E+00   0.000E+00   0.000E+00   0.000E+00      9.995E+08   1.000E+00   1.000E+00   00000   8.848E-01   8.848E-01  3p2   N/A    N/A    N/A 
   93   9.492980E+03   2.091431E+00   3.680E+14   1.642E+34   2.142E-01      7.286E-01   4.942E-01   7.977E-01   1.800E+00   0.000E+00   0.000E+00   0.000E+00   0.000E+00      1.000E+09   5.979E+07   1.000E+00   00000   8.869E-01   8.869E-01  3p2   N/A    N/A    N/A 
   94   9.526884E+03   2.098594E+00   3.608E+14   1.517E+34   2.102E-01      7.217E-01   4.838E-01   7.879E-01   1.790E+00   0.000E+00   0.000E+00   0.000E+00   0.000E+00      9.996E+08   2.176E+08   1.000E+00   00000   8.890E-01   8.890E-01  3p2   N/A    N/A    N/A 
   95   9.560548E+03   2.105705E+00   3.536E+14   1.393E+34   2.062E-01      7.147E-01   4.734E-01   7.781E-01   1.780E+00   0.000E+00   0.000E+00   0.000E+00   0.000E+00      9.983E+08   4.263E+08   1.000E+00   00000   8.911E-01   8.911E-01  3p2   N/A    N/A    N/A 
   96   9.593977E+03   2.112767E+00   3.465E+14   1.270E+34   2.023E-01      7.077E-01   4.628E-01   7.683E-01   1.769E+00   0.000E+00   0.000E+00   0.000E+00   0.000E+00      9.961E+08   6.558E+08   1.000E+00   00000   8.931E-01   8.931E-01  3p2   N/A    N/A    N/A 
   97   9.627175E+03   2.119249E+00   3.381E+14   1.166E+34   1.975E-01      6.994E-01   4.499E-01   7.566E-01   1.756E+00   0.000E+00   0.000E+00   0.000E+00   0.000E+00      9.923E+08   9.158E+08   1.000E+00   00000   8.956E-01   8.956E-01  3p2   N/A    N/A    N/A 
   98   9.660145E+03   2.125541E+00   3.293E+14   1.067E+34   1.926E-01      6.907E-01   4.362E-01   7.444E-01   1.742E+00   0.000E+00   0.000E+00   0.000E+00   0.000E+00      9.868E+08   1.143E+09   1.000E+00   00000   8.981E-01   8.981E-01  3p2   N/A    N/A    N/A 
   99   9.692891E+03   2.131790E+00   3.206E+14   9.694E+33   1.877E-01      6.820E-01   4.224E-01   7.322E-01   1.728E+00   0.000E+00   0.000E+00   0.000E+00   0.000E+00      9.798E+08   1.333E+09   1.000E+00   00000   9.007E-01   9.007E-01  3p2   N/A    N/A    N/A 
  100   9.725418E+03   2.137997E+00   3.120E+14   8.722E+33   1.828E-01      6.733E-01   4.082E-01   7.199E-01   1.714E+00   0.000E+00   0.000E+00   0.000E+00   0.000E+00      9.711E+08   1.501E+09   1.000E+00   00000   9.033E-01   9.033E-01  3p2   N/A    N/A    N/A 
  101   9.757729E+03   2.144163E+00   3.034E+14   7.757E+33   1.779E-01      6.645E-01   3.936E-01   7.077E-01   1.700E+00   0.000E+00   0.000E+00   0.000E+00   0.000E+00      9.608E+08   1.659E+09   1.000E+00   00000   9.058E-01   9.058E-01  3p2   N/A    N/A    N/A 
  102   9.789827E+03   2.150151E+00   2.943E+14   6.832E+33   1.727E-01      6.552E-01   3.776E-01   6.946E-01   1.684E+00   0.000E+00   0.000E+00   0.000E+00   0.000E+00      9.479E+08   1.820E+09   1.000E+00   00000   9.085E-01   9.085E-01  3p2   N/A    N/A    N/A 
  103   9.821715E+03   2.155525E+00   2.829E+14   6.054E+33   1.662E-01      6.434E-01   3.566E-01   6.780E-01   1.664E+00   0.000E+00   0.000E+00   0.000E+00   0.000E+00      9.288E+08   2.017E+09   1.000E+00   00000   9.119E-01   9.119E-01  3p2   N/A    N/A    N/A 
  104   9.853399E+03   2.160864E+00   2.716E+14   5.282E+33   1.596E-01      6.314E-01   3.346E-01   6.613E-01   1.643E+00   0.000E+00   0.000E+00   0.000E+00   0.000E+00      9.065E+08   2.210E+09   1.000E+00   00000   9.153E-01   9.153E-01  3p2   N/A    N/A    N/A 
  105   9.884879E+03   2.166170E+00   2.603E+14   4.514E+33   1.532E-01      6.192E-01   3.111E-01   6.444E-01   1.622E+00   0.000E+00   0.000E+00   0.000E+00   0.000E+00      8.809E+08   2.399E+09   1.000E+00   00000   9.187E-01   9.187E-01  3p2   N/A    N/A    N/A 
  106   9.916161E+03   2.171315E+00   2.483E+14   3.775E+33   1.462E-01      6.060E-01   2.838E-01   6.260E-01   1.598E+00   0.000E+00   0.000E+00   0.000E+00   0.000E+00      8.499E+08   2.589E+09   1.000E+00   00000   9.224E-01   9.224E-01  3p2   N/A    N/A    N/A 
  107   9.947246E+03   2.175756E+00   2.319E+14   3.168E+33   1.367E-01      5.871E-01   2.410E-01   6.004E-01   1.565E+00   0.000E+00   0.000E+00   0.000E+00   0.000E+00      8.012E+08   2.826E+09   1.000E+00   00000   9.274E-01   9.274E-01  3p2   N/A    N/A    N/A 
  108   9.978138E+03   2.180170E+00   2.155E+14   2.564E+33   1.271E-01      5.673E-01   1.877E-01   5.741E-01   1.529E+00   0.000E+00   0.000E+00   0.000E+00   0.000E+00      7.457E+08   3.050E+09   1.000E+00   00000   9.324E-01   9.324E-01  3p2   N/A    N/A    N/A 
  109   1.000884E+04   2.184312E+00   1.984E+14   2.003E+33   1.172E-01      5.449E-01   1.023E-01   5.461E-01   1.490E+00   0.000E+00   0.000E+00   0.000E+00   0.000E+00      6.805E+08   3.245E+09   1.000E+00   00000   9.377E-01   9.377E-01  3p2   N/A    N/A    N/A 
  110   1.003936E+04   2.187916E+00   1.796E+14   1.529E+33   1.062E-01      5.169E-01   5.879E-03   5.169E-01   1.443E+00   0.000E+00   0.000E+00   0.000E+00   0.000E+00      6.008E+08   3.272E+09   1.000E+00   00000   9.435E-01   9.435E-01  3p2   N/A    N/A    N/A 
  111   1.006969E+04   2.191315E+00   1.600E+14   1.085E+33   9.465E-02      4.848E-01  -0.000E+00   4.847E-01   1.390E+00   0.000E+00   0.000E+00   0.000E+00   0.000E+00      5.112E+08   3.071E+09   1.000E+00   00000   9.496E-01   9.496E-01  3p2   N/A    N/A    N/A 
  112   1.007696E+04   2.192021E+00   1.540E+14   9.950E+32   9.108E-02      4.700E-01   0.000E+00   0.000E+00   1.248E+00   0.000E+00   0.000E+00   0.000E+00   0.000E+00      1.871E+09   0.000E+00   0.000E+00   00000   9.527E-01   0.000E+00  1s0  831.3  232.0   32.0
  113   1.008493E+04   2.192794E+00   1.482E+14   8.962E+32   8.765E-02      4.563E-01   0.000E+00   0.000E+00   1.240E+00   0.000E+00   0.000E+00   0.000E+00   0.000E+00      1.980E+09   0.000E+00   0.000E+00   00000   9.536E-01   0.000E+00  1s0  873.8  232.0   32.0
  114   1.009290E+04   2.193567E+00   1.426E+14   7.975E+32   8.434E-02      4.437E-01   0.000E+00   0.000E+00   1.231E+00   0.000E+00   0.000E+00   0.000E+00   0.000E+00      2.108E+09   0.000E+00   0.000E+00   00000   9.546E-01   0.000E+00  1s0  914.7  232.0   32.0
  115   1.010087E+04   2.194340E+00   1.372E+14   6.987E+32   8.116E-02      4.320E-01   0.000E+00   0.000E+00   1.221E+00   0.000E+00   0.000E+00   0.000E+00   0.000E+00      2.251E+09   0.000E+00   0.000E+00   00000   9.557E-01   0.000E+00  1s0  954.1  232.0   32.0
  116   1.010623E+04   2.194816E+00   1.320E+14   6.383E+32   7.810E-02      4.205E-01   0.000E+00   0.000E+00   1.210E+00   0.000E+00   0.000E+00   0.000E+00   0.000E+00      2.399E+09   0.000E+00   0.000E+00   00000   9.569E-01   0.000E+00  1s0  995.2  232.0   32.0
  117   1.010971E+04   2.195077E+00   1.271E+14   6.056E+32   7.517E-02      4.087E-01   0.000E+00   0.000E+00   1.201E+00   0.000E+00   0.000E+00   0.000E+00   0.000E+00      2.541E+09   0.000E+00   0.000E+00   00000   9.579E-01   0.000E+00  1s0 1043.5  232.0   32.0
  118   1.011319E+04   2.195338E+00   1.223E+14   5.729E+32   7.235E-02      3.977E-01   0.000E+00   0.000E+00   1.190E+00   0.000E+00   0.000E+00   0.000E+00   0.000E+00      2.690E+09   0.000E+00   0.000E+00   00000   9.591E-01   0.000E+00  1s0 1090.1  232.0   32.0
  119   1.011666E+04   2.195599E+00   1.177E+14   5.402E+32   6.963E-02      3.874E-01   0.000E+00   0.000E+00   1.179E+00   0.000E+00   0.000E+00   0.000E+00   0.000E+00      2.842E+09   0.000E+00   0.000E+00   00000   9.603E-01   0.000E+00  1s0 1134.9  232.0   32.0
  120   1.012014E+04   2.195860E+00   1.132E+14   5.075E+32   6.702E-02      3.778E-01   0.000E+00   0.000E+00   1.168E+00   0.000E+00   0.000E+00   0.000E+00   0.000E+00      2.993E+09   0.000E+00   0.000E+00   00000   9.615E-01   0.000E+00  1s0 1178.0  232.0   32.0
  121   1.012362E+04   2.196121E+00   1.090E+14   4.748E+32   6.451E-02      3.687E-01   0.000E+00   0.000E+00   1.156E+00   0.000E+00   0.000E+00   0.000E+00   0.000E+00      3.139E+09   0.000E+00   0.000E+00   00000   9.628E-01   0.000E+00  1s0 1219.4  232.0   32.0
  122   1.012710E+04   2.196382E+00   1.049E+14   4.421E+32   6.209E-02      3.601E-01   0.000E+00   0.000E+00   1.145E+00   0.000E+00   0.000E+00   0.000E+00   0.000E+00      3.280E+09   0.000E+00   0.000E+00   00000   9.641E-01   0.000E+00  1s0 1259.3  232.0   32.0
  123   1.013058E+04   2.196643E+00   1.009E+14   4.094E+32   5.976E-02      3.520E-01   0.000E+00   0.000E+00   1.133E+00   0.000E+00   0.000E+00   0.000E+00   0.000E+00      3.416E+09   0.000E+00   0.000E+00   00000   9.654E-01   0.000E+00  1s0 1297.8  232.0   32.0
  124   1.013405E+04   2.196904E+00   9.711E+13   3.767E+32   5.752E-02      3.443E-01   0.000E+00   0.000E+00   1.121E+00   0.000E+00   0.000E+00   0.000E+00   0.000E+00      3.547E+09   0.000E+00   0.000E+00   00000   9.667E-01   0.000E+00  1s0 1334.7  232.0   32.0
  125   1.013673E+04   2.197048E+00   9.345E+13   3.589E+32   5.536E-02      3.370E-01   0.000E+00   0.000E+00   1.108E+00   0.000E+00   0.000E+00   0.000E+00   0.000E+00      3.674E+09   0.000E+00   0.000E+00   00000   9.681E-01   0.000E+00  1s0 1370.3  232.0   32.0
  126   1.013940E+04   2.197192E+00   8.993E+13   3.412E+32   5.329E-02      3.300E-01   0.000E+00   0.000E+00   1.096E+00   0.000E+00   0.000E+00   0.000E+00   0.000E+00      3.796E+09   0.000E+00   0.000E+00   00000   9.694E-01   0.000E+00  1s0 1404.5  232.0   32.0
  127   1.014208E+04   2.197336E+00   8.655E+13   3.234E+32   5.129E-02      3.234E-01   0.000E+00   0.000E+00   1.084E+00   0.000E+00   0.000E+00   0.000E+00   0.000E+00      3.915E+09   0.000E+00   0.000E+00   00000   9.708E-01   0.000E+00  1s0 1437.4  232.0   32.0
  128   1.014476E+04   2.197480E+00   8.328E+13   3.056E+32   4.937E-02      3.169E-01   0.000E+00   0.000E+00   1.072E+00   0.000E+00   0.000E+00   0.000E+00   0.000E+00      4.029E+09   0.000E+00   0.000E+00   00000   9.721E-01   0.000E+00  1s0 1469.1  232.0   32.0
  129   1.014743E+04   2.197625E+00   8.015E+13   2.878E+32   4.752E-02      3.108E-01   0.000E+00   0.000E+00   1.060E+00   0.000E+00   0.000E+00   0.000E+00   0.000E+00      4.139E+09   0.000E+00   0.000E+00   00000   9.735E-01   0.000E+00  1s0 1499.6  232.0   32.0
  130   1.015011E+04   2.197769E+00   7.713E+13   2.700E+32   4.573E-02      3.291E-01   0.000E+00   0.000E+00   1.060E+00   0.000E+00   0.000E+00   0.000E+00   0.000E+00      4.135E+09   0.000E+00   0.000E+00   00000   9.734E-01   0.000E+00  1s0 1519.5  183.0   40.0
  131   1.015279E+04   2.197913E+00   7.422E+13   2.522E+32   4.401E-02      3.236E-01   0.000E+00   0.000E+00   1.047E+00   0.000E+00   0.000E+00   0.000E+00   0.000E+00      4.247E+09   0.000E+00   0.000E+00   00000   9.748E-01   0.000E+00  1s0 1538.6  183.0   40.0
  132   1.015546E+04   2.198057E+00   7.142E+13   2.344E+32   4.236E-02      3.182E-01   0.000E+00   0.000E+00   1.034E+00   0.000E+00   0.000E+00   0.000E+00   0.000E+00      4.353E+09   0.000E+00   0.000E+00   00000   9.762E-01   0.000E+00  1s0 1556.9  183.0   40.0
  133   1.015813E+04   2.198200E+00   6.873E+13   2.168E+32   4.077E-02      3.130E-01   0.000E+00   0.000E+00   1.022E+00   0.000E+00   0.000E+00   0.000E+00   0.000E+00      4.453E+09   0.000E+00   0.000E+00   00000   9.776E-01   0.000E+00  1s0 1574.5  183.0   40.0
  134   1.016026E+04   2.198281E+00   6.614E+13   2.069E+32   3.923E-02      3.079E-01   0.000E+00   0.000E+00   1.009E+00   0.000E+00   0.000E+00   0.000E+00   0.000E+00      4.548E+09   0.000E+00   0.000E+00   00000   9.790E-01   0.000E+00  1s0 1591.5  183.0   40.0
  135   1.016240E+04   2.198362E+00   6.365E+13   1.970E+32   3.776E-02      3.030E-01   0.000E+00   0.000E+00   9.969E-01   0.000E+00   0.000E+00   0.000E+00   0.000E+00      4.637E+09   0.000E+00   0.000E+00   00000   9.803E-01   0.000E+00  1s0 1607.8  183.0   40.0
  136   1.016454E+04   2.198444E+00   6.125E+13   1.871E+32   3.634E-02      2.982E-01   0.000E+00   0.000E+00   9.847E-01   0.000E+00   0.000E+00   0.000E+00   0.000E+00      4.720E+09   0.000E+00   0.000E+00   00000   9.817E-01   0.000E+00  1s0 1623.5  183.0   40.0
  137   1.016667E+04   2.198525E+00   5.894E+13   1.772E+32   3.497E-02      2.935E-01   0.000E+00   0.000E+00   9.725E-01   0.000E+00   0.000E+00   0.000E+00   0.000E+00      4.798E+09   0.000E+00   0.000E+00   00000   9.830E-01   0.000E+00  1s0 1638.7  183.0   40.0
  138   1.016881E+04   2.198606E+00   5.672E+13   1.673E+32   3.366E-02      2.889E-01   0.000E+00   0.000E+00   9.606E-01   0.000E+00   0.000E+00   0.000E+00   0.000E+00      4.869E+09   0.000E+00   0.000E+00   00000   9.843E-01   0.000E+00  1s0 1653.2  183.0   40.0
  139   1.017095E+04   2.198687E+00   5.459E+13   1.574E+32   3.239E-02      2.844E-01   0.000E+00   0.000E+00   9.487E-01   0.000E+00   0.000E+00   0.000E+00   0.000E+00      4.934E+09   0.000E+00   0.000E+00   00000   9.856E-01   0.000E+00  1s0 1667.2  183.0   40.0
  140   1.017308E+04   2.198769E+00   5.253E+13   1.475E+32   3.118E-02      2.801E-01   0.000E+00   0.000E+00   9.370E-01   0.000E+00   0.000E+00   0.000E+00   0.000E+00      4.994E+09   0.000E+00   0.000E+00   00000   9.869E-01   0.000E+00  1s0 1680.7  183.0   40.0
  141   1.017522E+04   2.198850E+00   5.055E+13   1.376E+32   3.001E-02      2.758E-01   0.000E+00   0.000E+00   9.254E-01   0.000E+00   0.000E+00   0.000E+00   0.000E+00      5.047E+09   0.000E+00   0.000E+00   00000   9.882E-01   0.000E+00  1s0 1693.7  183.0   40.0
  142   1.017736E+04   2.198931E+00   4.865E+13   1.277E+32   2.888E-02      2.717E-01   0.000E+00   0.000E+00   9.139E-01   0.000E+00   0.000E+00   0.000E+00   0.000E+00      5.094E+09   0.000E+00   0.000E+00   00000   9.895E-01   0.000E+00  1s0 1706.1  183.0   40.0
  143   1.017921E+04   2.198986E+00   4.681E+13   1.211E+32   2.779E-02      2.676E-01   0.000E+00   0.000E+00   9.026E-01   0.000E+00   0.000E+00   0.000E+00   0.000E+00      5.134E+09   0.000E+00   0.000E+00   00000   9.907E-01   0.000E+00  1s0 1718.2  183.0   40.0
  144   1.018098E+04   2.199033E+00   4.505E+13   1.154E+32   2.675E-02      2.636E-01   0.000E+00   0.000E+00   8.914E-01   0.000E+00   0.000E+00   0.000E+00   0.000E+00      5.169E+09   0.000E+00   0.000E+00   00000   9.919E-01   0.000E+00  1s0 1729.7  183.0   40.0
  145   1.018276E+04   2.199081E+00   4.335E+13   1.096E+32   2.575E-02      2.597E-01   0.000E+00   0.000E+00   8.803E-01   0.000E+00   0.000E+00   0.000E+00   0.000E+00      5.197E+09   0.000E+00   0.000E+00   00000   9.932E-01   0.000E+00  1s0 1740.8  183.0   40.0
  146   1.018453E+04   2.199128E+00   4.172E+13   1.039E+32   2.478E-02      2.559E-01   0.000E+00   0.000E+00   8.693E-01   0.000E+00   0.000E+00   0.000E+00   0.000E+00      5.219E+09   0.000E+00   0.000E+00   00000   9.944E-01   0.000E+00  1s0 1751.5  183.0   40.0
  147   1.018631E+04   2.199176E+00   4.015E+13   9.817E+31   2.385E-02      2.521E-01   0.000E+00   0.000E+00   8.585E-01   0.000E+00   0.000E+00   0.000E+00   0.000E+00      5.235E+09   0.000E+00   0.000E+00   00000   9.956E-01   0.000E+00  1s0 1761.8  183.0   40.0
  148   1.018808E+04   2.199223E+00   3.863E+13   9.245E+31   2.295E-02      2.485E-01   0.000E+00   0.000E+00   8.478E-01   0.000E+00   0.000E+00   0.000E+00   0.000E+00      5.244E+09   0.000E+00   0.000E+00   00000   9.967E-01   0.000E+00  1s0 1771.7  183.0   40.0
  149   1.018985E+04   2.199271E+00   3.718E+13   8.672E+31   2.209E-02      2.449E-01   0.000E+00   0.000E+00   8.372E-01   0.000E+00   0.000E+00   0.000E+00   0.000E+00      5.248E+09   0.000E+00   0.000E+00   00000   9.979E-01   0.000E+00  1s0 1781.3  183.0   40.0
  150   1.019163E+04   2.199318E+00   3.578E+13   8.100E+31   2.126E-02      2.414E-01   0.000E+00   0.000E+00   8.268E-01   0.000E+00   0.000E+00   0.000E+00   0.000E+00      5.245E+09   0.000E+00   0.000E+00   00000   9.991E-01   0.000E+00  1s0 1790.5  183.0   40.0
  151   1.019340E+04   2.199366E+00   3.443E+13   7.527E+31   2.046E-02      2.379E-01   0.000E+00   0.000E+00   8.165E-01   0.000E+00   0.000E+00   0.000E+00   0.000E+00      5.236E+09   0.000E+00   0.000E+00   00000   1.000E+00   0.000E+00  1s0 1799.3  183.0   40.0
  152   1.019501E+04   2.199402E+00   3.313E+13   7.087E+31   1.969E-02      2.543E-01   0.000E+00   0.000E+00   8.040E-01   0.000E+00   0.000E+00   0.000E+00   0.000E+00      5.217E+09   0.000E+00   0.000E+00   00000   1.000E+00   0.000E+00  1s0 1772.4  193.0   50.0
  153   1.019646E+04   2.199429E+00   3.188E+13   6.760E+31   1.895E-02      2.525E-01   0.000E+00   0.000E+00   7.932E-01   0.000E+00   0.000E+00   0.000E+00   0.000E+00      5.193E+09   0.000E+00   0.000E+00   00000   1.000E+00   0.000E+00  1s0 1743.4  193.0   50.0
  154   1.019792E+04   2.199457E+00   3.068E+13   6.432E+31   1.824E-02      2.506E-01   0.000E+00   0.000E+00   7.826E-01   0.000E+00   0.000E+00   0.000E+00   0.000E+00      5.162E+09   0.000E+00   0.000E+00   00000   1.000E+00   0.000E+00  1s0 1715.4  193.0   50.0
  155   1.019938E+04   2.199484E+00   2.953E+13   6.105E+31   1.755E-02      2.487E-01   0.000E+00   0.000E+00   7.722E-01   0.000E+00   0.000E+00   0.000E+00   0.000E+00      5.126E+09   0.000E+00   0.000E+00   00000   1.000E+00   0.000E+00  1s0 1688.6  193.0   50.0
  156   1.020084E+04   2.199512E+00   2.841E+13   5.777E+31   1.689E-02      2.469E-01   0.000E+00   0.000E+00   7.618E-01   0.000E+00   0.000E+00   0.000E+00   0.000E+00      5.085E+09   0.000E+00   0.000E+00   00000   1.000E+00   0.000E+00  1s0 1662.7  193.0   50.0
  157   1.020230E+04   2.199539E+00   2.734E+13   5.450E+31   1.626E-02      2.449E-01   0.000E+00   0.000E+00   7.517E-01   0.000E+00   0.000E+00   0.000E+00   0.000E+00      5.039E+09   0.000E+00   0.000E+00   00000   1.000E+00   0.000E+00  1s0 1637.8  193.0   50.0
  158   1.020375E+04   2.199566E+00   2.631E+13   5.123E+31   1.565E-02      2.430E-01   0.000E+00   0.000E+00   7.416E-01   0.000E+00   0.000E+00   0.000E+00   0.000E+00      4.990E+09   0.000E+00   0.000E+00   00000   1.000E+00   0.000E+00  1s0 1613.9  193.0   50.0
  159   1.020521E+04   2.199594E+00   2.532E+13   4.795E+31   1.506E-02      2.411E-01   0.000E+00   0.000E+00   7.317E-01   0.000E+00   0.000E+00   0.000E+00   0.000E+00      4.938E+09   0.000E+00   0.000E+00   00000   1.000E+00   0.000E+00  1s0 1590.8  193.0   50.0
  160   1.020667E+04   2.199621E+00   2.437E+13   4.468E+31   1.449E-02      2.392E-01   0.000E+00   0.000E+00   7.220E-01   0.000E+00   0.000E+00   0.000E+00   0.000E+00      4.882E+09   0.000E+00   0.000E+00   00000   1.000E+00   0.000E+00  1s0 1568.7  193.0   50.0
  161   1.020808E+04   2.199646E+00   2.345E+13   4.168E+31   1.395E-02      2.372E-01   0.000E+00   0.000E+00   7.124E-01   0.000E+00   0.000E+00   0.000E+00   0.000E+00      4.825E+09   0.000E+00   0.000E+00   00000   1.000E+00   0.000E+00  1s0 1547.3  193.0   50.0
  162   1.020929E+04   2.199662E+00   2.257E+13   3.978E+31   1.342E-02      2.352E-01   0.000E+00   0.000E+00   7.029E-01   0.000E+00   0.000E+00   0.000E+00   0.000E+00      4.765E+09   0.000E+00   0.000E+00   00000   1.000E+00   0.000E+00  1s0 1526.8  193.0   50.0
  163   1.021051E+04   2.199678E+00   2.172E+13   3.789E+31   1.292E-02      2.333E-01   0.000E+00   0.000E+00   6.935E-01   0.000E+00   0.000E+00   0.000E+00   0.000E+00      4.705E+09   0.000E+00   0.000E+00   00000   1.000E+00   0.000E+00  1s0 1507.0  193.0   50.0
  164   1.021172E+04   2.199694E+00   2.090E+13   3.599E+31   1.243E-02      2.313E-01   0.000E+00   0.000E+00   6.843E-01   0.000E+00   0.000E+00   0.000E+00   0.000E+00      4.643E+09   0.000E+00   0.000E+00   00000   1.000E+00   0.000E+00  1s0 1488.0  193.0   50.0
  165   1.021294E+04   2.199710E+00   2.011E+13   3.410E+31   1.197E-02      2.293E-01   0.000E+00   0.000E+00   6.752E-01   0.000E+00   0.000E+00   0.000E+00   0.000E+00      4.580E+09   0.000E+00   0.000E+00   00000   1.000E+00   0.000E+00  1s0 1469.7  193.0   50.0
  166   1.021415E+04   2.199726E+00   1.935E+13   3.220E+31   1.152E-02      2.273E-01   0.000E+00   0.000E+00   6.662E-01   0.000E+00   0.000E+00   0.000E+00   0.000E+00      4.516E+09   0.000E+00   0.000E+00   00000   1.000E+00   0.000E+00  1s0 1452.1  193.0   50.0
  167   1.021537E+04   2.199742E+00   1.862E+13   3.031E+31   1.108E-02      2.253E-01   0.000E+00   0.000E+00   6.573E-01   0.000E+00   0.000E+00   0.000E+00   0.000E+00      4.453E+09   0.000E+00   0.000E+00   00000   1.000E+00   0.000E+00  1s0 1435.1  193.0   50.0
  168   1.021658E+04   2.199758E+00   1.792E+13   2.841E+31   1.067E-02      2.233E-01   0.000E+00   0.000E+00   6.486E-01   0.000E+00   0.000E+00   0.000E+00   0.000E+00      4.389E+09   0.000E+00   0.000E+00   00000   1.000E+00   0.000E+00  1s0 1418.8  193.0   50.0
  169   1.021779E+04   2.199774E+00   1.725E+13   2.652E+31   1.027E-02      2.213E-01   0.000E+00   0.000E+00   6.400E-01   0.000E+00   0.000E+00   0.000E+00   0.000E+00      4.325E+09   0.000E+00   0.000E+00   00000   1.000E+00   0.000E+00  1s0 1403.1  193.0   50.0
  170   1.021901E+04   2.199790E+00   1.660E+13   2.462E+31   9.881E-03      2.192E-01   0.000E+00   0.000E+00   6.315E-01   0.000E+00   0.000E+00   0.000E+00   0.000E+00      4.261E+09   0.000E+00   0.000E+00   00000   1.000E+00   0.000E+00  1s0 1388.0  193.0   50.0
  171   1.022003E+04   2.199800E+00   1.597E+13   2.343E+31   9.510E-03      2.172E-01   0.000E+00   0.000E+00   6.232E-01   0.000E+00   0.000E+00   0.000E+00   0.000E+00      4.198E+09   0.000E+00   0.000E+00   00000   1.000E+00   0.000E+00  1s0 1373.5  193.0   50.0
  172   1.022102E+04   2.199809E+00   1.537E+13   2.236E+31   9.153E-03      2.152E-01   0.000E+00   0.000E+00   6.149E-01   0.000E+00   0.000E+00   0.000E+00   0.000E+00      4.136E+09   0.000E+00   0.000E+00   00000   1.000E+00   0.000E+00  1s0 1359.5  193.0   50.0
  173   1.022200E+04   2.199818E+00   1.479E+13   2.129E+31   8.809E-03      2.134E-01   0.000E+00   0.000E+00   6.118E-01   0.000E+00   0.000E+00   0.000E+00   0.000E+00      4.111E+09   0.000E+00   0.000E+00   00000   1.000E+00   0.000E+00  1s0 1341.9  164.0   50.0
  174   1.022299E+04   2.199827E+00   1.423E+13   2.022E+31   8.477E-03      2.121E-01   0.000E+00   0.000E+00   6.034E-01   0.000E+00   0.000E+00   0.000E+00   0.000E+00      4.048E+09   0.000E+00   0.000E+00   00000   1.000E+00   0.000E+00  1s0 1315.5  164.0   50.0
  175   1.022398E+04   2.199836E+00   1.370E+13   1.915E+31   8.158E-03      2.108E-01   0.000E+00   0.000E+00   5.952E-01   0.000E+00   0.000E+00   0.000E+00   0.000E+00      3.985E+09   0.000E+00   0.000E+00   00000   1.000E+00   0.000E+00  1s0 1290.1  164.0   50.0
  176   1.022496E+04   2.199845E+00   1.318E+13   1.809E+31   7.851E-03      2.094E-01   0.000E+00   0.000E+00   5.871E-01   0.000E+00   0.000E+00   0.000E+00   0.000E+00      3.923E+09   0.000E+00   0.000E+00   00000   1.000E+00   0.000E+00  1s0 1265.7  164.0   50.0
  177   1.022595E+04   2.199854E+00   1.268E+13   1.702E+31   7.555E-03      2.080E-01   0.000E+00   0.000E+00   5.791E-01   0.000E+00   0.000E+00   0.000E+00   0.000E+00      3.862E+09   0.000E+00   0.000E+00   00000   1.000E+00   0.000E+00  1s0 1242.1  164.0   50.0
  178   1.022694E+04   2.199863E+00   1.221E+13   1.595E+31   7.271E-03      2.067E-01   0.000E+00   0.000E+00   5.712E-01   0.000E+00   0.000E+00   0.000E+00   0.000E+00      3.802E+09   0.000E+00   0.000E+00   00000   1.000E+00   0.000E+00  1s0 1219.5  164.0   50.0
  179   1.022793E+04   2.199873E+00   1.175E+13   1.488E+31   6.997E-03      2.053E-01   0.000E+00   0.000E+00   5.634E-01   0.000E+00   0.000E+00   0.000E+00   0.000E+00      3.742E+09   0.000E+00   0.000E+00   00000   1.000E+00   0.000E+00  1s0 1197.7  164.0   50.0
  180   1.022886E+04   2.199880E+00   1.130E+13   1.395E+31   6.733E-03      2.039E-01   0.000E+00   0.000E+00   5.557E-01   0.000E+00   0.000E+00   0.000E+00   0.000E+00      3.682E+09   0.000E+00   0.000E+00   00000   1.000E+00   0.000E+00  1s0 1176.7  164.0   50.0
  181   1.022964E+04   2.199885E+00   1.088E+13   1.337E+31   6.480E-03      2.024E-01   0.000E+00   0.000E+00   5.481E-01   0.000E+00   0.000E+00   0.000E+00   0.000E+00      3.623E+09   0.000E+00   0.000E+00   00000   1.000E+00   0.000E+00  1s0 1156.5  164.0   50.0
  182   1.023042E+04   2.199890E+00   1.047E+13   1.279E+31   6.236E-03      2.010E-01   0.000E+00   0.000E+00   5.406E-01   0.000E+00   0.000E+00   0.000E+00   0.000E+00      3.564E+09   0.000E+00   0.000E+00   00000   1.000E+00   0.000E+00  1s0 1137.1  164.0   50.0
  183   1.023120E+04   2.199895E+00   1.007E+13   1.220E+31   6.001E-03      1.995E-01   0.000E+00   0.000E+00   5.332E-01   0.000E+00   0.000E+00   0.000E+00   0.000E+00      3.505E+09   0.000E+00   0.000E+00   00000   1.000E+00   0.000E+00  1s0 1118.4  164.0   50.0
  184   1.023199E+04   2.199900E+00   9.694E+12   1.162E+31   5.775E-03      1.981E-01   0.000E+00   0.000E+00   5.260E-01   0.000E+00   0.000E+00   0.000E+00   0.000E+00      3.447E+09   0.000E+00   0.000E+00   00000   1.000E+00   0.000E+00  1s0 1100.4  164.0   50.0
  185   1.023277E+04   2.199905E+00   9.328E+12   1.104E+31   5.558E-03      1.965E-01   0.000E+00   0.000E+00   5.194E-01   0.000E+00   0.000E+00   0.000E+00   0.000E+00      3.393E+09   0.000E+00   0.000E+00   00000   1.000E+00   0.000E+00  1s0 1084.4  161.0   50.0
  186   1.023355E+04   2.199910E+00   8.977E+12   1.046E+31   5.349E-03      1.949E-01   0.000E+00   0.000E+00   5.124E-01   0.000E+00   0.000E+00   0.000E+00   0.000E+00      3.335E+09   0.000E+00   0.000E+00   00000   1.000E+00   0.000E+00  1s0 1069.0  161.0   50.0
  187   1.023434E+04   2.199915E+00   8.639E+12   9.880E+30   5.147E-03      1.934E-01   0.000E+00   0.000E+00   5.054E-01   0.000E+00   0.000E+00   0.000E+00   0.000E+00      3.277E+09   0.000E+00   0.000E+00   00000   1.000E+00   0.000E+00  1s0 1054.2  161.0   50.0
  188   1.023512E+04   2.199920E+00   8.313E+12   9.299E+30   4.954E-03      1.918E-01   0.000E+00   0.000E+00   4.986E-01   0.000E+00   0.000E+00   0.000E+00   0.000E+00      3.219E+09   0.000E+00   0.000E+00   00000   1.000E+00   0.000E+00  1s0 1040.0  161.0   50.0
  189   1.023590E+04   2.199925E+00   8.000E+12   8.717E+30   4.767E-03      1.902E-01   0.000E+00   0.000E+00   4.919E-01   0.000E+00   0.000E+00   0.000E+00   0.000E+00      3.161E+09   0.000E+00   0.000E+00   00000   1.000E+00   0.000E+00  1s0 1026.3  161.0   50.0
  190   1.023666E+04   2.199930E+00   7.699E+12   8.177E+30   4.588E-03      1.886E-01   0.000E+00   0.000E+00   4.852E-01   0.000E+00   0.000E+00   0.000E+00   0.000E+00      3.102E+09   0.000E+00   0.000E+00   00000   1.000E+00   0.000E+00  1s0 1013.1  161.0   50.0
  191   1.023723E+04   2.199932E+00   7.408E+12   7.895E+30   4.415E-03      1.870E-01   0.000E+00   0.000E+00   4.787E-01   0.000E+00   0.000E+00   0.000E+00   0.000E+00      3.044E+09   0.000E+00   0.000E+00   00000   1.000E+00   0.000E+00  1s0 1000.4  161.0   50.0
  192   1.023780E+04   2.199934E+00   7.129E+12   7.612E+30   4.249E-03      1.853E-01   0.000E+00   0.000E+00   4.722E-01   0.000E+00   0.000E+00   0.000E+00   0.000E+00      2.986E+09   0.000E+00   0.000E+00   00000   1.000E+00   0.000E+00  1s0  988.2  161.0   50.0
  193   1.023837E+04   2.199937E+00   6.861E+12   7.330E+30   4.089E-03      1.837E-01   0.000E+00   0.000E+00   4.659E-01   0.000E+00   0.000E+00   0.000E+00   0.000E+00      2.928E+09   0.000E+00   0.000E+00   00000   1.000E+00   0.000E+00  1s0  976.4  161.0   50.0
  194   1.023895E+04   2.199939E+00   6.602E+12   7.047E+30   3.935E-03      1.821E-01   0.000E+00   0.000E+00   4.596E-01   0.000E+00   0.000E+00   0.000E+00   0.000E+00      2.871E+09   0.000E+00   0.000E+00   00000   1.000E+00   0.000E+00  1s0  965.1  161.0   50.0
  195   1.023952E+04   2.199942E+00   6.353E+12   6.765E+30   3.787E-03      1.805E-01   0.000E+00   0.000E+00   4.534E-01   0.000E+00   0.000E+00   0.000E+00   0.000E+00      2.813E+09   0.000E+00   0.000E+00   00000   1.000E+00   0.000E+00  1s0  954.2  161.0   50.0
  196   1.024009E+04   2.199944E+00   6.114E+12   6.482E+30   3.645E-03      1.796E-01   0.000E+00   0.000E+00   4.473E-01   0.000E+00   0.000E+00   0.000E+00   0.000E+00      2.757E+09   0.000E+00   0.000E+00   00000   1.000E+00   0.000E+00  1s0  932.1  159.0   50.0
  197   1.024067E+04   2.199947E+00   5.884E+12   6.200E+30   3.508E-03      1.791E-01   0.000E+00   0.000E+00   4.407E-01   0.000E+00   0.000E+00   0.000E+00   0.000E+00      2.694E+09   0.000E+00   0.000E+00   00000   1.000E+00   0.000E+00  1s0  903.2  159.0   50.0
  198   1.024124E+04   2.199949E+00   5.662E+12   5.917E+30   3.376E-03      1.787E-01   0.000E+00   0.000E+00   4.341E-01   0.000E+00   0.000E+00   0.000E+00   0.000E+00      2.632E+09   0.000E+00   0.000E+00   00000   1.000E+00   0.000E+00  1s0  875.5  159.0   50.0
  199   1.024181E+04   2.199951E+00   5.449E+12   5.635E+30   3.248E-03      1.783E-01   0.000E+00   0.000E+00   4.276E-01   0.000E+00   0.000E+00   0.000E+00   0.000E+00      2.571E+09   0.000E+00   0.000E+00   00000   1.000E+00   0.000E+00  1s0  848.7  159.0   50.0
  200   1.024238E+04   2.199954E+00   5.243E+12   5.353E+30   3.126E-03      1.778E-01   0.000E+00   0.000E+00   4.211E-01   0.000E+00   0.000E+00   0.000E+00   0.000E+00      2.509E+09   0.000E+00   0.000E+00   00000   1.000E+00   0.000E+00  1s0  823.0  159.0   50.0
  201   1.024296E+04   2.199956E+00   5.046E+12   5.070E+30   3.008E-03      1.774E-01   0.000E+00   0.000E+00   4.147E-01   0.000E+00   0.000E+00   0.000E+00   0.000E+00      2.448E+09   0.000E+00   0.000E+00   00000   1.000E+00   0.000E+00  1s0  798.3  159.0   50.0
  202   1.024352E+04   2.199958E+00   4.856E+12   4.813E+30   2.895E-03      1.769E-01   0.000E+00   0.000E+00   4.084E-01   0.000E+00   0.000E+00   0.000E+00   0.000E+00      2.388E+09   0.000E+00   0.000E+00   00000   1.000E+00   0.000E+00  1s0  774.4  159.0   50.0
  203   1.024401E+04   2.199960E+00   4.673E+12   4.666E+30   2.786E-03      1.764E-01   0.000E+00   0.000E+00   4.022E-01   0.000E+00   0.000E+00   0.000E+00   0.000E+00      2.328E+09   0.000E+00   0.000E+00   00000   1.000E+00   0.000E+00  1s0  751.5  159.0   50.0
  204   1.024450E+04   2.199961E+00   4.497E+12   4.520E+30   2.681E-03      1.759E-01   0.000E+00   0.000E+00   3.960E-01   0.000E+00   0.000E+00   0.000E+00   0.000E+00      2.269E+09   0.000E+00   0.000E+00   00000   1.000E+00   0.000E+00  1s0  729.5  159.0   50.0
  205   1.024499E+04   2.199962E+00   4.327E+12   4.374E+30   2.580E-03      1.754E-01   0.000E+00   0.000E+00   3.898E-01   0.000E+00   0.000E+00   0.000E+00   0.000E+00      2.211E+09   0.000E+00   0.000E+00   00000   1.000E+00   0.000E+00  1s0  708.2  159.0   50.0
  206   1.024549E+04   2.199963E+00   4.164E+12   4.227E+30   2.483E-03      1.748E-01   0.000E+00   0.000E+00   3.838E-01   0.000E+00   0.000E+00   0.000E+00   0.000E+00      2.153E+09   0.000E+00   0.000E+00   00000   1.000E+00   0.000E+00  1s0  687.8  159.0   50.0
  207   1.024598E+04   2.199965E+00   4.007E+12   4.081E+30   2.390E-03      1.743E-01   0.000E+00   0.000E+00   3.778E-01   0.000E+00   0.000E+00   0.000E+00   0.000E+00      2.096E+09   0.000E+00   0.000E+00   00000   1.000E+00   0.000E+00  1s0  668.2  159.0   50.0
  208   1.024647E+04   2.199966E+00   3.856E+12   3.934E+30   2.300E-03      1.737E-01   0.000E+00   0.000E+00   3.719E-01   0.000E+00   0.000E+00   0.000E+00   0.000E+00      2.039E+09   0.000E+00   0.000E+00   00000   1.000E+00   0.000E+00  1s0  649.2  159.0   50.0
  209   1.024696E+04   2.199967E+00   3.711E+12   3.788E+30   2.213E-03      1.732E-01   0.000E+00   0.000E+00   3.660E-01   0.000E+00   0.000E+00   0.000E+00   0.000E+00      1.984E+09   0.000E+00   0.000E+00   00000   1.000E+00   0.000E+00  1s0  631.0  159.0   50.0
  210   1.024746E+04   2.199968E+00   3.571E+12   3.642E+30   2.130E-03      1.726E-01   0.000E+00   0.000E+00   3.602E-01   0.000E+00   0.000E+00   0.000E+00   0.000E+00      1.929E+09   0.000E+00   0.000E+00   00000   1.000E+00   0.000E+00  1s0  613.5  159.0   50.0
  211   1.024795E+04   2.199970E+00   3.437E+12   3.495E+30   2.050E-03      1.720E-01   0.000E+00   0.000E+00   3.544E-01   0.000E+00   0.000E+00   0.000E+00   0.000E+00      1.875E+09   0.000E+00   0.000E+00   00000   1.000E+00   0.000E+00  1s0  596.7  159.0   50.0
  212   1.024844E+04   2.199971E+00   3.307E+12   3.349E+30   1.973E-03      1.714E-01   0.000E+00   0.000E+00   3.487E-01   0.000E+00   0.000E+00   0.000E+00   0.000E+00      1.822E+09   0.000E+00   0.000E+00   00000   1.000E+00   0.000E+00  1s0  580.4  159.0   50.0
  213   1.024893E+04   2.199972E+00   3.183E+12   3.203E+30   1.898E-03      1.707E-01   0.000E+00   0.000E+00   3.431E-01   0.000E+00   0.000E+00   0.000E+00   0.000E+00      1.769E+09   0.000E+00   0.000E+00   00000   1.000E+00   0.000E+00  1s0  564.8  159.0   50.0
  214   1.024943E+04   2.199973E+00   3.063E+12   3.056E+30   1.827E-03      1.701E-01   0.000E+00   0.000E+00   3.375E-01   0.000E+00   0.000E+00   0.000E+00   0.000E+00      1.718E+09   0.000E+00   0.000E+00   00000   1.000E+00   0.000E+00  1s0  549.8  159.0   50.0
  215   1.024990E+04   2.199975E+00   2.947E+12   2.924E+30   1.758E-03      1.694E-01   0.000E+00   0.000E+00   3.320E-01   0.000E+00   0.000E+00   0.000E+00   0.000E+00      1.668E+09   0.000E+00   0.000E+00   00000   1.000E+00   0.000E+00  1s0  535.4  159.0   50.0
  216   1.025032E+04   2.199975E+00   2.836E+12   2.853E+30   1.692E-03      1.687E-01   0.000E+00   0.000E+00   3.266E-01   0.000E+00   0.000E+00   0.000E+00   0.000E+00      1.618E+09   0.000E+00   0.000E+00   00000   1.000E+00   0.000E+00  1s0  521.4  159.0   50.0
  217   1.025073E+04   2.199976E+00   2.729E+12   2.782E+30   1.628E-03      1.680E-01   0.000E+00   0.000E+00   3.212E-01   0.000E+00   0.000E+00   0.000E+00   0.000E+00      1.570E+09   0.000E+00   0.000E+00   00000   1.000E+00   0.000E+00  1s0  508.1  159.0   50.0
  218   1.025114E+04   2.199976E+00   2.626E+12   2.711E+30   1.567E-03      1.554E-01   0.000E+00   0.000E+00   3.284E-01   0.000E+00   0.000E+00   0.000E+00   0.000E+00      1.635E+09   0.000E+00   0.000E+00   00000   1.000E+00   0.000E+00  1s0  494.2  117.0   40.0
  219   1.025155E+04   2.199977E+00   2.528E+12   2.640E+30   1.508E-03      1.550E-01   0.000E+00   0.000E+00   3.232E-01   0.000E+00   0.000E+00   0.000E+00   0.000E+00      1.588E+09   0.000E+00   0.000E+00   00000   1.000E+00   0.000E+00  1s0  479.3  117.0   40.0
  220   1.025196E+04   2.199978E+00   2.432E+12   2.569E+30   1.451E-03      1.546E-01   0.000E+00   0.000E+00   3.180E-01   0.000E+00   0.000E+00   0.000E+00   0.000E+00      1.542E+09   0.000E+00   0.000E+00   00000   1.000E+00   0.000E+00  1s0  464.9  117.0   40.0
  221   1.025237E+04   2.199978E+00   2.341E+12   2.498E+30   1.397E-03      1.542E-01   0.000E+00   0.000E+00   3.129E-01   0.000E+00   0.000E+00   0.000E+00   0.000E+00      1.496E+09   0.000E+00   0.000E+00   00000   1.000E+00   0.000E+00  1s0  451.1  117.0   40.0
  222   1.025278E+04   2.199979E+00   2.252E+12   2.427E+30   1.344E-03      1.538E-01   0.000E+00   0.000E+00   3.078E-01   0.000E+00   0.000E+00   0.000E+00   0.000E+00      1.452E+09   0.000E+00   0.000E+00   00000   1.000E+00   0.000E+00  1s0  437.8  117.0   40.0
  223   1.025319E+04   2.199980E+00   2.168E+12   2.356E+30   1.294E-03      1.533E-01   0.000E+00   0.000E+00   3.028E-01   0.000E+00   0.000E+00   0.000E+00   0.000E+00      1.408E+09   0.000E+00   0.000E+00   00000   1.000E+00   0.000E+00  1s0  424.9  117.0   40.0
  224   1.025360E+04   2.199980E+00   2.086E+12   2.285E+30   1.245E-03      1.529E-01   0.000E+00   0.000E+00   2.978E-01   0.000E+00   0.000E+00   0.000E+00   0.000E+00      1.366E+09   0.000E+00   0.000E+00   00000   1.000E+00   0.000E+00  1s0  412.6  117.0   40.0
  225   1.025401E+04   2.199981E+00   2.007E+12   2.214E+30   1.198E-03      1.524E-01   0.000E+00   0.000E+00   2.929E-01   0.000E+00   0.000E+00   0.000E+00   0.000E+00      1.324E+09   0.000E+00   0.000E+00   00000   1.000E+00   0.000E+00  1s0  400.8  117.0   40.0
  226   1.025443E+04   2.199981E+00   1.932E+12   2.143E+30   1.153E-03      1.519E-01   0.000E+00   0.000E+00   2.880E-01   0.000E+00   0.000E+00   0.000E+00   0.000E+00      1.283E+09   0.000E+00   0.000E+00   00000   1.000E+00   0.000E+00  1s0  389.4  117.0   40.0
  227   1.025484E+04   2.199982E+00   1.859E+12   2.072E+30   1.110E-03      1.514E-01   0.000E+00   0.000E+00   2.831E-01   0.000E+00   0.000E+00   0.000E+00   0.000E+00      1.243E+09   0.000E+00   0.000E+00   00000   1.000E+00   0.000E+00  1s0  378.4  117.0   40.0
  228   1.025525E+04   2.199983E+00   1.789E+12   2.001E+30   1.068E-03      1.509E-01   0.000E+00   0.000E+00   2.783E-01   0.000E+00   0.000E+00   0.000E+00   0.000E+00      1.203E+09   0.000E+00   0.000E+00   00000   1.000E+00   0.000E+00  1s0  367.8  117.0   40.0
  229   1.025566E+04   2.199983E+00   1.721E+12   1.929E+30   1.028E-03      1.504E-01   0.000E+00   0.000E+00   2.736E-01   0.000E+00   0.000E+00   0.000E+00   0.000E+00      1.165E+09   0.000E+00   0.000E+00   00000   1.000E+00   0.000E+00  1s0  357.6  117.0   40.0
  230   1.025607E+04   2.199984E+00   1.657E+12   1.858E+30   9.890E-04      1.499E-01   0.000E+00   0.000E+00   2.689E-01   0.000E+00   0.000E+00   0.000E+00   0.000E+00      1.126E+09   0.000E+00   0.000E+00   00000   1.000E+00   0.000E+00  1s0  347.9  117.0   40.0
  231   1.025652E+04   2.199984E+00   1.594E+12   1.803E+30   9.518E-04      1.493E-01   0.000E+00   0.000E+00   2.642E-01   0.000E+00   0.000E+00   0.000E+00   0.000E+00      1.089E+09   0.000E+00   0.000E+00   00000   1.000E+00   0.000E+00  1s0  338.4  117.0   40.0
  232   1.025699E+04   2.199985E+00   1.534E+12   1.759E+30   9.160E-04      1.488E-01   0.000E+00   0.000E+00   2.596E-01   0.000E+00   0.000E+00   0.000E+00   0.000E+00      1.052E+09   0.000E+00   0.000E+00   00000   1.000E+00   0.000E+00  1s0  329.4  117.0   40.0
  233   1.025747E+04   2.199985E+00   1.476E+12   1.714E+30   8.816E-04      1.482E-01   0.000E+00   0.000E+00   2.550E-01   0.000E+00   0.000E+00   0.000E+00   0.000E+00      1.016E+09   0.000E+00   0.000E+00   00000   1.000E+00   0.000E+00  1s0  320.6  117.0   40.0
  234   1.025794E+04   2.199985E+00   1.421E+12   1.670E+30   8.484E-04      1.476E-01   0.000E+00   0.000E+00   2.509E-01   0.000E+00   0.000E+00   0.000E+00   0.000E+00      9.839E+08   0.000E+00   0.000E+00   00000   1.000E+00   0.000E+00  1s0  312.3  116.0   40.0
  235   1.025842E+04   2.199986E+00   1.367E+12   1.625E+30   8.165E-04      1.470E-01   0.000E+00   0.000E+00   2.464E-01   0.000E+00   0.000E+00   0.000E+00   0.000E+00      9.489E+08   0.000E+00   0.000E+00   00000   1.000E+00   0.000E+00  1s0  304.3  116.0   40.0
  236   1.025890E+04   2.199986E+00   1.316E+12   1.581E+30   7.858E-04      1.464E-01   0.000E+00   0.000E+00   2.420E-01   0.000E+00   0.000E+00   0.000E+00   0.000E+00      9.145E+08   0.000E+00   0.000E+00   00000   1.000E+00   0.000E+00  1s0  296.6  116.0   40.0
  237   1.025937E+04   2.199987E+00   1.266E+12   1.536E+30   7.562E-04      1.458E-01   0.000E+00   0.000E+00   2.376E-01   0.000E+00   0.000E+00   0.000E+00   0.000E+00      8.805E+08   0.000E+00   0.000E+00   00000   1.000E+00   0.000E+00  1s0  289.2  116.0   40.0
  238   1.025985E+04   2.199987E+00   1.218E+12   1.492E+30   7.278E-04      1.451E-01   0.000E+00   0.000E+00   2.332E-01   0.000E+00   0.000E+00   0.000E+00   0.000E+00      8.470E+08   0.000E+00   0.000E+00   00000   1.000E+00   0.000E+00  1s0  282.1  116.0   40.0
  239   1.026032E+04   2.199987E+00   1.172E+12   1.448E+30   7.004E-04      1.445E-01   0.000E+00   0.000E+00   2.289E-01   0.000E+00   0.000E+00   0.000E+00   0.000E+00      8.139E+08   0.000E+00   0.000E+00   00000   1.000E+00   0.000E+00  1s0  275.2  116.0   40.0
  240   1.026080E+04   2.199988E+00   1.128E+12   1.403E+30   6.741E-04      1.438E-01   0.000E+00   0.000E+00   2.247E-01   0.000E+00   0.000E+00   0.000E+00   0.000E+00      7.812E+08   0.000E+00   0.000E+00   00000   1.000E+00   0.000E+00  1s0  268.6  116.0   40.0
  241   1.026127E+04   2.199988E+00   1.086E+12   1.359E+30   6.487E-04      1.431E-01   0.000E+00   0.000E+00   2.204E-01   0.000E+00   0.000E+00   0.000E+00   0.000E+00      7.490E+08   0.000E+00   0.000E+00   00000   1.000E+00   0.000E+00  1s0  262.2  116.0   40.0
  242   1.026175E+04   2.199989E+00   1.045E+12   1.314E+30   6.244E-04      1.424E-01   0.000E+00   0.000E+00   2.163E-01   0.000E+00   0.000E+00   0.000E+00   0.000E+00      7.171E+08   0.000E+00   0.000E+00   00000   1.000E+00   0.000E+00  1s0  256.1  116.0   40.0
  243   1.026222E+04   2.199989E+00   1.005E+12   1.270E+30   6.009E-04      1.417E-01   0.000E+00   0.000E+00   2.121E-01   0.000E+00   0.000E+00   0.000E+00   0.000E+00      6.855E+08   0.000E+00   0.000E+00   00000   1.000E+00   0.000E+00  1s0  250.2  116.0   40.0
  244   1.026270E+04   2.199989E+00   9.676E+11   1.225E+30   5.783E-04      1.410E-01   0.000E+00   0.000E+00   2.080E-01   0.000E+00   0.000E+00   0.000E+00   0.000E+00      6.543E+08   0.000E+00   0.000E+00   00000   1.000E+00   0.000E+00  1s0  244.6  116.0   40.0
  245   1.026317E+04   2.199990E+00   9.311E+11   1.181E+30   5.565E-04      1.402E-01   0.000E+00   0.000E+00   2.040E-01   0.000E+00   0.000E+00   0.000E+00   0.000E+00      6.234E+08   0.000E+00   0.000E+00   00000   1.000E+00   0.000E+00  1s0  239.1  116.0   40.0
  246   1.026363E+04   2.199990E+00   8.961E+11   1.143E+30   5.355E-04      1.395E-01   0.000E+00   0.000E+00   1.999E-01   0.000E+00   0.000E+00   0.000E+00   0.000E+00      5.929E+08   0.000E+00   0.000E+00   00000   1.000E+00   0.000E+00  1s0  233.9  116.0   40.0
  247   1.026402E+04   2.199990E+00   8.623E+11   1.122E+30   5.154E-04      1.387E-01   0.000E+00   0.000E+00   1.960E-01   0.000E+00   0.000E+00   0.000E+00   0.000E+00      5.626E+08   0.000E+00   0.000E+00   00000   1.000E+00   0.000E+00  1s0  228.8  116.0   40.0
  248   1.026442E+04   2.199990E+00   8.298E+11   1.102E+30   4.959E-04      1.379E-01   0.000E+00   0.000E+00   1.920E-01   0.000E+00   0.000E+00   0.000E+00   0.000E+00      5.327E+08   0.000E+00   0.000E+00   00000   1.000E+00   0.000E+00  1s0  224.0  116.0   40.0
  249   1.026481E+04   2.199991E+00   7.985E+11   1.082E+30   4.773E-04      1.371E-01   0.000E+00   0.000E+00   1.881E-01   0.000E+00   0.000E+00   0.000E+00   0.000E+00      5.032E+08   0.000E+00   0.000E+00   00000   1.000E+00   0.000E+00  1s0  219.3  116.0   40.0
  250   1.026521E+04   2.199991E+00   7.685E+11   1.061E+30   4.593E-04      1.363E-01   0.000E+00   0.000E+00   1.843E-01   0.000E+00   0.000E+00   0.000E+00   0.000E+00      4.742E+08   0.000E+00   0.000E+00   00000   1.000E+00   0.000E+00  1s0  214.8  116.0   40.0
  251   1.026560E+04   2.199991E+00   7.395E+11   1.041E+30   4.420E-04      1.355E-01   0.000E+00   0.000E+00   1.804E-01   0.000E+00   0.000E+00   0.000E+00   0.000E+00      4.458E+08   0.000E+00   0.000E+00   00000   1.000E+00   0.000E+00  1s0  210.5  116.0   40.0
  252   1.026599E+04   2.199991E+00   7.116E+11   1.020E+30   4.254E-04      1.347E-01   0.000E+00   0.000E+00   1.767E-01   0.000E+00   0.000E+00   0.000E+00   0.000E+00      4.179E+08   0.000E+00   0.000E+00   00000   1.000E+00   0.000E+00  1s0  206.3  116.0   40.0
  253   1.026639E+04   2.199991E+00   6.848E+11   1.000E+30   4.093E-04      1.338E-01   0.000E+00   0.000E+00   1.729E-01   0.000E+00   0.000E+00   0.000E+00   0.000E+00      3.906E+08   0.000E+00   0.000E+00   00000   1.000E+00   0.000E+00  1s0  202.3  116.0   40.0
  254   1.026678E+04   2.199991E+00   6.590E+11   9.796E+29   3.939E-04      1.330E-01   0.000E+00   0.000E+00   1.692E-01   0.000E+00   0.000E+00   0.000E+00   0.000E+00      3.638E+08   0.000E+00   0.000E+00   00000   1.000E+00   0.000E+00  1s0  198.4  116.0   40.0
  255   1.026718E+04   2.199992E+00   6.342E+11   9.591E+29   3.791E-04      1.322E-01   0.000E+00   0.000E+00   1.655E-01   0.000E+00   0.000E+00   0.000E+00   0.000E+00      3.374E+08   0.000E+00   0.000E+00   00000   1.000E+00   0.000E+00  1s0  194.5  116.0   40.0
  256   1.026757E+04   2.199992E+00   6.103E+11   9.387E+29   3.648E-04      1.313E-01   0.000E+00   0.000E+00   1.618E-01   0.000E+00   0.000E+00   0.000E+00   0.000E+00      3.118E+08   0.000E+00   0.000E+00   00000   1.000E+00   0.000E+00  1s0  190.8  116.0   40.0
  257   1.026797E+04   2.199992E+00   5.873E+11   9.183E+29   3.511E-04      1.305E-01   0.000E+00   0.000E+00   1.581E-01   0.000E+00   0.000E+00   0.000E+00   0.000E+00      2.869E+08   0.000E+00   0.000E+00   00000   1.000E+00   0.000E+00  1s0  187.2  116.0   40.0
  258   1.026836E+04   2.199992E+00   5.652E+11   8.979E+29   3.379E-04      1.296E-01   0.000E+00   0.000E+00   1.545E-01   0.000E+00   0.000E+00   0.000E+00   0.000E+00      2.628E+08   0.000E+00   0.000E+00   00000   1.000E+00   0.000E+00  1s0  183.8  116.0   40.0
  259   1.026875E+04   2.199992E+00   5.439E+11   8.775E+29   3.252E-04      1.287E-01   0.000E+00   0.000E+00   1.509E-01   0.000E+00   0.000E+00   0.000E+00   0.000E+00      2.395E+08   0.000E+00   0.000E+00   00000   1.000E+00   0.000E+00  1s0  180.5  116.0   40.0
  260   1.026915E+04   2.199992E+00   5.234E+11   8.571E+29   3.130E-04      1.287E-01   0.000E+00   0.000E+00   1.457E-01   0.000E+00   0.000E+00   0.000E+00   0.000E+00      2.064E+08   0.000E+00   0.000E+00   00000   1.000E+00   0.000E+00  1s0  174.1  116.0   40.0
  261   1.026954E+04   2.199993E+00   5.037E+11   8.367E+29   3.012E-04      1.287E-01   0.000E+00   0.000E+00   1.399E-01   0.000E+00   0.000E+00   0.000E+00   0.000E+00      1.719E+08   0.000E+00   0.000E+00   00000   1.000E+00   0.000E+00  1s0  167.4  116.0   40.0
  262   1.026994E+04   2.199993E+00   4.847E+11   8.163E+29   2.899E-04      1.287E-01   0.000E+00   0.000E+00   1.338E-01   0.000E+00   0.000E+00   0.000E+00   0.000E+00      1.379E+08   0.000E+00   0.000E+00   00000   1.000E+00   0.000E+00  1s0  160.9  116.0   40.0
  263   1.027033E+04   2.199993E+00   4.664E+11   7.959E+29   2.790E-04      1.288E-01   0.000E+00   0.000E+00   1.274E-01   0.000E+00   0.000E+00   0.000E+00   0.000E+00      1.046E+08   0.000E+00   0.000E+00   00000   1.000E+00   0.000E+00  1s0  154.7  116.0   40.0
  264   1.027073E+04   2.199993E+00   4.488E+11   7.754E+29   2.685E-04      1.288E-01   0.000E+00   0.000E+00   1.205E-01   0.000E+00   0.000E+00   0.000E+00   0.000E+00      7.237E+07   0.000E+00   0.000E+00   00000   1.000E+00   0.000E+00  1s0  148.8  116.0   40.0
  265   1.027112E+04   2.199993E+00   4.319E+11   7.550E+29   2.584E-04      1.289E-01   0.000E+00   0.000E+00   1.131E-01   0.000E+00   0.000E+00   0.000E+00   0.000E+00      4.172E+07   0.000E+00   0.000E+00   00000   1.000E+00   0.000E+00  1s0  143.0  116.0   40.0
  266   1.027152E+04   2.199994E+00   4.157E+11   7.346E+29   2.487E-04      1.289E-01   0.000E+00   0.000E+00   1.048E-01   0.000E+00   0.000E+00   0.000E+00   0.000E+00      1.351E+07   0.000E+00   0.000E+00   00000   1.000E+00   0.000E+00  1s0  137.5  116.0   40.0
  267   1.027210E+04   2.199994E+00   4.000E+11   7.130E+29   2.394E-04      1.290E-01   0.000E+00   0.000E+00   9.542E-02   0.000E+00   0.000E+00   0.000E+00   0.000E+00      8.963E+03   0.000E+00   0.000E+00   00000   1.000E+00   0.000E+00  1s0  132.2  116.0   40.0
  268   1.027308E+04   2.199994E+00   3.849E+11   6.888E+29   2.304E-04      1.280E-01   0.000E+00   0.000E+00   0.000E+00   0.000E+00   0.000E+00   0.000E+00   0.000E+00      0.000E+00   0.000E+00   0.000E+00   00000   0.000E+00   0.000E+00       130.0  130.0   40.0
  269   1.027406E+04   2.199994E+00   3.704E+11   6.645E+29   2.217E-04      1.264E-01   0.000E+00   0.000E+00   0.000E+00   0.000E+00   0.000E+00   0.000E+00   0.000E+00      0.000E+00   0.000E+00   0.000E+00   00000   0.000E+00   0.000E+00       130.0  130.0   40.0
  270   1.027504E+04   2.199994E+00   3.564E+11   6.403E+29   2.133E-04      1.248E-01   0.000E+00   0.000E+00   0.000E+00   0.000E+00   0.000E+00   0.000E+00   0.000E+00      0.000E+00   0.000E+00   0.000E+00   00000   0.000E+00   0.000E+00       130.0  130.0   40.0
  271   1.027603E+04   2.199995E+00   3.430E+11   6.161E+29   2.053E-04      1.232E-01   0.000E+00   0.000E+00   0.000E+00   0.000E+00   0.000E+00   0.000E+00   0.000E+00      0.000E+00   0.000E+00   0.000E+00   00000   0.000E+00   0.000E+00       130.0  130.0   40.0
  272   1.027701E+04   2.199995E+00   3.301E+11   5.918E+29   1.975E-04      1.216E-01   0.000E+00   0.000E+00   0.000E+00   0.000E+00   0.000E+00   0.000E+00   0.000E+00      0.000E+00   0.000E+00   0.000E+00   00000   0.000E+00   0.000E+00       130.0  130.0   40.0
  273   1.027799E+04   2.199995E+00   3.176E+11   5.676E+29   1.901E-04      1.214E-01   0.000E+00   0.000E+00   0.000E+00   0.000E+00   0.000E+00   0.000E+00   0.000E+00      0.000E+00   0.000E+00   0.000E+00   00000   0.000E+00   0.000E+00        88.0   88.0   28.0
  274   1.027898E+04   2.199995E+00   3.057E+11   5.433E+29   1.830E-04      1.199E-01   0.000E+00   0.000E+00   0.000E+00   0.000E+00   0.000E+00   0.000E+00   0.000E+00      0.000E+00   0.000E+00   0.000E+00   00000   0.000E+00   0.000E+00        88.0   88.0   28.0
  275   1.027996E+04   2.199995E+00   2.941E+11   5.191E+29   1.761E-04      1.184E-01   0.000E+00   0.000E+00   0.000E+00   0.000E+00   0.000E+00   0.000E+00   0.000E+00      0.000E+00   0.000E+00   0.000E+00   00000   0.000E+00   0.000E+00        88.0   88.0   28.0
  276   1.028094E+04   2.199996E+00   2.831E+11   4.949E+29   1.695E-04      1.169E-01   0.000E+00   0.000E+00   0.000E+00   0.000E+00   0.000E+00   0.000E+00   0.000E+00      0.000E+00   0.000E+00   0.000E+00   00000   0.000E+00   0.000E+00        88.0   88.0   28.0
  277   1.028193E+04   2.199996E+00   2.724E+11   4.706E+29   1.631E-04      1.154E-01   0.000E+00   0.000E+00   0.000E+00   0.000E+00   0.000E+00   0.000E+00   0.000E+00      0.000E+00   0.000E+00   0.000E+00   00000   0.000E+00   0.000E+00        88.0   88.0   28.0
  278   1.028291E+04   2.199996E+00   2.621E+11   4.464E+29   1.570E-04      1.148E-01   0.000E+00   0.000E+00   0.000E+00   0.000E+00   0.000E+00   0.000E+00   0.000E+00      0.000E+00   0.000E+00   0.000E+00   00000   0.000E+00   0.000E+00        86.0   86.0   28.0
  279   1.028391E+04   2.199996E+00   2.522E+11   4.260E+29   1.511E-04      1.133E-01   0.000E+00   0.000E+00   0.000E+00   0.000E+00   0.000E+00   0.000E+00   0.000E+00      0.000E+00   0.000E+00   0.000E+00   00000   0.000E+00   0.000E+00        86.0   86.0   28.0
  280   1.028494E+04   2.199996E+00   2.427E+11   4.097E+29   1.454E-04      1.119E-01   0.000E+00   0.000E+00   0.000E+00   0.000E+00   0.000E+00   0.000E+00   0.000E+00      0.000E+00   0.000E+00   0.000E+00   00000   0.000E+00   0.000E+00        86.0   86.0   28.0
  281   1.028597E+04   2.199997E+00   2.336E+11   3.933E+29   1.399E-04      1.105E-01   0.000E+00   0.000E+00   0.000E+00   0.000E+00   0.000E+00   0.000E+00   0.000E+00      0.000E+00   0.000E+00   0.000E+00   00000   0.000E+00   0.000E+00        86.0   86.0   28.0
  282   1.028699E+04   2.199997E+00   2.248E+11   3.769E+29   1.346E-04      1.091E-01   0.000E+00   0.000E+00   0.000E+00   0.000E+00   0.000E+00   0.000E+00   0.000E+00      0.000E+00   0.000E+00   0.000E+00   00000   0.000E+00   0.000E+00        86.0   86.0   28.0
  283   1.028802E+04   2.199997E+00   2.163E+11   3.605E+29   1.295E-04      1.077E-01   0.000E+00   0.000E+00   0.000E+00   0.000E+00   0.000E+00   0.000E+00   0.000E+00      0.000E+00   0.000E+00   0.000E+00   00000   0.000E+00   0.000E+00        86.0   86.0   28.0
  284   1.028905E+04   2.199997E+00   2.081E+11   3.441E+29   1.246E-04      1.063E-01   0.000E+00   0.000E+00   0.000E+00   0.000E+00   0.000E+00   0.000E+00   0.000E+00      0.000E+00   0.000E+00   0.000E+00   00000   0.000E+00   0.000E+00        86.0   86.0   28.0
  285   1.029007E+04   2.199997E+00   2.003E+11   3.278E+29   1.200E-04      1.058E-01   0.000E+00   0.000E+00   0.000E+00   0.000E+00   0.000E+00   0.000E+00   0.000E+00      0.000E+00   0.000E+00   0.000E+00   00000   0.000E+00   0.000E+00        84.0   84.0   28.0
  286   1.029110E+04   2.199997E+00   1.927E+11   3.114E+29   1.155E-04      1.045E-01   0.000E+00   0.000E+00   0.000E+00   0.000E+00   0.000E+00   0.000E+00   0.000E+00      0.000E+00   0.000E+00   0.000E+00   00000   0.000E+00   0.000E+00        84.0   84.0   28.0
  287   1.029213E+04   2.199997E+00   1.855E+11   2.950E+29   1.111E-04      1.031E-01   0.000E+00   0.000E+00   0.000E+00   0.000E+00   0.000E+00   0.000E+00   0.000E+00      0.000E+00   0.000E+00   0.000E+00   00000   0.000E+00   0.000E+00        84.0   84.0   28.0
  288   1.029315E+04   2.199998E+00   1.785E+11   2.786E+29   1.069E-04      1.018E-01   0.000E+00   0.000E+00   0.000E+00   0.000E+00   0.000E+00   0.000E+00   0.000E+00      0.000E+00   0.000E+00   0.000E+00   00000   0.000E+00   0.000E+00        84.0   84.0   28.0
  289   1.029418E+04   2.199998E+00   1.718E+11   2.622E+29   1.029E-04      1.005E-01   0.000E+00   0.000E+00   0.000E+00   0.000E+00   0.000E+00   0.000E+00   0.000E+00      0.000E+00   0.000E+00   0.000E+00   00000   0.000E+00   0.000E+00        84.0   84.0   28.0
  290   1.029510E+04   2.199998E+00   1.653E+11   2.510E+29   9.902E-05      9.924E-02   0.000E+00   0.000E+00   0.000E+00   0.000E+00   0.000E+00   0.000E+00   0.000E+00      0.000E+00   0.000E+00   0.000E+00   00000   0.000E+00   0.000E+00        84.0   84.0   28.0
  291   1.029598E+04   2.199998E+00   1.591E+11   2.418E+29   9.530E-05      9.798E-02   0.000E+00   0.000E+00   0.000E+00   0.000E+00   0.000E+00   0.000E+00   0.000E+00      0.000E+00   0.000E+00   0.000E+00   00000   0.000E+00   0.000E+00        84.0   84.0   28.0
  292   1.029686E+04   2.199998E+00   1.531E+11   2.326E+29   9.171E-05      9.673E-02   0.000E+00   0.000E+00   0.000E+00   0.000E+00   0.000E+00   0.000E+00   0.000E+00      0.000E+00   0.000E+00   0.000E+00   00000   0.000E+00   0.000E+00        84.0   84.0   28.0
  293   1.029774E+04   2.199998E+00   1.473E+11   2.234E+29   8.827E-05      9.551E-02   0.000E+00   0.000E+00   0.000E+00   0.000E+00   0.000E+00   0.000E+00   0.000E+00      0.000E+00   0.000E+00   0.000E+00   00000   0.000E+00   0.000E+00        84.0   84.0   28.0
  294   1.029862E+04   2.199998E+00   1.417E+11   2.142E+29   8.495E-05      9.429E-02   0.000E+00   0.000E+00   0.000E+00   0.000E+00   0.000E+00   0.000E+00   0.000E+00      0.000E+00   0.000E+00   0.000E+00   00000   0.000E+00   0.000E+00        84.0   84.0   28.0
  295   1.029950E+04   2.199998E+00   1.364E+11   2.050E+29   8.175E-05      9.385E-02   0.000E+00   0.000E+00   0.000E+00   0.000E+00   0.000E+00   0.000E+00   0.000E+00      0.000E+00   0.000E+00   0.000E+00   00000   0.000E+00   0.000E+00        82.0   82.0   28.0
  296   1.030038E+04   2.199998E+00   1.313E+11   1.958E+29   7.868E-05      9.266E-02   0.000E+00   0.000E+00   0.000E+00   0.000E+00   0.000E+00   0.000E+00   0.000E+00      0.000E+00   0.000E+00   0.000E+00   00000   0.000E+00   0.000E+00        82.0   82.0   28.0
  297   1.030126E+04   2.199998E+00   1.263E+11   1.866E+29   7.572E-05      9.148E-02   0.000E+00   0.000E+00   0.000E+00   0.000E+00   0.000E+00   0.000E+00   0.000E+00      0.000E+00   0.000E+00   0.000E+00   00000   0.000E+00   0.000E+00        82.0   82.0   28.0
  298   1.030214E+04   2.199998E+00   1.215E+11   1.775E+29   7.288E-05      9.032E-02   0.000E+00   0.000E+00   0.000E+00   0.000E+00   0.000E+00   0.000E+00   0.000E+00      0.000E+00   0.000E+00   0.000E+00   00000   0.000E+00   0.000E+00        82.0   82.0   28.0
  299   1.030302E+04   2.199998E+00   1.170E+11   1.683E+29   7.014E-05      8.918E-02   0.000E+00   0.000E+00   0.000E+00   0.000E+00   0.000E+00   0.000E+00   0.000E+00      0.000E+00   0.000E+00   0.000E+00   00000   0.000E+00   0.000E+00        82.0   82.0   28.0
  300   1.030389E+04   2.199999E+00   1.126E+11   1.591E+29   6.751E-05      8.805E-02   0.000E+00   0.000E+00   0.000E+00   0.000E+00   0.000E+00   0.000E+00   0.000E+00      0.000E+00   0.000E+00   0.000E+00   00000   0.000E+00   0.000E+00        82.0   82.0   28.0
  301   1.030476E+04   2.199999E+00   1.083E+11   1.511E+29   6.497E-05      8.693E-02   0.000E+00   0.000E+00   0.000E+00   0.000E+00   0.000E+00   0.000E+00   0.000E+00      0.000E+00   0.000E+00   0.000E+00   00000   0.000E+00   0.000E+00        82.0   82.0   28.0
  302   1.030561E+04   2.199999E+00   1.042E+11   1.454E+29   6.253E-05      8.653E-02   0.000E+00   0.000E+00   0.000E+00   0.000E+00   0.000E+00   0.000E+00   0.000E+00      0.000E+00   0.000E+00   0.000E+00   00000   0.000E+00   0.000E+00        80.0   80.0   28.0
  303   1.030645E+04   2.199999E+00   1.003E+11   1.397E+29   6.017E-05      8.543E-02   0.000E+00   0.000E+00   0.000E+00   0.000E+00   0.000E+00   0.000E+00   0.000E+00      0.000E+00   0.000E+00   0.000E+00   00000   0.000E+00   0.000E+00        80.0   80.0   28.0
  304   1.030730E+04   2.199999E+00   9.652E+10   1.340E+29   5.791E-05      8.435E-02   0.000E+00   0.000E+00   0.000E+00   0.000E+00   0.000E+00   0.000E+00   0.000E+00      0.000E+00   0.000E+00   0.000E+00   00000   0.000E+00   0.000E+00        80.0   80.0   28.0
  305   1.030814E+04   2.199999E+00   9.288E+10   1.283E+29   5.573E-05      8.327E-02   0.000E+00   0.000E+00   0.000E+00   0.000E+00   0.000E+00   0.000E+00   0.000E+00      0.000E+00   0.000E+00   0.000E+00   00000   0.000E+00   0.000E+00        80.0   80.0   28.0
  306   1.030899E+04   2.199999E+00   8.938E+10   1.226E+29   5.363E-05      8.222E-02   0.000E+00   0.000E+00   0.000E+00   0.000E+00   0.000E+00   0.000E+00   0.000E+00      0.000E+00   0.000E+00   0.000E+00   00000   0.000E+00   0.000E+00        80.0   80.0   28.0
  307   1.030983E+04   2.199999E+00   8.601E+10   1.169E+29   5.161E-05      8.117E-02   0.000E+00   0.000E+00   0.000E+00   0.000E+00   0.000E+00   0.000E+00   0.000E+00      0.000E+00   0.000E+00   0.000E+00   00000   0.000E+00   0.000E+00        80.0   80.0   28.0
  308   1.031068E+04   2.199999E+00   8.277E+10   1.112E+29   4.966E-05      8.082E-02   0.000E+00   0.000E+00   0.000E+00   0.000E+00   0.000E+00   0.000E+00   0.000E+00      0.000E+00   0.000E+00   0.000E+00   00000   0.000E+00   0.000E+00        78.0   78.0   28.0
  309   1.031152E+04   2.199999E+00   7.965E+10   1.054E+29   4.779E-05      7.979E-02   0.000E+00   0.000E+00   0.000E+00   0.000E+00   0.000E+00   0.000E+00   0.000E+00      0.000E+00   0.000E+00   0.000E+00   00000   0.000E+00   0.000E+00        78.0   78.0   28.0
  310   1.031237E+04   2.199999E+00   7.664E+10   9.973E+28   4.599E-05      7.877E-02   0.000E+00   0.000E+00   0.000E+00   0.000E+00   0.000E+00   0.000E+00   0.000E+00      0.000E+00   0.000E+00   0.000E+00   00000   0.000E+00   0.000E+00        78.0   78.0   28.0
  311   1.031321E+04   2.199999E+00   7.375E+10   9.402E+28   4.426E-05      7.777E-02   0.000E+00   0.000E+00   0.000E+00   0.000E+00   0.000E+00   0.000E+00   0.000E+00      0.000E+00   0.000E+00   0.000E+00   00000   0.000E+00   0.000E+00        78.0   78.0   28.0
  312   1.031402E+04   2.199999E+00   7.097E+10   8.931E+28   4.259E-05      7.678E-02   0.000E+00   0.000E+00   0.000E+00   0.000E+00   0.000E+00   0.000E+00   0.000E+00      0.000E+00   0.000E+00   0.000E+00   00000   0.000E+00   0.000E+00        78.0   78.0   28.0
  313   1.031479E+04   2.199999E+00   6.830E+10   8.586E+28   4.099E-05      7.581E-02   0.000E+00   0.000E+00   0.000E+00   0.000E+00   0.000E+00   0.000E+00   0.000E+00      0.000E+00   0.000E+00   0.000E+00   00000   0.000E+00   0.000E+00        78.0   78.0   28.0
  314   1.031556E+04   2.199999E+00   6.572E+10   8.241E+28   3.944E-05      7.484E-02   0.000E+00   0.000E+00   0.000E+00   0.000E+00   0.000E+00   0.000E+00   0.000E+00      0.000E+00   0.000E+00   0.000E+00   00000   0.000E+00   0.000E+00        78.0   78.0   28.0
  315   1.031633E+04   2.199999E+00   6.325E+10   7.895E+28   3.796E-05      7.389E-02   0.000E+00   0.000E+00   0.000E+00   0.000E+00   0.000E+00   0.000E+00   0.000E+00      0.000E+00   0.000E+00   0.000E+00   00000   0.000E+00   0.000E+00        78.0   78.0   28.0
  316   1.031710E+04   2.199999E+00   6.086E+10   7.550E+28   3.653E-05      7.295E-02   0.000E+00   0.000E+00   0.000E+00   0.000E+00   0.000E+00   0.000E+00   0.000E+00      0.000E+00   0.000E+00   0.000E+00   00000   0.000E+00   0.000E+00        78.0   78.0   28.0
  317   1.031787E+04   2.199999E+00   5.857E+10   7.205E+28   3.515E-05      7.202E-02   0.000E+00   0.000E+00   0.000E+00   0.000E+00   0.000E+00   0.000E+00   0.000E+00      0.000E+00   0.000E+00   0.000E+00   00000   0.000E+00   0.000E+00        78.0   78.0   28.0
  318   1.031864E+04   2.199999E+00   5.636E+10   6.859E+28   3.383E-05      7.111E-02   0.000E+00   0.000E+00   0.000E+00   0.000E+00   0.000E+00   0.000E+00   0.000E+00      0.000E+00   0.000E+00   0.000E+00   00000   0.000E+00   0.000E+00        78.0   78.0   28.0
  319   1.031941E+04   2.199999E+00   5.423E+10   6.514E+28   3.255E-05      7.020E-02   0.000E+00   0.000E+00   0.000E+00   0.000E+00   0.000E+00   0.000E+00   0.000E+00      0.000E+00   0.000E+00   0.000E+00   00000   0.000E+00   0.000E+00        78.0   78.0   28.0
  320   1.032018E+04   2.199999E+00   5.219E+10   6.169E+28   3.133E-05      6.931E-02   0.000E+00   0.000E+00   0.000E+00   0.000E+00   0.000E+00   0.000E+00   0.000E+00      0.000E+00   0.000E+00   0.000E+00   00000   0.000E+00   0.000E+00        78.0   78.0   28.0
  321   1.032095E+04   2.199999E+00   5.022E+10   5.823E+28   3.015E-05      6.843E-02   0.000E+00   0.000E+00   0.000E+00   0.000E+00   0.000E+00   0.000E+00   0.000E+00      0.000E+00   0.000E+00   0.000E+00   00000   0.000E+00   0.000E+00        78.0   78.0   28.0
  322   1.032172E+04   2.200000E+00   4.833E+10   5.478E+28   2.902E-05      6.756E-02   0.000E+00   0.000E+00   0.000E+00   0.000E+00   0.000E+00   0.000E+00   0.000E+00      0.000E+00   0.000E+00   0.000E+00   00000   0.000E+00   0.000E+00        78.0   78.0   28.0
  323   1.032244E+04   2.200000E+00   4.651E+10   5.221E+28   2.793E-05      6.671E-02   0.000E+00   0.000E+00   0.000E+00   0.000E+00   0.000E+00   0.000E+00   0.000E+00      0.000E+00   0.000E+00   0.000E+00   00000   0.000E+00   0.000E+00        78.0   78.0   28.0
  324   1.032313E+04   2.200000E+00   4.475E+10   5.020E+28   2.688E-05      6.586E-02   0.000E+00   0.000E+00   0.000E+00   0.000E+00   0.000E+00   0.000E+00   0.000E+00      0.000E+00   0.000E+00   0.000E+00   00000   0.000E+00   0.000E+00        78.0   78.0   28.0
  325   1.032382E+04   2.200000E+00   4.307E+10   4.819E+28   2.587E-05      6.502E-02   0.000E+00   0.000E+00   0.000E+00   0.000E+00   0.000E+00   0.000E+00   0.000E+00      0.000E+00   0.000E+00   0.000E+00   00000   0.000E+00   0.000E+00        78.0   78.0   28.0
  326   1.032452E+04   2.200000E+00   4.144E+10   4.618E+28   2.489E-05      6.514E-02   0.000E+00   0.000E+00   0.000E+00   0.000E+00   0.000E+00   0.000E+00   0.000E+00      0.000E+00   0.000E+00   0.000E+00   00000   0.000E+00   0.000E+00        80.0   80.0   30.0
  327   1.032521E+04   2.200000E+00   3.988E+10   4.417E+28   2.395E-05      6.431E-02   0.000E+00   0.000E+00   0.000E+00   0.000E+00   0.000E+00   0.000E+00   0.000E+00      0.000E+00   0.000E+00   0.000E+00   00000   0.000E+00   0.000E+00        80.0   80.0   30.0
  328   1.032590E+04   2.200000E+00   3.838E+10   4.216E+28   2.305E-05      6.349E-02   0.000E+00   0.000E+00   0.000E+00   0.000E+00   0.000E+00   0.000E+00   0.000E+00      0.000E+00   0.000E+00   0.000E+00   00000   0.000E+00   0.000E+00        80.0   80.0   30.0
  329   1.032659E+04   2.200000E+00   3.693E+10   4.015E+28   2.218E-05      6.268E-02   0.000E+00   0.000E+00   0.000E+00   0.000E+00   0.000E+00   0.000E+00   0.000E+00      0.000E+00   0.000E+00   0.000E+00   00000   0.000E+00   0.000E+00        80.0   80.0   30.0
  330   1.032728E+04   2.200000E+00   3.554E+10   3.815E+28   2.134E-05      6.188E-02   0.000E+00   0.000E+00   0.000E+00   0.000E+00   0.000E+00   0.000E+00   0.000E+00      0.000E+00   0.000E+00   0.000E+00   00000   0.000E+00   0.000E+00        80.0   80.0   30.0
  331   1.032797E+04   2.200000E+00   3.420E+10   3.614E+28   2.054E-05      6.109E-02   0.000E+00   0.000E+00   0.000E+00   0.000E+00   0.000E+00   0.000E+00   0.000E+00      0.000E+00   0.000E+00   0.000E+00   00000   0.000E+00   0.000E+00        80.0   80.0   30.0
  332   1.032866E+04   2.200000E+00   3.291E+10   3.413E+28   1.976E-05      6.032E-02   0.000E+00   0.000E+00   0.000E+00   0.000E+00   0.000E+00   0.000E+00   0.000E+00      0.000E+00   0.000E+00   0.000E+00   00000   0.000E+00   0.000E+00        80.0   80.0   30.0
  333   1.032935E+04   2.200000E+00   3.167E+10   3.212E+28   1.902E-05      5.955E-02   0.000E+00   0.000E+00   0.000E+00   0.000E+00   0.000E+00   0.000E+00   0.000E+00      0.000E+00   0.000E+00   0.000E+00   00000   0.000E+00   0.000E+00        80.0   80.0   30.0
  334   1.032998E+04   2.200000E+00   3.048E+10   3.077E+28   1.830E-05      5.879E-02   0.000E+00   0.000E+00   0.000E+00   0.000E+00   0.000E+00   0.000E+00   0.000E+00      0.000E+00   0.000E+00   0.000E+00   00000   0.000E+00   0.000E+00        80.0   80.0   30.0
  335   1.033059E+04   2.200000E+00   2.933E+10   2.959E+28   1.762E-05      5.805E-02   0.000E+00   0.000E+00   0.000E+00   0.000E+00   0.000E+00   0.000E+00   0.000E+00      0.000E+00   0.000E+00   0.000E+00   00000   0.000E+00   0.000E+00        80.0   80.0   30.0
  336   1.033119E+04   2.200000E+00   2.822E+10   2.841E+28   1.695E-05      5.731E-02   0.000E+00   0.000E+00   0.000E+00   0.000E+00   0.000E+00   0.000E+00   0.000E+00      0.000E+00   0.000E+00   0.000E+00   00000   0.000E+00   0.000E+00        80.0   80.0   30.0
  337   1.033180E+04   2.200000E+00   2.716E+10   2.723E+28   1.632E-05      5.659E-02   0.000E+00   0.000E+00   0.000E+00   0.000E+00   0.000E+00   0.000E+00   0.000E+00      0.000E+00   0.000E+00   0.000E+00   00000   0.000E+00   0.000E+00        80.0   80.0   30.0
  338   1.033241E+04   2.200000E+00   2.613E+10   2.605E+28   1.570E-05      5.587E-02   0.000E+00   0.000E+00   0.000E+00   0.000E+00   0.000E+00   0.000E+00   0.000E+00      0.000E+00   0.000E+00   0.000E+00   00000   0.000E+00   0.000E+00        80.0   80.0   30.0
  339   1.033302E+04   2.200000E+00   2.515E+10   2.486E+28   1.511E-05      5.516E-02   0.000E+00   0.000E+00   0.000E+00   0.000E+00   0.000E+00   0.000E+00   0.000E+00      0.000E+00   0.000E+00   0.000E+00   00000   0.000E+00   0.000E+00        80.0   80.0   30.0
  340   1.033363E+04   2.200000E+00   2.420E+10   2.368E+28   1.454E-05      5.445E-02   0.000E+00   0.000E+00   0.000E+00   0.000E+00   0.000E+00   0.000E+00   0.000E+00      0.000E+00   0.000E+00   0.000E+00   00000   0.000E+00   0.000E+00        80.0   80.0   30.0
  341   1.033424E+04   2.200000E+00   2.329E+10   2.250E+28   1.399E-05      5.376E-02   0.000E+00   0.000E+00   0.000E+00   0.000E+00   0.000E+00   0.000E+00   0.000E+00      0.000E+00   0.000E+00   0.000E+00   00000   0.000E+00   0.000E+00        80.0   80.0   30.0
  342   1.033485E+04   2.200000E+00   2.241E+10   2.132E+28   1.347E-05      5.308E-02   0.000E+00   0.000E+00   0.000E+00   0.000E+00   0.000E+00   0.000E+00   0.000E+00      0.000E+00   0.000E+00   0.000E+00   00000   0.000E+00   0.000E+00        80.0   80.0   30.0
  343   1.033546E+04   2.200000E+00   2.157E+10   2.014E+28   1.296E-05      5.240E-02   0.000E+00   0.000E+00   0.000E+00   0.000E+00   0.000E+00   0.000E+00   0.000E+00      0.000E+00   0.000E+00   0.000E+00   00000   0.000E+00   0.000E+00        80.0   80.0   30.0
  344   1.033607E+04   2.200000E+00   2.075E+10   1.896E+28   1.247E-05      5.217E-02   0.000E+00   0.000E+00   0.000E+00   0.000E+00   0.000E+00   0.000E+00   0.000E+00      0.000E+00   0.000E+00   0.000E+00   00000   0.000E+00   0.000E+00        78.0   78.0   30.0
  345   1.033663E+04   2.200000E+00   1.997E+10   1.816E+28   1.200E-05      5.151E-02   0.000E+00   0.000E+00   0.000E+00   0.000E+00   0.000E+00   0.000E+00   0.000E+00      0.000E+00   0.000E+00   0.000E+00   00000   0.000E+00   0.000E+00        78.0   78.0   30.0
  346   1.033716E+04   2.200000E+00   1.922E+10   1.749E+28   1.155E-05      5.086E-02   0.000E+00   0.000E+00   0.000E+00   0.000E+00   0.000E+00   0.000E+00   0.000E+00      0.000E+00   0.000E+00   0.000E+00   00000   0.000E+00   0.000E+00        78.0   78.0   30.0
  347   1.033770E+04   2.200000E+00   1.849E+10   1.681E+28   1.112E-05      5.021E-02   0.000E+00   0.000E+00   0.000E+00   0.000E+00   0.000E+00   0.000E+00   0.000E+00      0.000E+00   0.000E+00   0.000E+00   00000   0.000E+00   0.000E+00        78.0   78.0   30.0
  348   1.033824E+04   2.200000E+00   1.780E+10   1.614E+28   1.070E-05      4.957E-02   0.000E+00   0.000E+00   0.000E+00   0.000E+00   0.000E+00   0.000E+00   0.000E+00      0.000E+00   0.000E+00   0.000E+00   00000   0.000E+00   0.000E+00        78.0   78.0   30.0
  349   1.033878E+04   2.200000E+00   1.713E+10   1.546E+28   1.030E-05      4.894E-02   0.000E+00   0.000E+00   0.000E+00   0.000E+00   0.000E+00   0.000E+00   0.000E+00      0.000E+00   0.000E+00   0.000E+00   00000   0.000E+00   0.000E+00        78.0   78.0   30.0
  350   1.033931E+04   2.200000E+00   1.648E+10   1.479E+28   9.909E-06      4.850E-02   0.000E+00   0.000E+00   0.000E+00   0.000E+00   0.000E+00   0.000E+00   0.000E+00      0.000E+00   0.000E+00   0.000E+00   00000   0.000E+00   0.000E+00        72.0   72.0   28.0
  351   1.033985E+04   2.200000E+00   1.586E+10   1.411E+28   9.535E-06      4.788E-02   0.000E+00   0.000E+00   0.000E+00   0.000E+00   0.000E+00   0.000E+00   0.000E+00      0.000E+00   0.000E+00   0.000E+00   00000   0.000E+00   0.000E+00        72.0   72.0   28.0
  352   1.034039E+04   2.200000E+00   1.526E+10   1.344E+28   9.175E-06      4.727E-02   0.000E+00   0.000E+00   0.000E+00   0.000E+00   0.000E+00   0.000E+00   0.000E+00      0.000E+00   0.000E+00   0.000E+00   00000   0.000E+00   0.000E+00        72.0   72.0   28.0
  353   1.034092E+04   2.200000E+00   1.469E+10   1.276E+28   8.829E-06      4.667E-02   0.000E+00   0.000E+00   0.000E+00   0.000E+00   0.000E+00   0.000E+00   0.000E+00      0.000E+00   0.000E+00   0.000E+00   00000   0.000E+00   0.000E+00        72.0   72.0   28.0
  354   1.034146E+04   2.200000E+00   1.413E+10   1.209E+28   8.496E-06      4.608E-02   0.000E+00   0.000E+00   0.000E+00   0.000E+00   0.000E+00   0.000E+00   0.000E+00      0.000E+00   0.000E+00   0.000E+00   00000   0.000E+00   0.000E+00        72.0   72.0   28.0
  355   1.034200E+04   2.200000E+00   1.360E+10   1.141E+28   8.176E-06      4.549E-02   0.000E+00   0.000E+00   0.000E+00   0.000E+00   0.000E+00   0.000E+00   0.000E+00      0.000E+00   0.000E+00   0.000E+00   00000   0.000E+00   0.000E+00        72.0   72.0   28.0
  356   1.034253E+04   2.200000E+00   1.309E+10   1.084E+28   7.867E-06      4.491E-02   0.000E+00   0.000E+00   0.000E+00   0.000E+00   0.000E+00   0.000E+00   0.000E+00      0.000E+00   0.000E+00   0.000E+00   00000   0.000E+00   0.000E+00        72.0   72.0   28.0
  357   1.034306E+04   2.200000E+00   1.259E+10   1.041E+28   7.571E-06      4.493E-02   0.000E+00   0.000E+00   0.000E+00   0.000E+00   0.000E+00   0.000E+00   0.000E+00      0.000E+00   0.000E+00   0.000E+00   00000   0.000E+00   0.000E+00        84.0   84.0   34.0
  358   1.034359E+04   2.200000E+00   1.212E+10   9.978E+27   7.285E-06      4.436E-02   0.000E+00   0.000E+00   0.000E+00   0.000E+00   0.000E+00   0.000E+00   0.000E+00      0.000E+00   0.000E+00   0.000E+00   00000   0.000E+00   0.000E+00        84.0   84.0   34.0
  359   1.034412E+04   2.200000E+00   1.166E+10   9.545E+27   7.010E-06      4.380E-02   0.000E+00   0.000E+00   0.000E+00   0.000E+00   0.000E+00   0.000E+00   0.000E+00      0.000E+00   0.000E+00   0.000E+00   00000   0.000E+00   0.000E+00        84.0   84.0   34.0
  360   1.034465E+04   2.200000E+00   1.122E+10   9.113E+27   6.746E-06      4.324E-02   0.000E+00   0.000E+00   0.000E+00   0.000E+00   0.000E+00   0.000E+00   0.000E+00      0.000E+00   0.000E+00   0.000E+00   00000   0.000E+00   0.000E+00        84.0   84.0   34.0
  361   1.034518E+04   2.200000E+00   1.080E+10   8.680E+27   6.491E-06      4.269E-02   0.000E+00   0.000E+00   0.000E+00   0.000E+00   0.000E+00   0.000E+00   0.000E+00      0.000E+00   0.000E+00   0.000E+00   00000   0.000E+00   0.000E+00        84.0   84.0   34.0
  362   1.034571E+04   2.200000E+00   1.039E+10   8.247E+27   6.246E-06      4.215E-02   0.000E+00   0.000E+00   0.000E+00   0.000E+00   0.000E+00   0.000E+00   0.000E+00      0.000E+00   0.000E+00   0.000E+00   00000   0.000E+00   0.000E+00        84.0   84.0   34.0
  363   1.034624E+04   2.200000E+00   1.000E+10   7.814E+27   6.011E-06      4.161E-02   0.000E+00   0.000E+00   0.000E+00   0.000E+00   0.000E+00   0.000E+00   0.000E+00      0.000E+00   0.000E+00   0.000E+00   00000   0.000E+00   0.000E+00        84.0   84.0   34.0
