         5       363       111       267

EOS                                                                            

  i            rad           emas         rho         pres          nb           kf(e)      kf(mu)       kf(p)       kf(n)      kf(la)      kf(S-)      kf(S0)      kf(S+)         Tc(n)       Tc(p)      Tc(la)    Durca        mstn        mstp  nSF   Acel   Aion   Zion

    0   0.000000E+00   0.000000E+00   1.152E+15   2.662E+35   5.920E-01      1.358E+00   1.248E+00   1.645E+00   2.356E+00   0.000E+00   0.000E+00   0.000E+00   0.000E+00      2.902E+08   1.000E+00   1.000E+00   20000   3.429E-01   3.780E-01  3p2   N/A    N/A    N/A 
    1   2.463535E+03   3.560985E-02   1.103E+15   2.418E+35   5.717E-01      1.330E+00   1.217E+00   1.607E+00   2.338E+00   0.000E+00   0.000E+00   0.000E+00   0.000E+00      3.147E+08   1.000E+00   1.000E+00   20000   3.546E-01   3.880E-01  3p2   N/A    N/A    N/A 
    2   3.103859E+03   7.058764E-02   1.074E+15   2.281E+35   5.598E-01      1.313E+00   1.198E+00   1.585E+00   2.326E+00   0.000E+00   0.000E+00   0.000E+00   0.000E+00      3.300E+08   1.000E+00   1.000E+00   20000   3.618E-01   3.941E-01  3p2   N/A    N/A    N/A 
    3   3.553032E+03   1.043539E-01   1.051E+15   2.171E+35   5.499E-01      1.298E+00   1.183E+00   1.566E+00   2.317E+00   0.000E+00   0.000E+00   0.000E+00   0.000E+00      3.433E+08   1.000E+00   1.000E+00   20000   3.680E-01   3.992E-01  3p2   N/A    N/A    N/A 
    4   3.910618E+03   1.360720E-01   1.031E+15   2.078E+35   5.412E-01      1.286E+00   1.169E+00   1.550E+00   2.309E+00   0.000E+00   0.000E+00   0.000E+00   0.000E+00      3.554E+08   1.000E+00   1.000E+00   20000   3.736E-01   4.038E-01  3p2   N/A    N/A    N/A 
    5   4.212585E+03   1.699117E-01   1.012E+15   1.991E+35   5.330E-01      1.274E+00   1.155E+00   1.534E+00   2.300E+00   0.000E+00   0.000E+00   0.000E+00   0.000E+00      3.673E+08   1.000E+00   1.000E+00   20000   3.791E-01   4.082E-01  3p2   N/A    N/A    N/A 
    6   4.476540E+03   1.997143E-01   9.948E+14   1.916E+35   5.257E-01      1.263E+00   1.144E+00   1.520E+00   2.293E+00   0.000E+00   0.000E+00   0.000E+00   0.000E+00      3.782E+08   1.000E+00   1.000E+00   20000   3.841E-01   4.121E-01  3p2   N/A    N/A    N/A 
    7   4.712573E+03   2.329792E-01   9.781E+14   1.843E+35   5.184E-01      1.252E+00   1.131E+00   1.505E+00   2.286E+00   0.000E+00   0.000E+00   0.000E+00   0.000E+00      3.894E+08   1.000E+00   1.000E+00   20000   3.892E-01   4.162E-01  3p2   N/A    N/A    N/A 
    8   4.927070E+03   2.632090E-01   9.629E+14   1.778E+35   5.117E-01      1.242E+00   1.120E+00   1.492E+00   2.279E+00   0.000E+00   0.000E+00   0.000E+00   0.000E+00      4.000E+08   1.000E+00   1.000E+00   20000   3.940E-01   4.199E-01  3p2   N/A    N/A    N/A 
    9   5.124359E+03   2.916674E-01   9.487E+14   1.717E+35   5.054E-01      1.232E+00   1.110E+00   1.479E+00   2.272E+00   0.000E+00   0.000E+00   0.000E+00   0.000E+00      4.101E+08   1.000E+00   1.000E+00   20000   3.986E-01   4.234E-01  3p2   N/A    N/A    N/A 
   10   5.307525E+03   3.233999E-01   9.343E+14   1.658E+35   4.990E-01      1.222E+00   1.099E+00   1.466E+00   2.265E+00   0.000E+00   0.000E+00   0.000E+00   0.000E+00      4.208E+08   1.000E+00   1.000E+00   20000   4.034E-01   4.270E-01  3p2   N/A    N/A    N/A 
   11   5.478853E+03   3.530815E-01   9.208E+14   1.602E+35   4.930E-01      1.213E+00   1.088E+00   1.454E+00   2.259E+00   0.000E+00   0.000E+00   0.000E+00   0.000E+00      4.311E+08   1.000E+00   1.000E+00   20000   4.080E-01   4.305E-01  3p2   N/A    N/A    N/A 
   12   5.640087E+03   3.810145E-01   9.081E+14   1.550E+35   4.872E-01      1.204E+00   1.078E+00   1.442E+00   2.252E+00   0.000E+00   0.000E+00   0.000E+00   0.000E+00      4.410E+08   1.000E+00   1.000E+00   20000   4.125E-01   4.338E-01  3p2   N/A    N/A    N/A 
   13   5.792595E+03   4.074356E-01   8.961E+14   1.501E+35   4.818E-01      1.195E+00   1.069E+00   1.431E+00   2.246E+00   0.000E+00   0.000E+00   0.000E+00   0.000E+00      4.507E+08   1.000E+00   1.000E+00   20000   4.168E-01   4.370E-01  3p2   N/A    N/A    N/A 
   14   5.937470E+03   4.374472E-01   8.836E+14   1.454E+35   4.761E-01      1.187E+00   1.059E+00   1.419E+00   2.240E+00   0.000E+00   0.000E+00   0.000E+00   0.000E+00      4.609E+08   1.000E+00   1.000E+00   20000   4.215E-01   4.404E-01  3p2   N/A    N/A    N/A 
   15   6.075599E+03   4.660684E-01   8.717E+14   1.408E+35   4.707E-01      1.178E+00   1.049E+00   1.408E+00   2.234E+00   0.000E+00   0.000E+00   0.000E+00   0.000E+00      4.710E+08   1.000E+00   1.000E+00   20000   4.260E-01   4.436E-01  3p2   N/A    N/A    N/A 
   16   6.207719E+03   4.934444E-01   8.604E+14   1.365E+35   4.655E-01      1.170E+00   1.040E+00   1.397E+00   2.228E+00   0.000E+00   0.000E+00   0.000E+00   0.000E+00      4.809E+08   1.000E+00   1.000E+00   20000   4.304E-01   4.468E-01  3p2   N/A    N/A    N/A 
   17   6.334442E+03   5.197020E-01   8.494E+14   1.323E+35   4.604E-01      1.162E+00   1.031E+00   1.386E+00   2.222E+00   0.000E+00   0.000E+00   0.000E+00   0.000E+00      4.906E+08   1.000E+00   1.000E+00   20000   4.347E-01   4.498E-01  3p2   N/A    N/A    N/A 
   18   6.456288E+03   5.449492E-01   8.389E+14   1.283E+35   4.555E-01      1.154E+00   1.022E+00   1.376E+00   2.216E+00   0.000E+00   0.000E+00   0.000E+00   0.000E+00      5.002E+08   1.000E+00   1.000E+00   20000   4.390E-01   4.528E-01  3p2   N/A    N/A    N/A 
   19   6.573700E+03   5.709284E-01   8.285E+14   1.244E+35   4.507E-01      1.146E+00   1.013E+00   1.365E+00   2.210E+00   0.000E+00   0.000E+00   0.000E+00   0.000E+00      5.099E+08   1.000E+00   1.000E+00   20000   4.434E-01   4.558E-01  3p2   N/A    N/A    N/A 
   20   6.687062E+03   5.981412E-01   8.179E+14   1.207E+35   4.457E-01      1.138E+00   1.004E+00   1.355E+00   2.204E+00   0.000E+00   0.000E+00   0.000E+00   0.000E+00      5.199E+08   1.000E+00   1.000E+00   20000   4.479E-01   4.589E-01  3p2   N/A    N/A    N/A 
   21   6.796706E+03   6.244614E-01   8.076E+14   1.171E+35   4.409E-01      1.130E+00   9.952E-01   1.344E+00   2.198E+00   0.000E+00   0.000E+00   0.000E+00   0.000E+00      5.299E+08   1.000E+00   1.000E+00   20000   4.523E-01   4.620E-01  3p2   N/A    N/A    N/A 
   22   6.902922E+03   6.499588E-01   7.977E+14   1.137E+35   4.362E-01      1.123E+00   9.866E-01   1.334E+00   2.193E+00   0.000E+00   0.000E+00   0.000E+00   0.000E+00      5.397E+08   1.000E+00   1.000E+00   20000   4.567E-01   4.649E-01  3p2   N/A    N/A    N/A 
   23   7.005966E+03   6.746948E-01   7.881E+14   1.103E+35   4.317E-01      1.115E+00   9.781E-01   1.324E+00   2.187E+00   0.000E+00   0.000E+00   0.000E+00   0.000E+00      5.494E+08   1.000E+00   1.000E+00   20000   4.611E-01   4.679E-01  3p2   N/A    N/A    N/A 
   24   7.106064E+03   6.987237E-01   7.788E+14   1.071E+35   4.272E-01      1.108E+00   9.697E-01   1.314E+00   2.181E+00   0.000E+00   0.000E+00   0.000E+00   0.000E+00      5.590E+08   1.000E+00   1.000E+00   20000   4.654E-01   4.707E-01  3p2   N/A    N/A    N/A 
   25   7.203420E+03   7.220941E-01   7.697E+14   1.039E+35   4.229E-01      1.101E+00   9.615E-01   1.305E+00   2.176E+00   0.000E+00   0.000E+00   0.000E+00   0.000E+00      5.685E+08   1.000E+00   1.000E+00   20000   4.697E-01   4.736E-01  3p2   N/A    N/A    N/A 
   26   7.298213E+03   7.454080E-01   7.607E+14   1.008E+35   4.186E-01      1.093E+00   9.533E-01   1.295E+00   2.170E+00   0.000E+00   0.000E+00   0.000E+00   0.000E+00      5.781E+08   1.000E+00   1.000E+00   20000   4.740E-01   4.764E-01  3p2   N/A    N/A    N/A 
   27   7.390605E+03   7.702027E-01   7.514E+14   9.794E+34   4.142E-01      1.086E+00   9.448E-01   1.286E+00   2.164E+00   0.000E+00   0.000E+00   0.000E+00   0.000E+00      5.881E+08   1.000E+00   1.000E+00   20000   4.786E-01   4.794E-01  3p2   N/A    N/A    N/A 
   28   7.480743E+03   7.943924E-01   7.424E+14   9.513E+34   4.098E-01      1.079E+00   9.364E-01   1.276E+00   2.159E+00   0.000E+00   0.000E+00   0.000E+00   0.000E+00      5.980E+08   1.000E+00   1.000E+00   20000   4.831E-01   4.823E-01  3p2   N/A    N/A    N/A 
   29   7.568760E+03   8.180129E-01   7.336E+14   9.239E+34   4.055E-01      1.072E+00   9.282E-01   1.266E+00   2.153E+00   0.000E+00   0.000E+00   0.000E+00   0.000E+00      6.078E+08   1.000E+00   1.000E+00   20000   4.876E-01   4.852E-01  3p2   N/A    N/A    N/A 
   30   7.654775E+03   8.410964E-01   7.250E+14   8.970E+34   4.013E-01      1.065E+00   9.201E-01   1.257E+00   2.147E+00   0.000E+00   0.000E+00   0.000E+00   0.000E+00      6.176E+08   1.000E+00   1.000E+00   20000   4.921E-01   4.880E-01  3p2   N/A    N/A    N/A 
   31   7.738901E+03   8.636727E-01   7.166E+14   8.708E+34   3.972E-01      1.058E+00   9.120E-01   1.248E+00   2.141E+00   0.000E+00   0.000E+00   0.000E+00   0.000E+00      6.273E+08   1.000E+00   1.000E+00   20000   4.966E-01   4.908E-01  3p2   N/A    N/A    N/A 
   32   7.821236E+03   8.857683E-01   7.084E+14   8.451E+34   3.932E-01      1.051E+00   9.041E-01   1.238E+00   2.136E+00   0.000E+00   0.000E+00   0.000E+00   0.000E+00      6.369E+08   1.000E+00   1.000E+00   20000   5.011E-01   4.936E-01  3p2   N/A    N/A    N/A 
   33   7.901873E+03   9.074083E-01   7.003E+14   8.200E+34   3.892E-01      1.044E+00   8.962E-01   1.229E+00   2.130E+00   0.000E+00   0.000E+00   0.000E+00   0.000E+00      6.465E+08   1.000E+00   1.000E+00   10000   5.055E-01   4.964E-01  3p2   N/A    N/A    N/A 
   34   7.980897E+03   9.286154E-01   6.924E+14   7.953E+34   3.853E-01      1.037E+00   8.885E-01   1.220E+00   2.125E+00   0.000E+00   0.000E+00   0.000E+00   0.000E+00      6.559E+08   1.000E+00   1.000E+00   10000   5.100E-01   4.991E-01  3p2   N/A    N/A    N/A 
   35   8.058386E+03   9.498917E-01   6.845E+14   7.717E+34   3.814E-01      1.031E+00   8.807E-01   1.211E+00   2.119E+00   0.000E+00   0.000E+00   0.000E+00   0.000E+00      6.655E+08   1.000E+00   1.000E+00   10000   5.145E-01   5.019E-01  3p2   N/A    N/A    N/A 
   36   8.134413E+03   9.718459E-01   6.764E+14   7.499E+34   3.774E-01      1.024E+00   8.726E-01   1.202E+00   2.113E+00   0.000E+00   0.000E+00   0.000E+00   0.000E+00      6.754E+08   1.000E+00   1.000E+00   10000   5.192E-01   5.048E-01  3p2   N/A    N/A    N/A 
   37   8.209045E+03   9.933974E-01   6.684E+14   7.284E+34   3.734E-01      1.017E+00   8.646E-01   1.193E+00   2.107E+00   0.000E+00   0.000E+00   0.000E+00   0.000E+00      6.853E+08   1.000E+00   1.000E+00   10000   5.239E-01   5.076E-01  3p2   N/A    N/A    N/A 
   38   8.282343E+03   1.014564E+00   6.606E+14   7.073E+34   3.695E-01      1.010E+00   8.567E-01   1.184E+00   2.102E+00   0.000E+00   0.000E+00   0.000E+00   0.000E+00      6.950E+08   1.000E+00   1.000E+00   10000   5.287E-01   5.104E-01  3p2   N/A    N/A    N/A 
   39   8.354367E+03   1.035362E+00   6.530E+14   6.866E+34   3.657E-01      1.004E+00   8.489E-01   1.175E+00   2.096E+00   0.000E+00   0.000E+00   0.000E+00   0.000E+00      7.047E+08   1.000E+00   1.000E+00   10000   5.334E-01   5.133E-01  3p2   N/A    N/A    N/A 
   40   8.425171E+03   1.055808E+00   6.454E+14   6.662E+34   3.619E-01      9.971E-01   8.411E-01   1.166E+00   2.090E+00   0.000E+00   0.000E+00   0.000E+00   0.000E+00      7.143E+08   1.000E+00   1.000E+00   10000   5.381E-01   5.161E-01  3p2   N/A    N/A    N/A 
   41   8.494804E+03   1.075916E+00   6.380E+14   6.461E+34   3.582E-01      9.906E-01   8.334E-01   1.157E+00   2.084E+00   0.000E+00   0.000E+00   0.000E+00   0.000E+00      7.238E+08   1.000E+00   1.000E+00   10000   5.428E-01   5.188E-01  3p2   N/A    N/A    N/A 
   42   8.563313E+03   1.095699E+00   6.307E+14   6.264E+34   3.545E-01      9.841E-01   8.257E-01   1.149E+00   2.079E+00   0.000E+00   0.000E+00   0.000E+00   0.000E+00      7.332E+08   1.000E+00   1.000E+00   10000   5.476E-01   5.216E-01  3p2   N/A    N/A    N/A 
   43   8.630743E+03   1.115171E+00   6.235E+14   6.070E+34   3.508E-01      9.778E-01   8.181E-01   1.140E+00   2.073E+00   0.000E+00   0.000E+00   0.000E+00   0.000E+00      7.426E+08   1.000E+00   1.000E+00   10000   5.523E-01   5.244E-01  3p2   N/A    N/A    N/A 
   44   8.697137E+03   1.134343E+00   6.165E+14   5.879E+34   3.472E-01      9.715E-01   8.106E-01   1.132E+00   2.067E+00   0.000E+00   0.000E+00   0.000E+00   0.000E+00      7.518E+08   1.000E+00   1.000E+00   10000   5.571E-01   5.271E-01  3p2   N/A    N/A    N/A 
   45   8.762531E+03   1.153227E+00   6.095E+14   5.691E+34   3.437E-01      9.653E-01   8.031E-01   1.123E+00   2.061E+00   0.000E+00   0.000E+00   0.000E+00   0.000E+00      7.609E+08   1.000E+00   1.000E+00   10000   5.618E-01   5.298E-01  3p2   N/A    N/A    N/A 
   46   8.826964E+03   1.172447E+00   6.022E+14   5.525E+34   3.400E-01      9.587E-01   7.953E-01   1.114E+00   2.055E+00   0.000E+00   0.000E+00   0.000E+00   0.000E+00      7.705E+08   1.000E+00   1.000E+00   10000   5.668E-01   5.327E-01  3p2   N/A    N/A    N/A 
   47   8.890469E+03   1.191423E+00   5.951E+14   5.362E+34   3.363E-01      9.522E-01   7.874E-01   1.106E+00   2.049E+00   0.000E+00   0.000E+00   0.000E+00   0.000E+00      7.800E+08   1.000E+00   1.000E+00   10000   5.719E-01   5.356E-01  3p2   N/A    N/A    N/A 
   48   8.953080E+03   1.210131E+00   5.880E+14   5.201E+34   3.327E-01      9.458E-01   7.797E-01   1.097E+00   2.043E+00   0.000E+00   0.000E+00   0.000E+00   0.000E+00      7.894E+08   1.000E+00   1.000E+00   00000   5.770E-01   5.385E-01  3p2   N/A    N/A    N/A 
   49   9.014827E+03   1.228582E+00   5.810E+14   5.043E+34   3.290E-01      9.394E-01   7.719E-01   1.088E+00   2.037E+00   0.000E+00   0.000E+00   0.000E+00   0.000E+00      7.986E+08   1.000E+00   1.000E+00   00000   5.821E-01   5.413E-01  3p2   N/A    N/A    N/A 
   50   9.075740E+03   1.246783E+00   5.741E+14   4.886E+34   3.255E-01      9.331E-01   7.642E-01   1.080E+00   2.031E+00   0.000E+00   0.000E+00   0.000E+00   0.000E+00      8.077E+08   1.000E+00   1.000E+00   00000   5.872E-01   5.442E-01  3p2   N/A    N/A    N/A 
   51   9.135846E+03   1.264743E+00   5.673E+14   4.732E+34   3.220E-01      9.269E-01   7.565E-01   1.071E+00   2.025E+00   0.000E+00   0.000E+00   0.000E+00   0.000E+00      8.167E+08   1.000E+00   1.000E+00   00000   5.923E-01   5.470E-01  3p2   N/A    N/A    N/A 
   52   9.195172E+03   1.282469E+00   5.606E+14   4.580E+34   3.185E-01      9.206E-01   7.489E-01   1.063E+00   2.019E+00   0.000E+00   0.000E+00   0.000E+00   0.000E+00      8.256E+08   1.000E+00   1.000E+00   00000   5.974E-01   5.499E-01  3p2   N/A    N/A    N/A 
   53   9.253741E+03   1.299970E+00   5.540E+14   4.429E+34   3.150E-01      9.145E-01   7.413E-01   1.054E+00   2.013E+00   0.000E+00   0.000E+00   0.000E+00   0.000E+00      8.343E+08   1.000E+00   1.000E+00   00000   6.025E-01   5.527E-01  3p2   N/A    N/A    N/A 
   54   9.311578E+03   1.317252E+00   5.475E+14   4.281E+34   3.116E-01      9.084E-01   7.338E-01   1.046E+00   2.007E+00   0.000E+00   0.000E+00   0.000E+00   0.000E+00      8.429E+08   1.000E+00   1.000E+00   00000   6.077E-01   5.555E-01  3p2   N/A    N/A    N/A 
   55   9.368706E+03   1.334322E+00   5.410E+14   4.134E+34   3.082E-01      9.023E-01   7.263E-01   1.038E+00   2.001E+00   0.000E+00   0.000E+00   0.000E+00   0.000E+00      8.513E+08   1.000E+00   1.000E+00   00000   6.129E-01   5.584E-01  3p2   N/A    N/A    N/A 
   56   9.425146E+03   1.351187E+00   5.346E+14   3.990E+34   3.048E-01      8.963E-01   7.188E-01   1.030E+00   1.995E+00   0.000E+00   0.000E+00   0.000E+00   0.000E+00      8.595E+08   1.000E+00   1.000E+00   00000   6.181E-01   5.612E-01  3p2   N/A    N/A    N/A 
   57   9.480917E+03   1.367808E+00   5.281E+14   3.859E+34   3.014E-01      8.900E-01   7.110E-01   1.021E+00   1.988E+00   0.000E+00   0.000E+00   0.000E+00   0.000E+00      8.679E+08   1.000E+00   1.000E+00   00000   6.235E-01   5.641E-01  3p2   N/A    N/A    N/A 
   58   9.536040E+03   1.384212E+00   5.214E+14   3.737E+34   2.979E-01      8.837E-01   7.031E-01   1.012E+00   1.982E+00   0.000E+00   0.000E+00   0.000E+00   0.000E+00      8.763E+08   1.000E+00   1.000E+00   00000   6.290E-01   5.672E-01  3p2   N/A    N/A    N/A 
   59   9.590532E+03   1.400429E+00   5.148E+14   3.616E+34   2.944E-01      8.775E-01   6.952E-01   1.004E+00   1.975E+00   0.000E+00   0.000E+00   0.000E+00   0.000E+00      8.846E+08   1.000E+00   1.000E+00   00000   6.346E-01   5.702E-01  3p2   N/A    N/A    N/A 
   60   9.644413E+03   1.416464E+00   5.084E+14   3.496E+34   2.909E-01      8.712E-01   6.872E-01   9.953E-01   1.969E+00   0.000E+00   0.000E+00   0.000E+00   0.000E+00      8.926E+08   1.000E+00   1.000E+00   00000   6.402E-01   5.732E-01  3p2   N/A    N/A    N/A 
   61   9.697698E+03   1.432322E+00   5.019E+14   3.378E+34   2.875E-01      8.650E-01   6.794E-01   9.868E-01   1.962E+00   0.000E+00   0.000E+00   0.000E+00   0.000E+00      9.004E+08   1.000E+00   1.000E+00   00000   6.459E-01   5.762E-01  3p2   N/A    N/A    N/A 
   62   9.750405E+03   1.448007E+00   4.956E+14   3.261E+34   2.841E-01      8.589E-01   6.715E-01   9.783E-01   1.955E+00   0.000E+00   0.000E+00   0.000E+00   0.000E+00      9.080E+08   1.000E+00   1.000E+00   00000   6.515E-01   5.792E-01  3p2   N/A    N/A    N/A 
   63   9.802547E+03   1.463525E+00   4.893E+14   3.146E+34   2.808E-01      8.528E-01   6.637E-01   9.699E-01   1.949E+00   0.000E+00   0.000E+00   0.000E+00   0.000E+00      9.153E+08   1.000E+00   1.000E+00   00000   6.572E-01   5.822E-01  3p2   N/A    N/A    N/A 
   64   9.854139E+03   1.478879E+00   4.831E+14   3.031E+34   2.774E-01      8.467E-01   6.559E-01   9.616E-01   1.942E+00   0.000E+00   0.000E+00   0.000E+00   0.000E+00      9.224E+08   1.000E+00   1.000E+00   00000   6.629E-01   5.852E-01  3p2   N/A    N/A    N/A 
   65   9.905198E+03   1.494074E+00   4.769E+14   2.918E+34   2.741E-01      8.407E-01   6.481E-01   9.533E-01   1.935E+00   0.000E+00   0.000E+00   0.000E+00   0.000E+00      9.292E+08   1.000E+00   1.000E+00   00000   6.686E-01   5.882E-01  3p2   N/A    N/A    N/A 
   66   9.955736E+03   1.509114E+00   4.708E+14   2.806E+34   2.708E-01      8.346E-01   6.402E-01   9.450E-01   1.929E+00   0.000E+00   0.000E+00   0.000E+00   0.000E+00      9.358E+08   1.000E+00   1.000E+00   00000   6.743E-01   5.913E-01  3p2   N/A    N/A    N/A 
   67   1.000577E+04   1.524003E+00   4.648E+14   2.695E+34   2.676E-01      8.287E-01   6.325E-01   9.368E-01   1.922E+00   0.000E+00   0.000E+00   0.000E+00   0.000E+00      9.422E+08   1.000E+00   1.000E+00   00000   6.800E-01   5.943E-01  3p2   N/A    N/A    N/A 
   68   1.005530E+04   1.538663E+00   4.588E+14   2.587E+34   2.643E-01      8.227E-01   6.246E-01   9.285E-01   1.915E+00   0.000E+00   0.000E+00   0.000E+00   0.000E+00      9.483E+08   1.000E+00   1.000E+00   00000   6.859E-01   5.974E-01  3p2   N/A    N/A    N/A 
   69   1.010435E+04   1.552692E+00   4.524E+14   2.495E+34   2.608E-01      8.163E-01   6.162E-01   9.197E-01   1.908E+00   0.000E+00   0.000E+00   0.000E+00   0.000E+00      9.545E+08   1.000E+00   1.000E+00   00000   6.921E-01   6.006E-01  3p2   N/A    N/A    N/A 
   70   1.015293E+04   1.566586E+00   4.461E+14   2.405E+34   2.574E-01      8.100E-01   6.077E-01   9.109E-01   1.901E+00   0.000E+00   0.000E+00   0.000E+00   0.000E+00      9.603E+08   1.000E+00   1.000E+00   00000   6.984E-01   6.039E-01  3p2   N/A    N/A    N/A 
   71   1.020105E+04   1.580347E+00   4.398E+14   2.314E+34   2.540E-01      8.037E-01   5.993E-01   9.022E-01   1.893E+00   0.000E+00   0.000E+00   0.000E+00   0.000E+00      9.658E+08   1.000E+00   1.000E+00   00000   7.047E-01   6.072E-01  3p2   N/A    N/A    N/A 
   72   1.024872E+04   1.593981E+00   4.336E+14   2.225E+34   2.506E-01      7.974E-01   5.909E-01   8.935E-01   1.886E+00   0.000E+00   0.000E+00   0.000E+00   0.000E+00      9.709E+08   1.000E+00   1.000E+00   00000   7.110E-01   6.105E-01  3p2   N/A    N/A    N/A 
   73   1.029595E+04   1.607489E+00   4.275E+14   2.137E+34   2.472E-01      7.911E-01   5.824E-01   8.848E-01   1.878E+00   0.000E+00   0.000E+00   0.000E+00   0.000E+00      9.757E+08   1.000E+00   1.000E+00   00000   7.173E-01   6.138E-01  3p2   N/A    N/A    N/A 
   74   1.034275E+04   1.620873E+00   4.214E+14   2.049E+34   2.439E-01      7.849E-01   5.739E-01   8.761E-01   1.871E+00   0.000E+00   0.000E+00   0.000E+00   0.000E+00      9.801E+08   1.000E+00   1.000E+00   00000   7.237E-01   6.171E-01  3p2   N/A    N/A    N/A 
   75   1.038913E+04   1.634138E+00   4.153E+14   1.962E+34   2.406E-01      7.787E-01   5.654E-01   8.675E-01   1.863E+00   0.000E+00   0.000E+00   0.000E+00   0.000E+00      9.840E+08   1.000E+00   1.000E+00   00000   7.301E-01   6.205E-01  3p2   N/A    N/A    N/A 
   76   1.043510E+04   1.647285E+00   4.093E+14   1.876E+34   2.373E-01      7.725E-01   5.569E-01   8.589E-01   1.856E+00   0.000E+00   0.000E+00   0.000E+00   0.000E+00      9.876E+08   1.000E+00   1.000E+00   00000   7.365E-01   6.238E-01  3p2   N/A    N/A    N/A 
   77   1.048067E+04   1.660318E+00   4.034E+14   1.791E+34   2.340E-01      7.664E-01   5.483E-01   8.504E-01   1.848E+00   0.000E+00   0.000E+00   0.000E+00   0.000E+00      9.907E+08   1.000E+00   1.000E+00   00000   7.429E-01   6.272E-01  3p2   N/A    N/A    N/A 
   78   1.052584E+04   1.673238E+00   3.975E+14   1.707E+34   2.308E-01      7.602E-01   5.397E-01   8.418E-01   1.841E+00   0.000E+00   0.000E+00   0.000E+00   0.000E+00      9.934E+08   1.000E+00   1.000E+00   00000   7.494E-01   6.305E-01  3p2   N/A    N/A    N/A 
   79   1.057064E+04   1.685866E+00   3.916E+14   1.626E+34   2.275E-01      7.540E-01   5.309E-01   8.331E-01   1.833E+00   0.000E+00   0.000E+00   0.000E+00   0.000E+00      9.957E+08   1.000E+00   1.000E+00   00000   7.560E-01   6.340E-01  3p2   N/A    N/A    N/A 
   80   1.061505E+04   1.697688E+00   3.852E+14   1.557E+34   2.239E-01      7.473E-01   5.213E-01   8.238E-01   1.824E+00   0.000E+00   0.000E+00   0.000E+00   0.000E+00      9.977E+08   1.000E+00   1.000E+00   00000   7.631E-01   6.377E-01  3p2   N/A    N/A    N/A 
   81   1.065910E+04   1.709412E+00   3.789E+14   1.489E+34   2.204E-01      7.406E-01   5.117E-01   8.144E-01   1.816E+00   0.000E+00   0.000E+00   0.000E+00   0.000E+00      9.990E+08   1.000E+00   1.000E+00   00000   7.703E-01   6.414E-01  3p2   N/A    N/A    N/A 
   82   1.070278E+04   1.721039E+00   3.726E+14   1.421E+34   2.169E-01      7.339E-01   5.019E-01   8.051E-01   1.807E+00   0.000E+00   0.000E+00   0.000E+00   0.000E+00      9.998E+08   1.000E+00   1.000E+00   00000   7.775E-01   6.452E-01  3p2   N/A    N/A    N/A 
   83   1.074611E+04   1.732573E+00   3.664E+14   1.354E+34   2.134E-01      7.273E-01   4.921E-01   7.957E-01   1.798E+00   0.000E+00   0.000E+00   0.000E+00   0.000E+00      1.000E+09   8.561E+07   1.000E+00   00000   7.847E-01   6.490E-01  3p2   N/A    N/A    N/A 
   84   1.078910E+04   1.744014E+00   3.602E+14   1.287E+34   2.100E-01      7.206E-01   4.822E-01   7.864E-01   1.789E+00   0.000E+00   0.000E+00   0.000E+00   0.000E+00      9.996E+08   2.469E+08   1.000E+00   00000   7.919E-01   6.528E-01  3p2   N/A    N/A    N/A 
   85   1.083174E+04   1.755365E+00   3.541E+14   1.221E+34   2.065E-01      7.139E-01   4.722E-01   7.771E-01   1.781E+00   0.000E+00   0.000E+00   0.000E+00   0.000E+00      9.985E+08   4.501E+08   1.000E+00   00000   7.992E-01   6.566E-01  3p2   N/A    N/A    N/A 
   86   1.087406E+04   1.766627E+00   3.481E+14   1.155E+34   2.031E-01      7.073E-01   4.621E-01   7.678E-01   1.772E+00   0.000E+00   0.000E+00   0.000E+00   0.000E+00      9.968E+08   6.691E+08   1.000E+00   00000   8.065E-01   6.605E-01  3p2   N/A    N/A    N/A 
   87   1.091604E+04   1.777802E+00   3.420E+14   1.090E+34   1.997E-01      7.007E-01   4.519E-01   7.585E-01   1.763E+00   0.000E+00   0.000E+00   0.000E+00   0.000E+00      9.945E+08   8.779E+08   1.000E+00   00000   8.137E-01   6.644E-01  3p2   N/A    N/A    N/A 
   88   1.095771E+04   1.788892E+00   3.360E+14   1.026E+34   1.963E-01      6.941E-01   4.416E-01   7.492E-01   1.754E+00   0.000E+00   0.000E+00   0.000E+00   0.000E+00      9.914E+08   1.059E+09   1.000E+00   00000   8.210E-01   6.682E-01  3p2   N/A    N/A    N/A 
   89   1.099906E+04   1.799361E+00   3.297E+14   9.673E+33   1.928E-01      6.870E-01   4.304E-01   7.392E-01   1.744E+00   0.000E+00   0.000E+00   0.000E+00   0.000E+00      9.875E+08   1.227E+09   1.000E+00   00000   8.288E-01   6.724E-01  3p2   N/A    N/A    N/A 
   90   1.104010E+04   1.809247E+00   3.230E+14   9.151E+33   1.890E-01      6.795E-01   4.183E-01   7.286E-01   1.733E+00   0.000E+00   0.000E+00   0.000E+00   0.000E+00      9.824E+08   1.383E+09   1.000E+00   00000   8.371E-01   6.769E-01  3p2   N/A    N/A    N/A 
   91   1.108084E+04   1.819060E+00   3.164E+14   8.634E+33   1.852E-01      6.719E-01   4.059E-01   7.181E-01   1.723E+00   0.000E+00   0.000E+00   0.000E+00   0.000E+00      9.765E+08   1.525E+09   1.000E+00   00000   8.453E-01   6.814E-01  3p2   N/A    N/A    N/A 
   92   1.112128E+04   1.828801E+00   3.098E+14   8.119E+33   1.815E-01      6.644E-01   3.934E-01   7.075E-01   1.712E+00   0.000E+00   0.000E+00   0.000E+00   0.000E+00      9.696E+08   1.661E+09   1.000E+00   00000   8.536E-01   6.859E-01  3p2   N/A    N/A    N/A 
   93   1.116143E+04   1.838471E+00   3.033E+14   7.609E+33   1.778E-01      6.568E-01   3.805E-01   6.969E-01   1.701E+00   0.000E+00   0.000E+00   0.000E+00   0.000E+00      9.618E+08   1.792E+09   1.000E+00   00000   8.619E-01   6.905E-01  3p2   N/A    N/A    N/A 
   94   1.120129E+04   1.848073E+00   2.968E+14   7.102E+33   1.741E-01      6.493E-01   3.672E-01   6.863E-01   1.690E+00   0.000E+00   0.000E+00   0.000E+00   0.000E+00      9.531E+08   1.920E+09   1.000E+00   00000   8.702E-01   6.951E-01  3p2   N/A    N/A    N/A 
   95   1.124087E+04   1.857607E+00   2.904E+14   6.599E+33   1.704E-01      6.417E-01   3.536E-01   6.756E-01   1.679E+00   0.000E+00   0.000E+00   0.000E+00   0.000E+00      9.434E+08   2.044E+09   1.000E+00   00000   8.784E-01   6.997E-01  3p2   N/A    N/A    N/A 
   96   1.128017E+04   1.867074E+00   2.840E+14   6.100E+33   1.667E-01      6.340E-01   3.396E-01   6.650E-01   1.668E+00   0.000E+00   0.000E+00   0.000E+00   0.000E+00      9.328E+08   2.168E+09   1.000E+00   00000   8.867E-01   7.044E-01  3p2   N/A    N/A    N/A 
   97   1.131921E+04   1.875965E+00   2.771E+14   5.646E+33   1.628E-01      6.258E-01   3.239E-01   6.535E-01   1.656E+00   0.000E+00   0.000E+00   0.000E+00   0.000E+00      9.203E+08   2.299E+09   1.000E+00   00000   8.955E-01   7.094E-01  3p2   N/A    N/A    N/A 
   98   1.135797E+04   1.884213E+00   2.698E+14   5.245E+33   1.585E-01      6.168E-01   3.062E-01   6.410E-01   1.642E+00   0.000E+00   0.000E+00   0.000E+00   0.000E+00      9.055E+08   2.436E+09   1.000E+00   00000   9.051E-01   7.150E-01  3p2   N/A    N/A    N/A 
   99   1.139647E+04   1.892406E+00   2.624E+14   4.846E+33   1.543E-01      6.077E-01   2.875E-01   6.284E-01   1.629E+00   0.000E+00   0.000E+00   0.000E+00   0.000E+00      8.894E+08   2.566E+09   1.000E+00   00000   9.146E-01   7.206E-01  3p2   N/A    N/A    N/A 
  100   1.143472E+04   1.900543E+00   2.552E+14   4.450E+33   1.501E-01      5.986E-01   2.676E-01   6.159E-01   1.615E+00   0.000E+00   0.000E+00   0.000E+00   0.000E+00      8.719E+08   2.686E+09   1.000E+00   00000   9.240E-01   7.263E-01  3p2   N/A    N/A    N/A 
  101   1.147271E+04   1.908627E+00   2.479E+14   4.056E+33   1.460E-01      5.894E-01   2.463E-01   6.034E-01   1.601E+00   0.000E+00   0.000E+00   0.000E+00   0.000E+00      8.532E+08   2.800E+09   1.000E+00   00000   9.334E-01   7.320E-01  3p2   N/A    N/A    N/A 
  102   1.151045E+04   1.916657E+00   2.408E+14   3.665E+33   1.418E-01      5.801E-01   2.231E-01   5.909E-01   1.586E+00   0.000E+00   0.000E+00   0.000E+00   0.000E+00      8.331E+08   2.908E+09   1.000E+00   00000   9.426E-01   7.378E-01  3p2   N/A    N/A    N/A 
  103   1.154794E+04   1.924461E+00   2.334E+14   3.289E+33   1.375E-01      5.704E-01   1.966E-01   5.780E-01   1.571E+00   0.000E+00   0.000E+00   0.000E+00   0.000E+00      8.111E+08   3.017E+09   1.000E+00   00000   9.521E-01   7.439E-01  3p2   N/A    N/A    N/A 
  104   1.158519E+04   1.931317E+00   2.249E+14   2.975E+33   1.326E-01      5.589E-01   1.604E-01   5.633E-01   1.553E+00   0.000E+00   0.000E+00   0.000E+00   0.000E+00      7.837E+08   3.136E+09   1.000E+00   00000   9.630E-01   7.511E-01  3p2   N/A    N/A    N/A 
  105   1.162220E+04   1.938130E+00   2.164E+14   2.664E+33   1.276E-01      5.472E-01   1.135E-01   5.489E-01   1.535E+00   0.000E+00   0.000E+00   0.000E+00   0.000E+00      7.544E+08   3.231E+09   1.000E+00   00000   9.736E-01   7.584E-01  3p2   N/A    N/A    N/A 
  106   1.165898E+04   1.944899E+00   2.080E+14   2.355E+33   1.227E-01      5.354E-01   3.040E-02   5.354E-01   1.515E+00   0.000E+00   0.000E+00   0.000E+00   0.000E+00      7.233E+08   3.283E+09   1.000E+00   00000   9.840E-01   7.659E-01  3p2   N/A    N/A    N/A 
  107   1.169553E+04   1.951626E+00   1.996E+14   2.047E+33   1.178E-01      5.233E-01  -0.000E+00   5.233E-01   1.496E+00   0.000E+00   0.000E+00   0.000E+00   0.000E+00      6.904E+08   3.287E+09   1.000E+00   00000   9.939E-01   7.735E-01  3p2   N/A    N/A    N/A 
  108   1.173185E+04   1.957859E+00   1.904E+14   1.768E+33   1.125E-01      5.098E-01  -0.000E+00   5.098E-01   1.473E+00   0.000E+00   0.000E+00   0.000E+00   0.000E+00      6.525E+08   3.243E+09   1.000E+00   00000   1.005E+00   7.821E-01  3p2   N/A    N/A    N/A 
  109   1.176795E+04   1.963498E+00   1.803E+14   1.522E+33   1.065E-01      4.944E-01  -0.000E+00   4.944E-01   1.448E+00   0.000E+00   0.000E+00   0.000E+00   0.000E+00      6.086E+08   3.147E+09   1.000E+00   00000   1.016E+00   7.917E-01  3p2   N/A    N/A    N/A 
  110   1.180383E+04   1.969104E+00   1.702E+14   1.278E+33   1.006E-01      4.785E-01  -0.000E+00   4.785E-01   1.421E+00   0.000E+00   0.000E+00   0.000E+00   0.000E+00      5.632E+08   3.016E+09   1.000E+00   00000   1.027E+00   8.016E-01  3p2   N/A    N/A    N/A 
  111   1.183949E+04   1.974636E+00   1.600E+14   1.037E+33   9.465E-02      4.618E-01  -0.000E+00   4.618E-01   1.393E+00   0.000E+00   0.000E+00   0.000E+00   0.000E+00      5.158E+08   2.861E+09   1.000E+00   00000   1.038E+00   8.118E-01  3p2   N/A    N/A    N/A 
  112   1.185297E+04   1.976385E+00   1.540E+14   9.637E+32   9.108E-02      4.532E-01   0.000E+00   0.000E+00   1.264E+00   0.000E+00   0.000E+00   0.000E+00   0.000E+00      1.666E+09   0.000E+00   0.000E+00   00000   9.509E-01   0.000E+00  1s0  926.9  232.0   32.0
  113   1.186661E+04   1.978154E+00   1.482E+14   8.893E+32   8.765E-02      4.450E-01   0.000E+00   0.000E+00   1.251E+00   0.000E+00   0.000E+00   0.000E+00   0.000E+00      1.837E+09   0.000E+00   0.000E+00   00000   9.524E-01   0.000E+00  1s0  942.4  232.0   32.0
  114   1.188025E+04   1.979924E+00   1.426E+14   8.149E+32   8.434E-02      4.370E-01   0.000E+00   0.000E+00   1.237E+00   0.000E+00   0.000E+00   0.000E+00   0.000E+00      2.022E+09   0.000E+00   0.000E+00   00000   9.539E-01   0.000E+00  1s0  957.4  232.0   32.0
  115   1.189389E+04   1.981694E+00   1.372E+14   7.404E+32   8.116E-02      4.293E-01   0.000E+00   0.000E+00   1.223E+00   0.000E+00   0.000E+00   0.000E+00   0.000E+00      2.217E+09   0.000E+00   0.000E+00   00000   9.555E-01   0.000E+00  1s0  971.8  232.0   32.0
  116   1.190753E+04   1.983464E+00   1.320E+14   6.660E+32   7.810E-02      4.205E-01   0.000E+00   0.000E+00   1.210E+00   0.000E+00   0.000E+00   0.000E+00   0.000E+00      2.399E+09   0.000E+00   0.000E+00   00000   9.569E-01   0.000E+00  1s0  995.2  232.0   32.0
  117   1.192117E+04   1.985234E+00   1.271E+14   5.915E+32   7.517E-02      4.087E-01   0.000E+00   0.000E+00   1.201E+00   0.000E+00   0.000E+00   0.000E+00   0.000E+00      2.541E+09   0.000E+00   0.000E+00   00000   9.579E-01   0.000E+00  1s0 1043.5  232.0   32.0
  118   1.192918E+04   1.986079E+00   1.223E+14   5.566E+32   7.235E-02      3.977E-01   0.000E+00   0.000E+00   1.190E+00   0.000E+00   0.000E+00   0.000E+00   0.000E+00      2.690E+09   0.000E+00   0.000E+00   00000   9.591E-01   0.000E+00  1s0 1090.1  232.0   32.0
  119   1.193624E+04   1.986767E+00   1.177E+14   5.284E+32   6.963E-02      3.874E-01   0.000E+00   0.000E+00   1.179E+00   0.000E+00   0.000E+00   0.000E+00   0.000E+00      2.842E+09   0.000E+00   0.000E+00   00000   9.603E-01   0.000E+00  1s0 1134.9  232.0   32.0
  120   1.194331E+04   1.987456E+00   1.132E+14   5.002E+32   6.702E-02      3.778E-01   0.000E+00   0.000E+00   1.168E+00   0.000E+00   0.000E+00   0.000E+00   0.000E+00      2.993E+09   0.000E+00   0.000E+00   00000   9.615E-01   0.000E+00  1s0 1178.0  232.0   32.0
  121   1.195037E+04   1.988145E+00   1.090E+14   4.719E+32   6.451E-02      3.687E-01   0.000E+00   0.000E+00   1.156E+00   0.000E+00   0.000E+00   0.000E+00   0.000E+00      3.139E+09   0.000E+00   0.000E+00   00000   9.628E-01   0.000E+00  1s0 1219.4  232.0   32.0
  122   1.195743E+04   1.988834E+00   1.049E+14   4.437E+32   6.209E-02      3.601E-01   0.000E+00   0.000E+00   1.145E+00   0.000E+00   0.000E+00   0.000E+00   0.000E+00      3.280E+09   0.000E+00   0.000E+00   00000   9.641E-01   0.000E+00  1s0 1259.3  232.0   32.0
  123   1.196450E+04   1.989522E+00   1.009E+14   4.155E+32   5.976E-02      3.520E-01   0.000E+00   0.000E+00   1.133E+00   0.000E+00   0.000E+00   0.000E+00   0.000E+00      3.416E+09   0.000E+00   0.000E+00   00000   9.654E-01   0.000E+00  1s0 1297.8  232.0   32.0
  124   1.197156E+04   1.990211E+00   9.711E+13   3.872E+32   5.752E-02      3.443E-01   0.000E+00   0.000E+00   1.121E+00   0.000E+00   0.000E+00   0.000E+00   0.000E+00      3.547E+09   0.000E+00   0.000E+00   00000   9.667E-01   0.000E+00  1s0 1334.7  232.0   32.0
  125   1.197863E+04   1.990900E+00   9.345E+13   3.590E+32   5.536E-02      3.370E-01   0.000E+00   0.000E+00   1.108E+00   0.000E+00   0.000E+00   0.000E+00   0.000E+00      3.674E+09   0.000E+00   0.000E+00   00000   9.681E-01   0.000E+00  1s0 1370.3  232.0   32.0
  126   1.198543E+04   1.991537E+00   8.993E+13   3.329E+32   5.329E-02      3.300E-01   0.000E+00   0.000E+00   1.096E+00   0.000E+00   0.000E+00   0.000E+00   0.000E+00      3.796E+09   0.000E+00   0.000E+00   00000   9.694E-01   0.000E+00  1s0 1404.5  232.0   32.0
  127   1.199098E+04   1.991927E+00   8.655E+13   3.173E+32   5.129E-02      3.234E-01   0.000E+00   0.000E+00   1.084E+00   0.000E+00   0.000E+00   0.000E+00   0.000E+00      3.915E+09   0.000E+00   0.000E+00   00000   9.708E-01   0.000E+00  1s0 1437.4  232.0   32.0
  128   1.199654E+04   1.992317E+00   8.328E+13   3.016E+32   4.937E-02      3.169E-01   0.000E+00   0.000E+00   1.072E+00   0.000E+00   0.000E+00   0.000E+00   0.000E+00      4.029E+09   0.000E+00   0.000E+00   00000   9.721E-01   0.000E+00  1s0 1469.1  232.0   32.0
  129   1.200209E+04   1.992707E+00   8.015E+13   2.860E+32   4.752E-02      3.108E-01   0.000E+00   0.000E+00   1.060E+00   0.000E+00   0.000E+00   0.000E+00   0.000E+00      4.139E+09   0.000E+00   0.000E+00   00000   9.735E-01   0.000E+00  1s0 1499.6  232.0   32.0
  130   1.200764E+04   1.993097E+00   7.713E+13   2.703E+32   4.573E-02      3.291E-01   0.000E+00   0.000E+00   1.060E+00   0.000E+00   0.000E+00   0.000E+00   0.000E+00      4.135E+09   0.000E+00   0.000E+00   00000   9.734E-01   0.000E+00  1s0 1519.5  183.0   40.0
  131   1.201319E+04   1.993487E+00   7.422E+13   2.546E+32   4.401E-02      3.236E-01   0.000E+00   0.000E+00   1.047E+00   0.000E+00   0.000E+00   0.000E+00   0.000E+00      4.247E+09   0.000E+00   0.000E+00   00000   9.748E-01   0.000E+00  1s0 1538.6  183.0   40.0
  132   1.201875E+04   1.993877E+00   7.142E+13   2.390E+32   4.236E-02      3.182E-01   0.000E+00   0.000E+00   1.034E+00   0.000E+00   0.000E+00   0.000E+00   0.000E+00      4.353E+09   0.000E+00   0.000E+00   00000   9.762E-01   0.000E+00  1s0 1556.9  183.0   40.0
  133   1.202430E+04   1.994267E+00   6.873E+13   2.233E+32   4.077E-02      3.130E-01   0.000E+00   0.000E+00   1.022E+00   0.000E+00   0.000E+00   0.000E+00   0.000E+00      4.453E+09   0.000E+00   0.000E+00   00000   9.776E-01   0.000E+00  1s0 1574.5  183.0   40.0
  134   1.202985E+04   1.994657E+00   6.614E+13   2.076E+32   3.923E-02      3.079E-01   0.000E+00   0.000E+00   1.009E+00   0.000E+00   0.000E+00   0.000E+00   0.000E+00      4.548E+09   0.000E+00   0.000E+00   00000   9.790E-01   0.000E+00  1s0 1591.5  183.0   40.0
  135   1.203527E+04   1.995026E+00   6.365E+13   1.929E+32   3.776E-02      3.030E-01   0.000E+00   0.000E+00   9.969E-01   0.000E+00   0.000E+00   0.000E+00   0.000E+00      4.637E+09   0.000E+00   0.000E+00   00000   9.803E-01   0.000E+00  1s0 1607.8  183.0   40.0
  136   1.203979E+04   1.995250E+00   6.125E+13   1.840E+32   3.634E-02      2.982E-01   0.000E+00   0.000E+00   9.847E-01   0.000E+00   0.000E+00   0.000E+00   0.000E+00      4.720E+09   0.000E+00   0.000E+00   00000   9.817E-01   0.000E+00  1s0 1623.5  183.0   40.0
  137   1.204430E+04   1.995475E+00   5.894E+13   1.751E+32   3.497E-02      2.935E-01   0.000E+00   0.000E+00   9.725E-01   0.000E+00   0.000E+00   0.000E+00   0.000E+00      4.798E+09   0.000E+00   0.000E+00   00000   9.830E-01   0.000E+00  1s0 1638.7  183.0   40.0
  138   1.204882E+04   1.995699E+00   5.672E+13   1.663E+32   3.366E-02      2.889E-01   0.000E+00   0.000E+00   9.606E-01   0.000E+00   0.000E+00   0.000E+00   0.000E+00      4.869E+09   0.000E+00   0.000E+00   00000   9.843E-01   0.000E+00  1s0 1653.2  183.0   40.0
  139   1.205333E+04   1.995924E+00   5.459E+13   1.574E+32   3.239E-02      2.844E-01   0.000E+00   0.000E+00   9.487E-01   0.000E+00   0.000E+00   0.000E+00   0.000E+00      4.934E+09   0.000E+00   0.000E+00   00000   9.856E-01   0.000E+00  1s0 1667.2  183.0   40.0
  140   1.205785E+04   1.996148E+00   5.253E+13   1.486E+32   3.118E-02      2.801E-01   0.000E+00   0.000E+00   9.370E-01   0.000E+00   0.000E+00   0.000E+00   0.000E+00      4.994E+09   0.000E+00   0.000E+00   00000   9.869E-01   0.000E+00  1s0 1680.7  183.0   40.0
  141   1.206237E+04   1.996372E+00   5.055E+13   1.397E+32   3.001E-02      2.758E-01   0.000E+00   0.000E+00   9.254E-01   0.000E+00   0.000E+00   0.000E+00   0.000E+00      5.047E+09   0.000E+00   0.000E+00   00000   9.882E-01   0.000E+00  1s0 1693.7  183.0   40.0
  142   1.206688E+04   1.996597E+00   4.865E+13   1.309E+32   2.888E-02      2.717E-01   0.000E+00   0.000E+00   9.139E-01   0.000E+00   0.000E+00   0.000E+00   0.000E+00      5.094E+09   0.000E+00   0.000E+00   00000   9.895E-01   0.000E+00  1s0 1706.1  183.0   40.0
  143   1.207140E+04   1.996821E+00   4.681E+13   1.220E+32   2.779E-02      2.676E-01   0.000E+00   0.000E+00   9.026E-01   0.000E+00   0.000E+00   0.000E+00   0.000E+00      5.134E+09   0.000E+00   0.000E+00   00000   9.907E-01   0.000E+00  1s0 1718.2  183.0   40.0
  144   1.207591E+04   1.997046E+00   4.505E+13   1.131E+32   2.675E-02      2.636E-01   0.000E+00   0.000E+00   8.914E-01   0.000E+00   0.000E+00   0.000E+00   0.000E+00      5.169E+09   0.000E+00   0.000E+00   00000   9.919E-01   0.000E+00  1s0 1729.7  183.0   40.0
  145   1.207972E+04   1.997185E+00   4.335E+13   1.077E+32   2.575E-02      2.597E-01   0.000E+00   0.000E+00   8.803E-01   0.000E+00   0.000E+00   0.000E+00   0.000E+00      5.197E+09   0.000E+00   0.000E+00   00000   9.932E-01   0.000E+00  1s0 1740.8  183.0   40.0
  146   1.208347E+04   1.997317E+00   4.172E+13   1.026E+32   2.478E-02      2.559E-01   0.000E+00   0.000E+00   8.693E-01   0.000E+00   0.000E+00   0.000E+00   0.000E+00      5.219E+09   0.000E+00   0.000E+00   00000   9.944E-01   0.000E+00  1s0 1751.5  183.0   40.0
  147   1.208722E+04   1.997448E+00   4.015E+13   9.750E+31   2.385E-02      2.521E-01   0.000E+00   0.000E+00   8.585E-01   0.000E+00   0.000E+00   0.000E+00   0.000E+00      5.235E+09   0.000E+00   0.000E+00   00000   9.956E-01   0.000E+00  1s0 1761.8  183.0   40.0
  148   1.209097E+04   1.997580E+00   3.863E+13   9.238E+31   2.295E-02      2.485E-01   0.000E+00   0.000E+00   8.478E-01   0.000E+00   0.000E+00   0.000E+00   0.000E+00      5.244E+09   0.000E+00   0.000E+00   00000   9.967E-01   0.000E+00  1s0 1771.7  183.0   40.0
  149   1.209472E+04   1.997711E+00   3.718E+13   8.726E+31   2.209E-02      2.449E-01   0.000E+00   0.000E+00   8.372E-01   0.000E+00   0.000E+00   0.000E+00   0.000E+00      5.248E+09   0.000E+00   0.000E+00   00000   9.979E-01   0.000E+00  1s0 1781.3  183.0   40.0
  150   1.209847E+04   1.997843E+00   3.578E+13   8.215E+31   2.126E-02      2.414E-01   0.000E+00   0.000E+00   8.268E-01   0.000E+00   0.000E+00   0.000E+00   0.000E+00      5.245E+09   0.000E+00   0.000E+00   00000   9.991E-01   0.000E+00  1s0 1790.5  183.0   40.0
  151   1.210222E+04   1.997975E+00   3.443E+13   7.703E+31   2.046E-02      2.379E-01   0.000E+00   0.000E+00   8.165E-01   0.000E+00   0.000E+00   0.000E+00   0.000E+00      5.236E+09   0.000E+00   0.000E+00   00000   1.000E+00   0.000E+00  1s0 1799.3  183.0   40.0
  152   1.210597E+04   1.998106E+00   3.313E+13   7.191E+31   1.969E-02      2.543E-01   0.000E+00   0.000E+00   8.040E-01   0.000E+00   0.000E+00   0.000E+00   0.000E+00      5.217E+09   0.000E+00   0.000E+00   00000   1.000E+00   0.000E+00  1s0 1772.4  193.0   50.0
  153   1.210972E+04   1.998238E+00   3.188E+13   6.680E+31   1.895E-02      2.525E-01   0.000E+00   0.000E+00   7.932E-01   0.000E+00   0.000E+00   0.000E+00   0.000E+00      5.193E+09   0.000E+00   0.000E+00   00000   1.000E+00   0.000E+00  1s0 1743.4  193.0   50.0
  154   1.211303E+04   1.998333E+00   3.068E+13   6.314E+31   1.824E-02      2.506E-01   0.000E+00   0.000E+00   7.826E-01   0.000E+00   0.000E+00   0.000E+00   0.000E+00      5.162E+09   0.000E+00   0.000E+00   00000   1.000E+00   0.000E+00  1s0 1715.4  193.0   50.0
  155   1.211613E+04   1.998409E+00   2.953E+13   6.021E+31   1.755E-02      2.487E-01   0.000E+00   0.000E+00   7.722E-01   0.000E+00   0.000E+00   0.000E+00   0.000E+00      5.126E+09   0.000E+00   0.000E+00   00000   1.000E+00   0.000E+00  1s0 1688.6  193.0   50.0
  156   1.211923E+04   1.998486E+00   2.841E+13   5.727E+31   1.689E-02      2.469E-01   0.000E+00   0.000E+00   7.618E-01   0.000E+00   0.000E+00   0.000E+00   0.000E+00      5.085E+09   0.000E+00   0.000E+00   00000   1.000E+00   0.000E+00  1s0 1662.7  193.0   50.0
  157   1.212232E+04   1.998562E+00   2.734E+13   5.434E+31   1.626E-02      2.449E-01   0.000E+00   0.000E+00   7.517E-01   0.000E+00   0.000E+00   0.000E+00   0.000E+00      5.039E+09   0.000E+00   0.000E+00   00000   1.000E+00   0.000E+00  1s0 1637.8  193.0   50.0
  158   1.212542E+04   1.998639E+00   2.631E+13   5.140E+31   1.565E-02      2.430E-01   0.000E+00   0.000E+00   7.416E-01   0.000E+00   0.000E+00   0.000E+00   0.000E+00      4.990E+09   0.000E+00   0.000E+00   00000   1.000E+00   0.000E+00  1s0 1613.9  193.0   50.0
  159   1.212852E+04   1.998715E+00   2.532E+13   4.846E+31   1.506E-02      2.411E-01   0.000E+00   0.000E+00   7.317E-01   0.000E+00   0.000E+00   0.000E+00   0.000E+00      4.938E+09   0.000E+00   0.000E+00   00000   1.000E+00   0.000E+00  1s0 1590.8  193.0   50.0
  160   1.213162E+04   1.998792E+00   2.437E+13   4.553E+31   1.449E-02      2.392E-01   0.000E+00   0.000E+00   7.220E-01   0.000E+00   0.000E+00   0.000E+00   0.000E+00      4.882E+09   0.000E+00   0.000E+00   00000   1.000E+00   0.000E+00  1s0 1568.7  193.0   50.0
  161   1.213471E+04   1.998868E+00   2.345E+13   4.259E+31   1.395E-02      2.372E-01   0.000E+00   0.000E+00   7.124E-01   0.000E+00   0.000E+00   0.000E+00   0.000E+00      4.825E+09   0.000E+00   0.000E+00   00000   1.000E+00   0.000E+00  1s0 1547.3  193.0   50.0
  162   1.213781E+04   1.998945E+00   2.257E+13   3.966E+31   1.342E-02      2.352E-01   0.000E+00   0.000E+00   7.029E-01   0.000E+00   0.000E+00   0.000E+00   0.000E+00      4.765E+09   0.000E+00   0.000E+00   00000   1.000E+00   0.000E+00  1s0 1526.8  193.0   50.0
  163   1.214073E+04   1.999010E+00   2.172E+13   3.714E+31   1.292E-02      2.333E-01   0.000E+00   0.000E+00   6.935E-01   0.000E+00   0.000E+00   0.000E+00   0.000E+00      4.705E+09   0.000E+00   0.000E+00   00000   1.000E+00   0.000E+00  1s0 1507.0  193.0   50.0
  164   1.214332E+04   1.999055E+00   2.090E+13   3.544E+31   1.243E-02      2.313E-01   0.000E+00   0.000E+00   6.843E-01   0.000E+00   0.000E+00   0.000E+00   0.000E+00      4.643E+09   0.000E+00   0.000E+00   00000   1.000E+00   0.000E+00  1s0 1488.0  193.0   50.0
  165   1.214590E+04   1.999100E+00   2.011E+13   3.374E+31   1.197E-02      2.293E-01   0.000E+00   0.000E+00   6.752E-01   0.000E+00   0.000E+00   0.000E+00   0.000E+00      4.580E+09   0.000E+00   0.000E+00   00000   1.000E+00   0.000E+00  1s0 1469.7  193.0   50.0
  166   1.214849E+04   1.999145E+00   1.935E+13   3.204E+31   1.152E-02      2.273E-01   0.000E+00   0.000E+00   6.662E-01   0.000E+00   0.000E+00   0.000E+00   0.000E+00      4.516E+09   0.000E+00   0.000E+00   00000   1.000E+00   0.000E+00  1s0 1452.1  193.0   50.0
  167   1.215107E+04   1.999190E+00   1.862E+13   3.034E+31   1.108E-02      2.253E-01   0.000E+00   0.000E+00   6.573E-01   0.000E+00   0.000E+00   0.000E+00   0.000E+00      4.453E+09   0.000E+00   0.000E+00   00000   1.000E+00   0.000E+00  1s0 1435.1  193.0   50.0
  168   1.215366E+04   1.999234E+00   1.792E+13   2.864E+31   1.067E-02      2.233E-01   0.000E+00   0.000E+00   6.486E-01   0.000E+00   0.000E+00   0.000E+00   0.000E+00      4.389E+09   0.000E+00   0.000E+00   00000   1.000E+00   0.000E+00  1s0 1418.8  193.0   50.0
  169   1.215624E+04   1.999279E+00   1.725E+13   2.694E+31   1.027E-02      2.213E-01   0.000E+00   0.000E+00   6.400E-01   0.000E+00   0.000E+00   0.000E+00   0.000E+00      4.325E+09   0.000E+00   0.000E+00   00000   1.000E+00   0.000E+00  1s0 1403.1  193.0   50.0
  170   1.215883E+04   1.999324E+00   1.660E+13   2.524E+31   9.881E-03      2.192E-01   0.000E+00   0.000E+00   6.315E-01   0.000E+00   0.000E+00   0.000E+00   0.000E+00      4.261E+09   0.000E+00   0.000E+00   00000   1.000E+00   0.000E+00  1s0 1388.0  193.0   50.0
  171   1.216141E+04   1.999369E+00   1.597E+13   2.354E+31   9.510E-03      2.172E-01   0.000E+00   0.000E+00   6.232E-01   0.000E+00   0.000E+00   0.000E+00   0.000E+00      4.198E+09   0.000E+00   0.000E+00   00000   1.000E+00   0.000E+00  1s0 1373.5  193.0   50.0
  172   1.216399E+04   1.999413E+00   1.537E+13   2.184E+31   9.153E-03      2.152E-01   0.000E+00   0.000E+00   6.149E-01   0.000E+00   0.000E+00   0.000E+00   0.000E+00      4.136E+09   0.000E+00   0.000E+00   00000   1.000E+00   0.000E+00  1s0 1359.5  193.0   50.0
  173   1.216609E+04   1.999439E+00   1.479E+13   2.089E+31   8.809E-03      2.134E-01   0.000E+00   0.000E+00   6.118E-01   0.000E+00   0.000E+00   0.000E+00   0.000E+00      4.111E+09   0.000E+00   0.000E+00   00000   1.000E+00   0.000E+00  1s0 1341.9  164.0   50.0
  174   1.216818E+04   1.999464E+00   1.423E+13   1.994E+31   8.477E-03      2.121E-01   0.000E+00   0.000E+00   6.034E-01   0.000E+00   0.000E+00   0.000E+00   0.000E+00      4.048E+09   0.000E+00   0.000E+00   00000   1.000E+00   0.000E+00  1s0 1315.5  164.0   50.0
  175   1.217027E+04   1.999490E+00   1.370E+13   1.898E+31   8.158E-03      2.108E-01   0.000E+00   0.000E+00   5.952E-01   0.000E+00   0.000E+00   0.000E+00   0.000E+00      3.985E+09   0.000E+00   0.000E+00   00000   1.000E+00   0.000E+00  1s0 1290.1  164.0   50.0
  176   1.217237E+04   1.999515E+00   1.318E+13   1.803E+31   7.851E-03      2.094E-01   0.000E+00   0.000E+00   5.871E-01   0.000E+00   0.000E+00   0.000E+00   0.000E+00      3.923E+09   0.000E+00   0.000E+00   00000   1.000E+00   0.000E+00  1s0 1265.7  164.0   50.0
  177   1.217446E+04   1.999540E+00   1.268E+13   1.708E+31   7.555E-03      2.080E-01   0.000E+00   0.000E+00   5.791E-01   0.000E+00   0.000E+00   0.000E+00   0.000E+00      3.862E+09   0.000E+00   0.000E+00   00000   1.000E+00   0.000E+00  1s0 1242.1  164.0   50.0
  178   1.217656E+04   1.999566E+00   1.221E+13   1.612E+31   7.271E-03      2.067E-01   0.000E+00   0.000E+00   5.712E-01   0.000E+00   0.000E+00   0.000E+00   0.000E+00      3.802E+09   0.000E+00   0.000E+00   00000   1.000E+00   0.000E+00  1s0 1219.5  164.0   50.0
  179   1.217865E+04   1.999591E+00   1.175E+13   1.517E+31   6.997E-03      2.053E-01   0.000E+00   0.000E+00   5.634E-01   0.000E+00   0.000E+00   0.000E+00   0.000E+00      3.742E+09   0.000E+00   0.000E+00   00000   1.000E+00   0.000E+00  1s0 1197.7  164.0   50.0
  180   1.218075E+04   1.999616E+00   1.130E+13   1.422E+31   6.733E-03      2.039E-01   0.000E+00   0.000E+00   5.557E-01   0.000E+00   0.000E+00   0.000E+00   0.000E+00      3.682E+09   0.000E+00   0.000E+00   00000   1.000E+00   0.000E+00  1s0 1176.7  164.0   50.0
  181   1.218284E+04   1.999642E+00   1.088E+13   1.326E+31   6.480E-03      2.024E-01   0.000E+00   0.000E+00   5.481E-01   0.000E+00   0.000E+00   0.000E+00   0.000E+00      3.623E+09   0.000E+00   0.000E+00   00000   1.000E+00   0.000E+00  1s0 1156.5  164.0   50.0
  182   1.218476E+04   1.999662E+00   1.047E+13   1.249E+31   6.236E-03      2.010E-01   0.000E+00   0.000E+00   5.406E-01   0.000E+00   0.000E+00   0.000E+00   0.000E+00      3.564E+09   0.000E+00   0.000E+00   00000   1.000E+00   0.000E+00  1s0 1137.1  164.0   50.0
  183   1.218642E+04   1.999676E+00   1.007E+13   1.197E+31   6.001E-03      1.995E-01   0.000E+00   0.000E+00   5.332E-01   0.000E+00   0.000E+00   0.000E+00   0.000E+00      3.505E+09   0.000E+00   0.000E+00   00000   1.000E+00   0.000E+00  1s0 1118.4  164.0   50.0
  184   1.218807E+04   1.999690E+00   9.694E+12   1.146E+31   5.775E-03      1.981E-01   0.000E+00   0.000E+00   5.260E-01   0.000E+00   0.000E+00   0.000E+00   0.000E+00      3.447E+09   0.000E+00   0.000E+00   00000   1.000E+00   0.000E+00  1s0 1100.4  164.0   50.0
  185   1.218973E+04   1.999704E+00   9.328E+12   1.094E+31   5.558E-03      1.965E-01   0.000E+00   0.000E+00   5.194E-01   0.000E+00   0.000E+00   0.000E+00   0.000E+00      3.393E+09   0.000E+00   0.000E+00   00000   1.000E+00   0.000E+00  1s0 1084.4  161.0   50.0
  186   1.219138E+04   1.999717E+00   8.977E+12   1.043E+31   5.349E-03      1.949E-01   0.000E+00   0.000E+00   5.124E-01   0.000E+00   0.000E+00   0.000E+00   0.000E+00      3.335E+09   0.000E+00   0.000E+00   00000   1.000E+00   0.000E+00  1s0 1069.0  161.0   50.0
  187   1.219304E+04   1.999731E+00   8.639E+12   9.917E+30   5.147E-03      1.934E-01   0.000E+00   0.000E+00   5.054E-01   0.000E+00   0.000E+00   0.000E+00   0.000E+00      3.277E+09   0.000E+00   0.000E+00   00000   1.000E+00   0.000E+00  1s0 1054.2  161.0   50.0
  188   1.219470E+04   1.999745E+00   8.313E+12   9.403E+30   4.954E-03      1.918E-01   0.000E+00   0.000E+00   4.986E-01   0.000E+00   0.000E+00   0.000E+00   0.000E+00      3.219E+09   0.000E+00   0.000E+00   00000   1.000E+00   0.000E+00  1s0 1040.0  161.0   50.0
  189   1.219635E+04   1.999759E+00   8.000E+12   8.889E+30   4.767E-03      1.902E-01   0.000E+00   0.000E+00   4.919E-01   0.000E+00   0.000E+00   0.000E+00   0.000E+00      3.161E+09   0.000E+00   0.000E+00   00000   1.000E+00   0.000E+00  1s0 1026.3  161.0   50.0
  190   1.219801E+04   1.999772E+00   7.699E+12   8.375E+30   4.588E-03      1.886E-01   0.000E+00   0.000E+00   4.852E-01   0.000E+00   0.000E+00   0.000E+00   0.000E+00      3.102E+09   0.000E+00   0.000E+00   00000   1.000E+00   0.000E+00  1s0 1013.1  161.0   50.0
  191   1.219966E+04   1.999786E+00   7.408E+12   7.862E+30   4.415E-03      1.870E-01   0.000E+00   0.000E+00   4.787E-01   0.000E+00   0.000E+00   0.000E+00   0.000E+00      3.044E+09   0.000E+00   0.000E+00   00000   1.000E+00   0.000E+00  1s0 1000.4  161.0   50.0
  192   1.220126E+04   1.999799E+00   7.129E+12   7.385E+30   4.249E-03      1.853E-01   0.000E+00   0.000E+00   4.722E-01   0.000E+00   0.000E+00   0.000E+00   0.000E+00      2.986E+09   0.000E+00   0.000E+00   00000   1.000E+00   0.000E+00  1s0  988.2  161.0   50.0
  193   1.220246E+04   1.999805E+00   6.861E+12   7.141E+30   4.089E-03      1.837E-01   0.000E+00   0.000E+00   4.659E-01   0.000E+00   0.000E+00   0.000E+00   0.000E+00      2.928E+09   0.000E+00   0.000E+00   00000   1.000E+00   0.000E+00  1s0  976.4  161.0   50.0
  194   1.220366E+04   1.999812E+00   6.602E+12   6.898E+30   3.935E-03      1.821E-01   0.000E+00   0.000E+00   4.596E-01   0.000E+00   0.000E+00   0.000E+00   0.000E+00      2.871E+09   0.000E+00   0.000E+00   00000   1.000E+00   0.000E+00  1s0  965.1  161.0   50.0
  195   1.220486E+04   1.999819E+00   6.353E+12   6.654E+30   3.787E-03      1.805E-01   0.000E+00   0.000E+00   4.534E-01   0.000E+00   0.000E+00   0.000E+00   0.000E+00      2.813E+09   0.000E+00   0.000E+00   00000   1.000E+00   0.000E+00  1s0  954.2  161.0   50.0
  196   1.220606E+04   1.999825E+00   6.114E+12   6.411E+30   3.645E-03      1.796E-01   0.000E+00   0.000E+00   4.473E-01   0.000E+00   0.000E+00   0.000E+00   0.000E+00      2.757E+09   0.000E+00   0.000E+00   00000   1.000E+00   0.000E+00  1s0  932.1  159.0   50.0
  197   1.220726E+04   1.999832E+00   5.884E+12   6.167E+30   3.508E-03      1.791E-01   0.000E+00   0.000E+00   4.407E-01   0.000E+00   0.000E+00   0.000E+00   0.000E+00      2.694E+09   0.000E+00   0.000E+00   00000   1.000E+00   0.000E+00  1s0  903.2  159.0   50.0
  198   1.220847E+04   1.999838E+00   5.662E+12   5.924E+30   3.376E-03      1.787E-01   0.000E+00   0.000E+00   4.341E-01   0.000E+00   0.000E+00   0.000E+00   0.000E+00      2.632E+09   0.000E+00   0.000E+00   00000   1.000E+00   0.000E+00  1s0  875.5  159.0   50.0
  199   1.220967E+04   1.999845E+00   5.449E+12   5.680E+30   3.248E-03      1.783E-01   0.000E+00   0.000E+00   4.276E-01   0.000E+00   0.000E+00   0.000E+00   0.000E+00      2.571E+09   0.000E+00   0.000E+00   00000   1.000E+00   0.000E+00  1s0  848.7  159.0   50.0
  200   1.221087E+04   1.999851E+00   5.243E+12   5.437E+30   3.126E-03      1.778E-01   0.000E+00   0.000E+00   4.211E-01   0.000E+00   0.000E+00   0.000E+00   0.000E+00      2.509E+09   0.000E+00   0.000E+00   00000   1.000E+00   0.000E+00  1s0  823.0  159.0   50.0
  201   1.221207E+04   1.999858E+00   5.046E+12   5.193E+30   3.008E-03      1.774E-01   0.000E+00   0.000E+00   4.147E-01   0.000E+00   0.000E+00   0.000E+00   0.000E+00      2.448E+09   0.000E+00   0.000E+00   00000   1.000E+00   0.000E+00  1s0  798.3  159.0   50.0
  202   1.221327E+04   1.999865E+00   4.856E+12   4.950E+30   2.895E-03      1.769E-01   0.000E+00   0.000E+00   4.084E-01   0.000E+00   0.000E+00   0.000E+00   0.000E+00      2.388E+09   0.000E+00   0.000E+00   00000   1.000E+00   0.000E+00  1s0  774.4  159.0   50.0
  203   1.221447E+04   1.999871E+00   4.673E+12   4.706E+30   2.786E-03      1.764E-01   0.000E+00   0.000E+00   4.022E-01   0.000E+00   0.000E+00   0.000E+00   0.000E+00      2.328E+09   0.000E+00   0.000E+00   00000   1.000E+00   0.000E+00  1s0  751.5  159.0   50.0
  204   1.221568E+04   1.999878E+00   4.497E+12   4.463E+30   2.681E-03      1.759E-01   0.000E+00   0.000E+00   3.960E-01   0.000E+00   0.000E+00   0.000E+00   0.000E+00      2.269E+09   0.000E+00   0.000E+00   00000   1.000E+00   0.000E+00  1s0  729.5  159.0   50.0
  205   1.221680E+04   1.999882E+00   4.327E+12   4.309E+30   2.580E-03      1.754E-01   0.000E+00   0.000E+00   3.898E-01   0.000E+00   0.000E+00   0.000E+00   0.000E+00      2.211E+09   0.000E+00   0.000E+00   00000   1.000E+00   0.000E+00  1s0  708.2  159.0   50.0
  206   1.221791E+04   1.999886E+00   4.164E+12   4.173E+30   2.483E-03      1.748E-01   0.000E+00   0.000E+00   3.838E-01   0.000E+00   0.000E+00   0.000E+00   0.000E+00      2.153E+09   0.000E+00   0.000E+00   00000   1.000E+00   0.000E+00  1s0  687.8  159.0   50.0
  207   1.221901E+04   1.999889E+00   4.007E+12   4.038E+30   2.390E-03      1.743E-01   0.000E+00   0.000E+00   3.778E-01   0.000E+00   0.000E+00   0.000E+00   0.000E+00      2.096E+09   0.000E+00   0.000E+00   00000   1.000E+00   0.000E+00  1s0  668.2  159.0   50.0
  208   1.222012E+04   1.999893E+00   3.856E+12   3.902E+30   2.300E-03      1.737E-01   0.000E+00   0.000E+00   3.719E-01   0.000E+00   0.000E+00   0.000E+00   0.000E+00      2.039E+09   0.000E+00   0.000E+00   00000   1.000E+00   0.000E+00  1s0  649.2  159.0   50.0
  209   1.222123E+04   1.999897E+00   3.711E+12   3.767E+30   2.213E-03      1.732E-01   0.000E+00   0.000E+00   3.660E-01   0.000E+00   0.000E+00   0.000E+00   0.000E+00      1.984E+09   0.000E+00   0.000E+00   00000   1.000E+00   0.000E+00  1s0  631.0  159.0   50.0
  210   1.222234E+04   1.999900E+00   3.571E+12   3.632E+30   2.130E-03      1.726E-01   0.000E+00   0.000E+00   3.602E-01   0.000E+00   0.000E+00   0.000E+00   0.000E+00      1.929E+09   0.000E+00   0.000E+00   00000   1.000E+00   0.000E+00  1s0  613.5  159.0   50.0
  211   1.222344E+04   1.999904E+00   3.437E+12   3.496E+30   2.050E-03      1.720E-01   0.000E+00   0.000E+00   3.544E-01   0.000E+00   0.000E+00   0.000E+00   0.000E+00      1.875E+09   0.000E+00   0.000E+00   00000   1.000E+00   0.000E+00  1s0  596.7  159.0   50.0
  212   1.222455E+04   1.999908E+00   3.307E+12   3.361E+30   1.973E-03      1.714E-01   0.000E+00   0.000E+00   3.487E-01   0.000E+00   0.000E+00   0.000E+00   0.000E+00      1.822E+09   0.000E+00   0.000E+00   00000   1.000E+00   0.000E+00  1s0  580.4  159.0   50.0
  213   1.222566E+04   1.999911E+00   3.183E+12   3.226E+30   1.898E-03      1.707E-01   0.000E+00   0.000E+00   3.431E-01   0.000E+00   0.000E+00   0.000E+00   0.000E+00      1.769E+09   0.000E+00   0.000E+00   00000   1.000E+00   0.000E+00  1s0  564.8  159.0   50.0
  214   1.222677E+04   1.999915E+00   3.063E+12   3.090E+30   1.827E-03      1.701E-01   0.000E+00   0.000E+00   3.375E-01   0.000E+00   0.000E+00   0.000E+00   0.000E+00      1.718E+09   0.000E+00   0.000E+00   00000   1.000E+00   0.000E+00  1s0  549.8  159.0   50.0
  215   1.222787E+04   1.999919E+00   2.947E+12   2.955E+30   1.758E-03      1.694E-01   0.000E+00   0.000E+00   3.320E-01   0.000E+00   0.000E+00   0.000E+00   0.000E+00      1.668E+09   0.000E+00   0.000E+00   00000   1.000E+00   0.000E+00  1s0  535.4  159.0   50.0
  216   1.222898E+04   1.999922E+00   2.836E+12   2.819E+30   1.692E-03      1.687E-01   0.000E+00   0.000E+00   3.266E-01   0.000E+00   0.000E+00   0.000E+00   0.000E+00      1.618E+09   0.000E+00   0.000E+00   00000   1.000E+00   0.000E+00  1s0  521.4  159.0   50.0
  217   1.223009E+04   1.999926E+00   2.729E+12   2.684E+30   1.628E-03      1.680E-01   0.000E+00   0.000E+00   3.212E-01   0.000E+00   0.000E+00   0.000E+00   0.000E+00      1.570E+09   0.000E+00   0.000E+00   00000   1.000E+00   0.000E+00  1s0  508.1  159.0   50.0
  218   1.223097E+04   1.999928E+00   2.626E+12   2.623E+30   1.567E-03      1.554E-01   0.000E+00   0.000E+00   3.284E-01   0.000E+00   0.000E+00   0.000E+00   0.000E+00      1.635E+09   0.000E+00   0.000E+00   00000   1.000E+00   0.000E+00  1s0  494.2  117.0   40.0
  219   1.223185E+04   1.999929E+00   2.528E+12   2.561E+30   1.508E-03      1.550E-01   0.000E+00   0.000E+00   3.232E-01   0.000E+00   0.000E+00   0.000E+00   0.000E+00      1.588E+09   0.000E+00   0.000E+00   00000   1.000E+00   0.000E+00  1s0  479.3  117.0   40.0
  220   1.223272E+04   1.999931E+00   2.432E+12   2.500E+30   1.451E-03      1.546E-01   0.000E+00   0.000E+00   3.180E-01   0.000E+00   0.000E+00   0.000E+00   0.000E+00      1.542E+09   0.000E+00   0.000E+00   00000   1.000E+00   0.000E+00  1s0  464.9  117.0   40.0
  221   1.223360E+04   1.999933E+00   2.341E+12   2.438E+30   1.397E-03      1.542E-01   0.000E+00   0.000E+00   3.129E-01   0.000E+00   0.000E+00   0.000E+00   0.000E+00      1.496E+09   0.000E+00   0.000E+00   00000   1.000E+00   0.000E+00  1s0  451.1  117.0   40.0
  222   1.223448E+04   1.999934E+00   2.252E+12   2.377E+30   1.344E-03      1.538E-01   0.000E+00   0.000E+00   3.078E-01   0.000E+00   0.000E+00   0.000E+00   0.000E+00      1.452E+09   0.000E+00   0.000E+00   00000   1.000E+00   0.000E+00  1s0  437.8  117.0   40.0
  223   1.223536E+04   1.999936E+00   2.168E+12   2.315E+30   1.294E-03      1.533E-01   0.000E+00   0.000E+00   3.028E-01   0.000E+00   0.000E+00   0.000E+00   0.000E+00      1.408E+09   0.000E+00   0.000E+00   00000   1.000E+00   0.000E+00  1s0  424.9  117.0   40.0
  224   1.223624E+04   1.999938E+00   2.086E+12   2.254E+30   1.245E-03      1.529E-01   0.000E+00   0.000E+00   2.978E-01   0.000E+00   0.000E+00   0.000E+00   0.000E+00      1.366E+09   0.000E+00   0.000E+00   00000   1.000E+00   0.000E+00  1s0  412.6  117.0   40.0
  225   1.223712E+04   1.999939E+00   2.007E+12   2.192E+30   1.198E-03      1.524E-01   0.000E+00   0.000E+00   2.929E-01   0.000E+00   0.000E+00   0.000E+00   0.000E+00      1.324E+09   0.000E+00   0.000E+00   00000   1.000E+00   0.000E+00  1s0  400.8  117.0   40.0
  226   1.223800E+04   1.999941E+00   1.932E+12   2.131E+30   1.153E-03      1.519E-01   0.000E+00   0.000E+00   2.880E-01   0.000E+00   0.000E+00   0.000E+00   0.000E+00      1.283E+09   0.000E+00   0.000E+00   00000   1.000E+00   0.000E+00  1s0  389.4  117.0   40.0
  227   1.223888E+04   1.999943E+00   1.859E+12   2.069E+30   1.110E-03      1.514E-01   0.000E+00   0.000E+00   2.831E-01   0.000E+00   0.000E+00   0.000E+00   0.000E+00      1.243E+09   0.000E+00   0.000E+00   00000   1.000E+00   0.000E+00  1s0  378.4  117.0   40.0
  228   1.223976E+04   1.999944E+00   1.789E+12   2.008E+30   1.068E-03      1.509E-01   0.000E+00   0.000E+00   2.783E-01   0.000E+00   0.000E+00   0.000E+00   0.000E+00      1.203E+09   0.000E+00   0.000E+00   00000   1.000E+00   0.000E+00  1s0  367.8  117.0   40.0
  229   1.224064E+04   1.999946E+00   1.721E+12   1.946E+30   1.028E-03      1.504E-01   0.000E+00   0.000E+00   2.736E-01   0.000E+00   0.000E+00   0.000E+00   0.000E+00      1.165E+09   0.000E+00   0.000E+00   00000   1.000E+00   0.000E+00  1s0  357.6  117.0   40.0
  230   1.224152E+04   1.999948E+00   1.657E+12   1.884E+30   9.890E-04      1.499E-01   0.000E+00   0.000E+00   2.689E-01   0.000E+00   0.000E+00   0.000E+00   0.000E+00      1.126E+09   0.000E+00   0.000E+00   00000   1.000E+00   0.000E+00  1s0  347.9  117.0   40.0
  231   1.224240E+04   1.999949E+00   1.594E+12   1.823E+30   9.518E-04      1.493E-01   0.000E+00   0.000E+00   2.642E-01   0.000E+00   0.000E+00   0.000E+00   0.000E+00      1.089E+09   0.000E+00   0.000E+00   00000   1.000E+00   0.000E+00  1s0  338.4  117.0   40.0
  232   1.224327E+04   1.999951E+00   1.534E+12   1.761E+30   9.160E-04      1.488E-01   0.000E+00   0.000E+00   2.596E-01   0.000E+00   0.000E+00   0.000E+00   0.000E+00      1.052E+09   0.000E+00   0.000E+00   00000   1.000E+00   0.000E+00  1s0  329.4  117.0   40.0
  233   1.224415E+04   1.999953E+00   1.476E+12   1.700E+30   8.816E-04      1.482E-01   0.000E+00   0.000E+00   2.550E-01   0.000E+00   0.000E+00   0.000E+00   0.000E+00      1.016E+09   0.000E+00   0.000E+00   00000   1.000E+00   0.000E+00  1s0  320.6  117.0   40.0
  234   1.224525E+04   1.999954E+00   1.421E+12   1.656E+30   8.484E-04      1.476E-01   0.000E+00   0.000E+00   2.509E-01   0.000E+00   0.000E+00   0.000E+00   0.000E+00      9.839E+08   0.000E+00   0.000E+00   00000   1.000E+00   0.000E+00  1s0  312.3  116.0   40.0
  235   1.224636E+04   1.999955E+00   1.367E+12   1.613E+30   8.165E-04      1.470E-01   0.000E+00   0.000E+00   2.464E-01   0.000E+00   0.000E+00   0.000E+00   0.000E+00      9.489E+08   0.000E+00   0.000E+00   00000   1.000E+00   0.000E+00  1s0  304.3  116.0   40.0
  236   1.224748E+04   1.999956E+00   1.316E+12   1.571E+30   7.858E-04      1.464E-01   0.000E+00   0.000E+00   2.420E-01   0.000E+00   0.000E+00   0.000E+00   0.000E+00      9.145E+08   0.000E+00   0.000E+00   00000   1.000E+00   0.000E+00  1s0  296.6  116.0   40.0
  237   1.224859E+04   1.999957E+00   1.266E+12   1.528E+30   7.562E-04      1.458E-01   0.000E+00   0.000E+00   2.376E-01   0.000E+00   0.000E+00   0.000E+00   0.000E+00      8.805E+08   0.000E+00   0.000E+00   00000   1.000E+00   0.000E+00  1s0  289.2  116.0   40.0
  238   1.224971E+04   1.999959E+00   1.218E+12   1.486E+30   7.278E-04      1.451E-01   0.000E+00   0.000E+00   2.332E-01   0.000E+00   0.000E+00   0.000E+00   0.000E+00      8.470E+08   0.000E+00   0.000E+00   00000   1.000E+00   0.000E+00  1s0  282.1  116.0   40.0
  239   1.225082E+04   1.999960E+00   1.172E+12   1.443E+30   7.004E-04      1.445E-01   0.000E+00   0.000E+00   2.289E-01   0.000E+00   0.000E+00   0.000E+00   0.000E+00      8.139E+08   0.000E+00   0.000E+00   00000   1.000E+00   0.000E+00  1s0  275.2  116.0   40.0
  240   1.225193E+04   1.999961E+00   1.128E+12   1.401E+30   6.741E-04      1.438E-01   0.000E+00   0.000E+00   2.247E-01   0.000E+00   0.000E+00   0.000E+00   0.000E+00      7.812E+08   0.000E+00   0.000E+00   00000   1.000E+00   0.000E+00  1s0  268.6  116.0   40.0
  241   1.225305E+04   1.999962E+00   1.086E+12   1.359E+30   6.487E-04      1.431E-01   0.000E+00   0.000E+00   2.204E-01   0.000E+00   0.000E+00   0.000E+00   0.000E+00      7.490E+08   0.000E+00   0.000E+00   00000   1.000E+00   0.000E+00  1s0  262.2  116.0   40.0
  242   1.225416E+04   1.999963E+00   1.045E+12   1.316E+30   6.244E-04      1.424E-01   0.000E+00   0.000E+00   2.163E-01   0.000E+00   0.000E+00   0.000E+00   0.000E+00      7.171E+08   0.000E+00   0.000E+00   00000   1.000E+00   0.000E+00  1s0  256.1  116.0   40.0
  243   1.225528E+04   1.999964E+00   1.005E+12   1.274E+30   6.009E-04      1.417E-01   0.000E+00   0.000E+00   2.121E-01   0.000E+00   0.000E+00   0.000E+00   0.000E+00      6.855E+08   0.000E+00   0.000E+00   00000   1.000E+00   0.000E+00  1s0  250.2  116.0   40.0
  244   1.225639E+04   1.999966E+00   9.676E+11   1.231E+30   5.783E-04      1.410E-01   0.000E+00   0.000E+00   2.080E-01   0.000E+00   0.000E+00   0.000E+00   0.000E+00      6.543E+08   0.000E+00   0.000E+00   00000   1.000E+00   0.000E+00  1s0  244.6  116.0   40.0
  245   1.225751E+04   1.999967E+00   9.311E+11   1.189E+30   5.565E-04      1.402E-01   0.000E+00   0.000E+00   2.040E-01   0.000E+00   0.000E+00   0.000E+00   0.000E+00      6.234E+08   0.000E+00   0.000E+00   00000   1.000E+00   0.000E+00  1s0  239.1  116.0   40.0
  246   1.225862E+04   1.999968E+00   8.961E+11   1.146E+30   5.355E-04      1.395E-01   0.000E+00   0.000E+00   1.999E-01   0.000E+00   0.000E+00   0.000E+00   0.000E+00      5.929E+08   0.000E+00   0.000E+00   00000   1.000E+00   0.000E+00  1s0  233.9  116.0   40.0
  247   1.225974E+04   1.999969E+00   8.623E+11   1.104E+30   5.154E-04      1.387E-01   0.000E+00   0.000E+00   1.960E-01   0.000E+00   0.000E+00   0.000E+00   0.000E+00      5.626E+08   0.000E+00   0.000E+00   00000   1.000E+00   0.000E+00  1s0  228.8  116.0   40.0
  248   1.226085E+04   1.999970E+00   8.298E+11   1.062E+30   4.959E-04      1.379E-01   0.000E+00   0.000E+00   1.920E-01   0.000E+00   0.000E+00   0.000E+00   0.000E+00      5.327E+08   0.000E+00   0.000E+00   00000   1.000E+00   0.000E+00  1s0  224.0  116.0   40.0
  249   1.226175E+04   1.999971E+00   7.985E+11   1.042E+30   4.773E-04      1.371E-01   0.000E+00   0.000E+00   1.881E-01   0.000E+00   0.000E+00   0.000E+00   0.000E+00      5.032E+08   0.000E+00   0.000E+00   00000   1.000E+00   0.000E+00  1s0  219.3  116.0   40.0
  250   1.226264E+04   1.999971E+00   7.685E+11   1.023E+30   4.593E-04      1.363E-01   0.000E+00   0.000E+00   1.843E-01   0.000E+00   0.000E+00   0.000E+00   0.000E+00      4.742E+08   0.000E+00   0.000E+00   00000   1.000E+00   0.000E+00  1s0  214.8  116.0   40.0
  251   1.226353E+04   1.999972E+00   7.395E+11   1.004E+30   4.420E-04      1.355E-01   0.000E+00   0.000E+00   1.804E-01   0.000E+00   0.000E+00   0.000E+00   0.000E+00      4.458E+08   0.000E+00   0.000E+00   00000   1.000E+00   0.000E+00  1s0  210.5  116.0   40.0
  252   1.226442E+04   1.999972E+00   7.116E+11   9.847E+29   4.254E-04      1.347E-01   0.000E+00   0.000E+00   1.767E-01   0.000E+00   0.000E+00   0.000E+00   0.000E+00      4.179E+08   0.000E+00   0.000E+00   00000   1.000E+00   0.000E+00  1s0  206.3  116.0   40.0
  253   1.226532E+04   1.999973E+00   6.848E+11   9.656E+29   4.093E-04      1.338E-01   0.000E+00   0.000E+00   1.729E-01   0.000E+00   0.000E+00   0.000E+00   0.000E+00      3.906E+08   0.000E+00   0.000E+00   00000   1.000E+00   0.000E+00  1s0  202.3  116.0   40.0
  254   1.226621E+04   1.999973E+00   6.590E+11   9.464E+29   3.939E-04      1.330E-01   0.000E+00   0.000E+00   1.692E-01   0.000E+00   0.000E+00   0.000E+00   0.000E+00      3.638E+08   0.000E+00   0.000E+00   00000   1.000E+00   0.000E+00  1s0  198.4  116.0   40.0
  255   1.226710E+04   1.999974E+00   6.342E+11   9.273E+29   3.791E-04      1.322E-01   0.000E+00   0.000E+00   1.655E-01   0.000E+00   0.000E+00   0.000E+00   0.000E+00      3.374E+08   0.000E+00   0.000E+00   00000   1.000E+00   0.000E+00  1s0  194.5  116.0   40.0
  256   1.226799E+04   1.999975E+00   6.103E+11   9.081E+29   3.648E-04      1.313E-01   0.000E+00   0.000E+00   1.618E-01   0.000E+00   0.000E+00   0.000E+00   0.000E+00      3.118E+08   0.000E+00   0.000E+00   00000   1.000E+00   0.000E+00  1s0  190.8  116.0   40.0
  257   1.226889E+04   1.999975E+00   5.873E+11   8.890E+29   3.511E-04      1.305E-01   0.000E+00   0.000E+00   1.581E-01   0.000E+00   0.000E+00   0.000E+00   0.000E+00      2.869E+08   0.000E+00   0.000E+00   00000   1.000E+00   0.000E+00  1s0  187.2  116.0   40.0
  258   1.226978E+04   1.999976E+00   5.652E+11   8.699E+29   3.379E-04      1.296E-01   0.000E+00   0.000E+00   1.545E-01   0.000E+00   0.000E+00   0.000E+00   0.000E+00      2.628E+08   0.000E+00   0.000E+00   00000   1.000E+00   0.000E+00  1s0  183.8  116.0   40.0
  259   1.227067E+04   1.999976E+00   5.439E+11   8.507E+29   3.252E-04      1.287E-01   0.000E+00   0.000E+00   1.509E-01   0.000E+00   0.000E+00   0.000E+00   0.000E+00      2.395E+08   0.000E+00   0.000E+00   00000   1.000E+00   0.000E+00  1s0  180.5  116.0   40.0
  260   1.227156E+04   1.999977E+00   5.234E+11   8.316E+29   3.130E-04      1.287E-01   0.000E+00   0.000E+00   1.457E-01   0.000E+00   0.000E+00   0.000E+00   0.000E+00      2.064E+08   0.000E+00   0.000E+00   00000   1.000E+00   0.000E+00  1s0  174.1  116.0   40.0
  261   1.227246E+04   1.999977E+00   5.037E+11   8.124E+29   3.012E-04      1.287E-01   0.000E+00   0.000E+00   1.399E-01   0.000E+00   0.000E+00   0.000E+00   0.000E+00      1.719E+08   0.000E+00   0.000E+00   00000   1.000E+00   0.000E+00  1s0  167.4  116.0   40.0
  262   1.227335E+04   1.999978E+00   4.847E+11   7.933E+29   2.899E-04      1.287E-01   0.000E+00   0.000E+00   1.338E-01   0.000E+00   0.000E+00   0.000E+00   0.000E+00      1.379E+08   0.000E+00   0.000E+00   00000   1.000E+00   0.000E+00  1s0  160.9  116.0   40.0
  263   1.227424E+04   1.999978E+00   4.664E+11   7.741E+29   2.790E-04      1.288E-01   0.000E+00   0.000E+00   1.274E-01   0.000E+00   0.000E+00   0.000E+00   0.000E+00      1.046E+08   0.000E+00   0.000E+00   00000   1.000E+00   0.000E+00  1s0  154.7  116.0   40.0
  264   1.227513E+04   1.999979E+00   4.488E+11   7.550E+29   2.685E-04      1.288E-01   0.000E+00   0.000E+00   1.205E-01   0.000E+00   0.000E+00   0.000E+00   0.000E+00      7.237E+07   0.000E+00   0.000E+00   00000   1.000E+00   0.000E+00  1s0  148.8  116.0   40.0
  265   1.227603E+04   1.999979E+00   4.319E+11   7.358E+29   2.584E-04      1.289E-01   0.000E+00   0.000E+00   1.131E-01   0.000E+00   0.000E+00   0.000E+00   0.000E+00      4.172E+07   0.000E+00   0.000E+00   00000   1.000E+00   0.000E+00  1s0  143.0  116.0   40.0
  266   1.227692E+04   1.999980E+00   4.157E+11   7.167E+29   2.487E-04      1.289E-01   0.000E+00   0.000E+00   1.048E-01   0.000E+00   0.000E+00   0.000E+00   0.000E+00      1.351E+07   0.000E+00   0.000E+00   00000   1.000E+00   0.000E+00  1s0  137.5  116.0   40.0
  267   1.227781E+04   1.999980E+00   4.000E+11   6.976E+29   2.394E-04      1.290E-01   0.000E+00   0.000E+00   9.542E-02   0.000E+00   0.000E+00   0.000E+00   0.000E+00      8.963E+03   0.000E+00   0.000E+00   00000   1.000E+00   0.000E+00  1s0  132.2  116.0   40.0
  268   1.227870E+04   1.999981E+00   3.849E+11   6.784E+29   2.304E-04      1.280E-01   0.000E+00   0.000E+00   0.000E+00   0.000E+00   0.000E+00   0.000E+00   0.000E+00      0.000E+00   0.000E+00   0.000E+00   00000   0.000E+00   0.000E+00       130.0  130.0   40.0
  269   1.227987E+04   1.999981E+00   3.704E+11   6.585E+29   2.217E-04      1.264E-01   0.000E+00   0.000E+00   0.000E+00   0.000E+00   0.000E+00   0.000E+00   0.000E+00      0.000E+00   0.000E+00   0.000E+00   00000   0.000E+00   0.000E+00       130.0  130.0   40.0
  270   1.228210E+04   1.999982E+00   3.564E+11   6.356E+29   2.133E-04      1.248E-01   0.000E+00   0.000E+00   0.000E+00   0.000E+00   0.000E+00   0.000E+00   0.000E+00      0.000E+00   0.000E+00   0.000E+00   00000   0.000E+00   0.000E+00       130.0  130.0   40.0
  271   1.228433E+04   1.999983E+00   3.430E+11   6.127E+29   2.053E-04      1.232E-01   0.000E+00   0.000E+00   0.000E+00   0.000E+00   0.000E+00   0.000E+00   0.000E+00      0.000E+00   0.000E+00   0.000E+00   00000   0.000E+00   0.000E+00       130.0  130.0   40.0
  272   1.228656E+04   1.999983E+00   3.301E+11   5.898E+29   1.975E-04      1.216E-01   0.000E+00   0.000E+00   0.000E+00   0.000E+00   0.000E+00   0.000E+00   0.000E+00      0.000E+00   0.000E+00   0.000E+00   00000   0.000E+00   0.000E+00       130.0  130.0   40.0
  273   1.228879E+04   1.999984E+00   3.176E+11   5.669E+29   1.901E-04      1.214E-01   0.000E+00   0.000E+00   0.000E+00   0.000E+00   0.000E+00   0.000E+00   0.000E+00      0.000E+00   0.000E+00   0.000E+00   00000   0.000E+00   0.000E+00        88.0   88.0   28.0
  274   1.229102E+04   1.999985E+00   3.057E+11   5.440E+29   1.830E-04      1.199E-01   0.000E+00   0.000E+00   0.000E+00   0.000E+00   0.000E+00   0.000E+00   0.000E+00      0.000E+00   0.000E+00   0.000E+00   00000   0.000E+00   0.000E+00        88.0   88.0   28.0
  275   1.229325E+04   1.999985E+00   2.941E+11   5.211E+29   1.761E-04      1.184E-01   0.000E+00   0.000E+00   0.000E+00   0.000E+00   0.000E+00   0.000E+00   0.000E+00      0.000E+00   0.000E+00   0.000E+00   00000   0.000E+00   0.000E+00        88.0   88.0   28.0
  276   1.229547E+04   1.999986E+00   2.831E+11   4.982E+29   1.695E-04      1.169E-01   0.000E+00   0.000E+00   0.000E+00   0.000E+00   0.000E+00   0.000E+00   0.000E+00      0.000E+00   0.000E+00   0.000E+00   00000   0.000E+00   0.000E+00        88.0   88.0   28.0
  277   1.229770E+04   1.999987E+00   2.724E+11   4.753E+29   1.631E-04      1.154E-01   0.000E+00   0.000E+00   0.000E+00   0.000E+00   0.000E+00   0.000E+00   0.000E+00      0.000E+00   0.000E+00   0.000E+00   00000   0.000E+00   0.000E+00        88.0   88.0   28.0
  278   1.229993E+04   1.999987E+00   2.621E+11   4.524E+29   1.570E-04      1.148E-01   0.000E+00   0.000E+00   0.000E+00   0.000E+00   0.000E+00   0.000E+00   0.000E+00      0.000E+00   0.000E+00   0.000E+00   00000   0.000E+00   0.000E+00        86.0   86.0   28.0
  279   1.230216E+04   1.999988E+00   2.522E+11   4.296E+29   1.511E-04      1.133E-01   0.000E+00   0.000E+00   0.000E+00   0.000E+00   0.000E+00   0.000E+00   0.000E+00      0.000E+00   0.000E+00   0.000E+00   00000   0.000E+00   0.000E+00        86.0   86.0   28.0
  280   1.230439E+04   1.999988E+00   2.427E+11   4.067E+29   1.454E-04      1.119E-01   0.000E+00   0.000E+00   0.000E+00   0.000E+00   0.000E+00   0.000E+00   0.000E+00      0.000E+00   0.000E+00   0.000E+00   00000   0.000E+00   0.000E+00        86.0   86.0   28.0
  281   1.230662E+04   1.999989E+00   2.336E+11   3.886E+29   1.399E-04      1.105E-01   0.000E+00   0.000E+00   0.000E+00   0.000E+00   0.000E+00   0.000E+00   0.000E+00      0.000E+00   0.000E+00   0.000E+00   00000   0.000E+00   0.000E+00        86.0   86.0   28.0
  282   1.230886E+04   1.999989E+00   2.248E+11   3.737E+29   1.346E-04      1.091E-01   0.000E+00   0.000E+00   0.000E+00   0.000E+00   0.000E+00   0.000E+00   0.000E+00      0.000E+00   0.000E+00   0.000E+00   00000   0.000E+00   0.000E+00        86.0   86.0   28.0
  283   1.231110E+04   1.999990E+00   2.163E+11   3.588E+29   1.295E-04      1.077E-01   0.000E+00   0.000E+00   0.000E+00   0.000E+00   0.000E+00   0.000E+00   0.000E+00      0.000E+00   0.000E+00   0.000E+00   00000   0.000E+00   0.000E+00        86.0   86.0   28.0
  284   1.231334E+04   1.999990E+00   2.081E+11   3.439E+29   1.246E-04      1.063E-01   0.000E+00   0.000E+00   0.000E+00   0.000E+00   0.000E+00   0.000E+00   0.000E+00      0.000E+00   0.000E+00   0.000E+00   00000   0.000E+00   0.000E+00        86.0   86.0   28.0
  285   1.231558E+04   1.999991E+00   2.003E+11   3.289E+29   1.200E-04      1.058E-01   0.000E+00   0.000E+00   0.000E+00   0.000E+00   0.000E+00   0.000E+00   0.000E+00      0.000E+00   0.000E+00   0.000E+00   00000   0.000E+00   0.000E+00        84.0   84.0   28.0
  286   1.231782E+04   1.999991E+00   1.927E+11   3.140E+29   1.155E-04      1.045E-01   0.000E+00   0.000E+00   0.000E+00   0.000E+00   0.000E+00   0.000E+00   0.000E+00      0.000E+00   0.000E+00   0.000E+00   00000   0.000E+00   0.000E+00        84.0   84.0   28.0
  287   1.232006E+04   1.999991E+00   1.855E+11   2.991E+29   1.111E-04      1.031E-01   0.000E+00   0.000E+00   0.000E+00   0.000E+00   0.000E+00   0.000E+00   0.000E+00      0.000E+00   0.000E+00   0.000E+00   00000   0.000E+00   0.000E+00        84.0   84.0   28.0
  288   1.232230E+04   1.999992E+00   1.785E+11   2.842E+29   1.069E-04      1.018E-01   0.000E+00   0.000E+00   0.000E+00   0.000E+00   0.000E+00   0.000E+00   0.000E+00      0.000E+00   0.000E+00   0.000E+00   00000   0.000E+00   0.000E+00        84.0   84.0   28.0
  289   1.232454E+04   1.999992E+00   1.718E+11   2.692E+29   1.029E-04      1.005E-01   0.000E+00   0.000E+00   0.000E+00   0.000E+00   0.000E+00   0.000E+00   0.000E+00      0.000E+00   0.000E+00   0.000E+00   00000   0.000E+00   0.000E+00        84.0   84.0   28.0
  290   1.232679E+04   1.999993E+00   1.653E+11   2.543E+29   9.902E-05      9.924E-02   0.000E+00   0.000E+00   0.000E+00   0.000E+00   0.000E+00   0.000E+00   0.000E+00      0.000E+00   0.000E+00   0.000E+00   00000   0.000E+00   0.000E+00        84.0   84.0   28.0
  291   1.232903E+04   1.999993E+00   1.591E+11   2.394E+29   9.530E-05      9.798E-02   0.000E+00   0.000E+00   0.000E+00   0.000E+00   0.000E+00   0.000E+00   0.000E+00      0.000E+00   0.000E+00   0.000E+00   00000   0.000E+00   0.000E+00        84.0   84.0   28.0
  292   1.233105E+04   1.999993E+00   1.531E+11   2.293E+29   9.171E-05      9.673E-02   0.000E+00   0.000E+00   0.000E+00   0.000E+00   0.000E+00   0.000E+00   0.000E+00      0.000E+00   0.000E+00   0.000E+00   00000   0.000E+00   0.000E+00        84.0   84.0   28.0
  293   1.233300E+04   1.999994E+00   1.473E+11   2.208E+29   8.827E-05      9.551E-02   0.000E+00   0.000E+00   0.000E+00   0.000E+00   0.000E+00   0.000E+00   0.000E+00      0.000E+00   0.000E+00   0.000E+00   00000   0.000E+00   0.000E+00        84.0   84.0   28.0
  294   1.233494E+04   1.999994E+00   1.417E+11   2.124E+29   8.495E-05      9.429E-02   0.000E+00   0.000E+00   0.000E+00   0.000E+00   0.000E+00   0.000E+00   0.000E+00      0.000E+00   0.000E+00   0.000E+00   00000   0.000E+00   0.000E+00        84.0   84.0   28.0
  295   1.233689E+04   1.999994E+00   1.364E+11   2.040E+29   8.175E-05      9.385E-02   0.000E+00   0.000E+00   0.000E+00   0.000E+00   0.000E+00   0.000E+00   0.000E+00      0.000E+00   0.000E+00   0.000E+00   00000   0.000E+00   0.000E+00        82.0   82.0   28.0
  296   1.233884E+04   1.999994E+00   1.313E+11   1.955E+29   7.868E-05      9.266E-02   0.000E+00   0.000E+00   0.000E+00   0.000E+00   0.000E+00   0.000E+00   0.000E+00      0.000E+00   0.000E+00   0.000E+00   00000   0.000E+00   0.000E+00        82.0   82.0   28.0
  297   1.234078E+04   1.999995E+00   1.263E+11   1.871E+29   7.572E-05      9.148E-02   0.000E+00   0.000E+00   0.000E+00   0.000E+00   0.000E+00   0.000E+00   0.000E+00      0.000E+00   0.000E+00   0.000E+00   00000   0.000E+00   0.000E+00        82.0   82.0   28.0
  298   1.234273E+04   1.999995E+00   1.215E+11   1.787E+29   7.288E-05      9.032E-02   0.000E+00   0.000E+00   0.000E+00   0.000E+00   0.000E+00   0.000E+00   0.000E+00      0.000E+00   0.000E+00   0.000E+00   00000   0.000E+00   0.000E+00        82.0   82.0   28.0
  299   1.234468E+04   1.999995E+00   1.170E+11   1.703E+29   7.014E-05      8.918E-02   0.000E+00   0.000E+00   0.000E+00   0.000E+00   0.000E+00   0.000E+00   0.000E+00      0.000E+00   0.000E+00   0.000E+00   00000   0.000E+00   0.000E+00        82.0   82.0   28.0
  300   1.234662E+04   1.999995E+00   1.126E+11   1.618E+29   6.751E-05      8.805E-02   0.000E+00   0.000E+00   0.000E+00   0.000E+00   0.000E+00   0.000E+00   0.000E+00      0.000E+00   0.000E+00   0.000E+00   00000   0.000E+00   0.000E+00        82.0   82.0   28.0
  301   1.234857E+04   1.999996E+00   1.083E+11   1.534E+29   6.497E-05      8.693E-02   0.000E+00   0.000E+00   0.000E+00   0.000E+00   0.000E+00   0.000E+00   0.000E+00      0.000E+00   0.000E+00   0.000E+00   00000   0.000E+00   0.000E+00        82.0   82.0   28.0
  302   1.235052E+04   1.999996E+00   1.042E+11   1.450E+29   6.253E-05      8.653E-02   0.000E+00   0.000E+00   0.000E+00   0.000E+00   0.000E+00   0.000E+00   0.000E+00      0.000E+00   0.000E+00   0.000E+00   00000   0.000E+00   0.000E+00        80.0   80.0   28.0
  303   1.235244E+04   1.999996E+00   1.003E+11   1.379E+29   6.017E-05      8.543E-02   0.000E+00   0.000E+00   0.000E+00   0.000E+00   0.000E+00   0.000E+00   0.000E+00      0.000E+00   0.000E+00   0.000E+00   00000   0.000E+00   0.000E+00        80.0   80.0   28.0
  304   1.235434E+04   1.999996E+00   9.652E+10   1.325E+29   5.791E-05      8.435E-02   0.000E+00   0.000E+00   0.000E+00   0.000E+00   0.000E+00   0.000E+00   0.000E+00      0.000E+00   0.000E+00   0.000E+00   00000   0.000E+00   0.000E+00        80.0   80.0   28.0
  305   1.235624E+04   1.999996E+00   9.288E+10   1.272E+29   5.573E-05      8.327E-02   0.000E+00   0.000E+00   0.000E+00   0.000E+00   0.000E+00   0.000E+00   0.000E+00      0.000E+00   0.000E+00   0.000E+00   00000   0.000E+00   0.000E+00        80.0   80.0   28.0
  306   1.235813E+04   1.999996E+00   8.938E+10   1.219E+29   5.363E-05      8.222E-02   0.000E+00   0.000E+00   0.000E+00   0.000E+00   0.000E+00   0.000E+00   0.000E+00      0.000E+00   0.000E+00   0.000E+00   00000   0.000E+00   0.000E+00        80.0   80.0   28.0
  307   1.236003E+04   1.999997E+00   8.601E+10   1.166E+29   5.161E-05      8.117E-02   0.000E+00   0.000E+00   0.000E+00   0.000E+00   0.000E+00   0.000E+00   0.000E+00      0.000E+00   0.000E+00   0.000E+00   00000   0.000E+00   0.000E+00        80.0   80.0   28.0
  308   1.236192E+04   1.999997E+00   8.277E+10   1.113E+29   4.966E-05      8.082E-02   0.000E+00   0.000E+00   0.000E+00   0.000E+00   0.000E+00   0.000E+00   0.000E+00      0.000E+00   0.000E+00   0.000E+00   00000   0.000E+00   0.000E+00        78.0   78.0   28.0
  309   1.236382E+04   1.999997E+00   7.965E+10   1.060E+29   4.779E-05      7.979E-02   0.000E+00   0.000E+00   0.000E+00   0.000E+00   0.000E+00   0.000E+00   0.000E+00      0.000E+00   0.000E+00   0.000E+00   00000   0.000E+00   0.000E+00        78.0   78.0   28.0
  310   1.236572E+04   1.999997E+00   7.664E+10   1.006E+29   4.599E-05      7.877E-02   0.000E+00   0.000E+00   0.000E+00   0.000E+00   0.000E+00   0.000E+00   0.000E+00      0.000E+00   0.000E+00   0.000E+00   00000   0.000E+00   0.000E+00        78.0   78.0   28.0
  311   1.236761E+04   1.999997E+00   7.375E+10   9.533E+28   4.426E-05      7.777E-02   0.000E+00   0.000E+00   0.000E+00   0.000E+00   0.000E+00   0.000E+00   0.000E+00      0.000E+00   0.000E+00   0.000E+00   00000   0.000E+00   0.000E+00        78.0   78.0   28.0
  312   1.236951E+04   1.999997E+00   7.097E+10   9.001E+28   4.259E-05      7.678E-02   0.000E+00   0.000E+00   0.000E+00   0.000E+00   0.000E+00   0.000E+00   0.000E+00      0.000E+00   0.000E+00   0.000E+00   00000   0.000E+00   0.000E+00        78.0   78.0   28.0
  313   1.237141E+04   1.999998E+00   6.830E+10   8.470E+28   4.099E-05      7.581E-02   0.000E+00   0.000E+00   0.000E+00   0.000E+00   0.000E+00   0.000E+00   0.000E+00      0.000E+00   0.000E+00   0.000E+00   00000   0.000E+00   0.000E+00        78.0   78.0   28.0
  314   1.237312E+04   1.999998E+00   6.572E+10   8.094E+28   3.944E-05      7.484E-02   0.000E+00   0.000E+00   0.000E+00   0.000E+00   0.000E+00   0.000E+00   0.000E+00      0.000E+00   0.000E+00   0.000E+00   00000   0.000E+00   0.000E+00        78.0   78.0   28.0
  315   1.237476E+04   1.999998E+00   6.325E+10   7.789E+28   3.796E-05      7.389E-02   0.000E+00   0.000E+00   0.000E+00   0.000E+00   0.000E+00   0.000E+00   0.000E+00      0.000E+00   0.000E+00   0.000E+00   00000   0.000E+00   0.000E+00        78.0   78.0   28.0
  316   1.237640E+04   1.999998E+00   6.086E+10   7.484E+28   3.653E-05      7.295E-02   0.000E+00   0.000E+00   0.000E+00   0.000E+00   0.000E+00   0.000E+00   0.000E+00      0.000E+00   0.000E+00   0.000E+00   00000   0.000E+00   0.000E+00        78.0   78.0   28.0
  317   1.237803E+04   1.999998E+00   5.857E+10   7.179E+28   3.515E-05      7.202E-02   0.000E+00   0.000E+00   0.000E+00   0.000E+00   0.000E+00   0.000E+00   0.000E+00      0.000E+00   0.000E+00   0.000E+00   00000   0.000E+00   0.000E+00        78.0   78.0   28.0
  318   1.237967E+04   1.999998E+00   5.636E+10   6.874E+28   3.383E-05      7.111E-02   0.000E+00   0.000E+00   0.000E+00   0.000E+00   0.000E+00   0.000E+00   0.000E+00      0.000E+00   0.000E+00   0.000E+00   00000   0.000E+00   0.000E+00        78.0   78.0   28.0
  319   1.238130E+04   1.999998E+00   5.423E+10   6.569E+28   3.255E-05      7.020E-02   0.000E+00   0.000E+00   0.000E+00   0.000E+00   0.000E+00   0.000E+00   0.000E+00      0.000E+00   0.000E+00   0.000E+00   00000   0.000E+00   0.000E+00        78.0   78.0   28.0
  320   1.238294E+04   1.999998E+00   5.219E+10   6.265E+28   3.133E-05      6.931E-02   0.000E+00   0.000E+00   0.000E+00   0.000E+00   0.000E+00   0.000E+00   0.000E+00      0.000E+00   0.000E+00   0.000E+00   00000   0.000E+00   0.000E+00        78.0   78.0   28.0
  321   1.238458E+04   1.999998E+00   5.022E+10   5.960E+28   3.015E-05      6.843E-02   0.000E+00   0.000E+00   0.000E+00   0.000E+00   0.000E+00   0.000E+00   0.000E+00      0.000E+00   0.000E+00   0.000E+00   00000   0.000E+00   0.000E+00        78.0   78.0   28.0
  322   1.238621E+04   1.999998E+00   4.833E+10   5.655E+28   2.902E-05      6.756E-02   0.000E+00   0.000E+00   0.000E+00   0.000E+00   0.000E+00   0.000E+00   0.000E+00      0.000E+00   0.000E+00   0.000E+00   00000   0.000E+00   0.000E+00        78.0   78.0   28.0
  323   1.238785E+04   1.999998E+00   4.651E+10   5.350E+28   2.793E-05      6.671E-02   0.000E+00   0.000E+00   0.000E+00   0.000E+00   0.000E+00   0.000E+00   0.000E+00      0.000E+00   0.000E+00   0.000E+00   00000   0.000E+00   0.000E+00        78.0   78.0   28.0
  324   1.238949E+04   1.999999E+00   4.475E+10   5.045E+28   2.688E-05      6.586E-02   0.000E+00   0.000E+00   0.000E+00   0.000E+00   0.000E+00   0.000E+00   0.000E+00      0.000E+00   0.000E+00   0.000E+00   00000   0.000E+00   0.000E+00        78.0   78.0   28.0
  325   1.239109E+04   1.999999E+00   4.307E+10   4.797E+28   2.587E-05      6.502E-02   0.000E+00   0.000E+00   0.000E+00   0.000E+00   0.000E+00   0.000E+00   0.000E+00      0.000E+00   0.000E+00   0.000E+00   00000   0.000E+00   0.000E+00        78.0   78.0   28.0
  326   1.239267E+04   1.999999E+00   4.144E+10   4.607E+28   2.489E-05      6.514E-02   0.000E+00   0.000E+00   0.000E+00   0.000E+00   0.000E+00   0.000E+00   0.000E+00      0.000E+00   0.000E+00   0.000E+00   00000   0.000E+00   0.000E+00        80.0   80.0   30.0
  327   1.239425E+04   1.999999E+00   3.988E+10   4.417E+28   2.395E-05      6.431E-02   0.000E+00   0.000E+00   0.000E+00   0.000E+00   0.000E+00   0.000E+00   0.000E+00      0.000E+00   0.000E+00   0.000E+00   00000   0.000E+00   0.000E+00        80.0   80.0   30.0
  328   1.239583E+04   1.999999E+00   3.838E+10   4.226E+28   2.305E-05      6.349E-02   0.000E+00   0.000E+00   0.000E+00   0.000E+00   0.000E+00   0.000E+00   0.000E+00      0.000E+00   0.000E+00   0.000E+00   00000   0.000E+00   0.000E+00        80.0   80.0   30.0
  329   1.239741E+04   1.999999E+00   3.693E+10   4.036E+28   2.218E-05      6.268E-02   0.000E+00   0.000E+00   0.000E+00   0.000E+00   0.000E+00   0.000E+00   0.000E+00      0.000E+00   0.000E+00   0.000E+00   00000   0.000E+00   0.000E+00        80.0   80.0   30.0
  330   1.239899E+04   1.999999E+00   3.554E+10   3.846E+28   2.134E-05      6.188E-02   0.000E+00   0.000E+00   0.000E+00   0.000E+00   0.000E+00   0.000E+00   0.000E+00      0.000E+00   0.000E+00   0.000E+00   00000   0.000E+00   0.000E+00        80.0   80.0   30.0
  331   1.240056E+04   1.999999E+00   3.420E+10   3.656E+28   2.054E-05      6.109E-02   0.000E+00   0.000E+00   0.000E+00   0.000E+00   0.000E+00   0.000E+00   0.000E+00      0.000E+00   0.000E+00   0.000E+00   00000   0.000E+00   0.000E+00        80.0   80.0   30.0
  332   1.240214E+04   1.999999E+00   3.291E+10   3.466E+28   1.976E-05      6.032E-02   0.000E+00   0.000E+00   0.000E+00   0.000E+00   0.000E+00   0.000E+00   0.000E+00      0.000E+00   0.000E+00   0.000E+00   00000   0.000E+00   0.000E+00        80.0   80.0   30.0
  333   1.240372E+04   1.999999E+00   3.167E+10   3.275E+28   1.902E-05      5.955E-02   0.000E+00   0.000E+00   0.000E+00   0.000E+00   0.000E+00   0.000E+00   0.000E+00      0.000E+00   0.000E+00   0.000E+00   00000   0.000E+00   0.000E+00        80.0   80.0   30.0
  334   1.240530E+04   1.999999E+00   3.048E+10   3.085E+28   1.830E-05      5.879E-02   0.000E+00   0.000E+00   0.000E+00   0.000E+00   0.000E+00   0.000E+00   0.000E+00      0.000E+00   0.000E+00   0.000E+00   00000   0.000E+00   0.000E+00        80.0   80.0   30.0
  335   1.240688E+04   1.999999E+00   2.933E+10   2.895E+28   1.762E-05      5.805E-02   0.000E+00   0.000E+00   0.000E+00   0.000E+00   0.000E+00   0.000E+00   0.000E+00      0.000E+00   0.000E+00   0.000E+00   00000   0.000E+00   0.000E+00        80.0   80.0   30.0
  336   1.240823E+04   1.999999E+00   2.822E+10   2.783E+28   1.695E-05      5.731E-02   0.000E+00   0.000E+00   0.000E+00   0.000E+00   0.000E+00   0.000E+00   0.000E+00      0.000E+00   0.000E+00   0.000E+00   00000   0.000E+00   0.000E+00        80.0   80.0   30.0
  337   1.240957E+04   1.999999E+00   2.716E+10   2.677E+28   1.632E-05      5.659E-02   0.000E+00   0.000E+00   0.000E+00   0.000E+00   0.000E+00   0.000E+00   0.000E+00      0.000E+00   0.000E+00   0.000E+00   00000   0.000E+00   0.000E+00        80.0   80.0   30.0
  338   1.241091E+04   1.999999E+00   2.613E+10   2.570E+28   1.570E-05      5.587E-02   0.000E+00   0.000E+00   0.000E+00   0.000E+00   0.000E+00   0.000E+00   0.000E+00      0.000E+00   0.000E+00   0.000E+00   00000   0.000E+00   0.000E+00        80.0   80.0   30.0
  339   1.241224E+04   1.999999E+00   2.515E+10   2.464E+28   1.511E-05      5.516E-02   0.000E+00   0.000E+00   0.000E+00   0.000E+00   0.000E+00   0.000E+00   0.000E+00      0.000E+00   0.000E+00   0.000E+00   00000   0.000E+00   0.000E+00        80.0   80.0   30.0
  340   1.241358E+04   1.999999E+00   2.420E+10   2.357E+28   1.454E-05      5.445E-02   0.000E+00   0.000E+00   0.000E+00   0.000E+00   0.000E+00   0.000E+00   0.000E+00      0.000E+00   0.000E+00   0.000E+00   00000   0.000E+00   0.000E+00        80.0   80.0   30.0
  341   1.241492E+04   1.999999E+00   2.329E+10   2.250E+28   1.399E-05      5.376E-02   0.000E+00   0.000E+00   0.000E+00   0.000E+00   0.000E+00   0.000E+00   0.000E+00      0.000E+00   0.000E+00   0.000E+00   00000   0.000E+00   0.000E+00        80.0   80.0   30.0
  342   1.241626E+04   1.999999E+00   2.241E+10   2.144E+28   1.347E-05      5.308E-02   0.000E+00   0.000E+00   0.000E+00   0.000E+00   0.000E+00   0.000E+00   0.000E+00      0.000E+00   0.000E+00   0.000E+00   00000   0.000E+00   0.000E+00        80.0   80.0   30.0
  343   1.241760E+04   1.999999E+00   2.157E+10   2.037E+28   1.296E-05      5.240E-02   0.000E+00   0.000E+00   0.000E+00   0.000E+00   0.000E+00   0.000E+00   0.000E+00      0.000E+00   0.000E+00   0.000E+00   00000   0.000E+00   0.000E+00        80.0   80.0   30.0
  344   1.241893E+04   1.999999E+00   2.075E+10   1.931E+28   1.247E-05      5.217E-02   0.000E+00   0.000E+00   0.000E+00   0.000E+00   0.000E+00   0.000E+00   0.000E+00      0.000E+00   0.000E+00   0.000E+00   00000   0.000E+00   0.000E+00        78.0   78.0   30.0
  345   1.242027E+04   1.999999E+00   1.997E+10   1.824E+28   1.200E-05      5.151E-02   0.000E+00   0.000E+00   0.000E+00   0.000E+00   0.000E+00   0.000E+00   0.000E+00      0.000E+00   0.000E+00   0.000E+00   00000   0.000E+00   0.000E+00        78.0   78.0   30.0
  346   1.242161E+04   1.999999E+00   1.922E+10   1.717E+28   1.155E-05      5.086E-02   0.000E+00   0.000E+00   0.000E+00   0.000E+00   0.000E+00   0.000E+00   0.000E+00      0.000E+00   0.000E+00   0.000E+00   00000   0.000E+00   0.000E+00        78.0   78.0   30.0
  347   1.242281E+04   2.000000E+00   1.849E+10   1.651E+28   1.112E-05      5.021E-02   0.000E+00   0.000E+00   0.000E+00   0.000E+00   0.000E+00   0.000E+00   0.000E+00      0.000E+00   0.000E+00   0.000E+00   00000   0.000E+00   0.000E+00        78.0   78.0   30.0
  348   1.242400E+04   2.000000E+00   1.780E+10   1.589E+28   1.070E-05      4.957E-02   0.000E+00   0.000E+00   0.000E+00   0.000E+00   0.000E+00   0.000E+00   0.000E+00      0.000E+00   0.000E+00   0.000E+00   00000   0.000E+00   0.000E+00        78.0   78.0   30.0
  349   1.242519E+04   2.000000E+00   1.713E+10   1.528E+28   1.030E-05      4.894E-02   0.000E+00   0.000E+00   0.000E+00   0.000E+00   0.000E+00   0.000E+00   0.000E+00      0.000E+00   0.000E+00   0.000E+00   00000   0.000E+00   0.000E+00        78.0   78.0   30.0
  350   1.242637E+04   2.000000E+00   1.648E+10   1.466E+28   9.909E-06      4.850E-02   0.000E+00   0.000E+00   0.000E+00   0.000E+00   0.000E+00   0.000E+00   0.000E+00      0.000E+00   0.000E+00   0.000E+00   00000   0.000E+00   0.000E+00        72.0   72.0   28.0
  351   1.242756E+04   2.000000E+00   1.586E+10   1.405E+28   9.535E-06      4.788E-02   0.000E+00   0.000E+00   0.000E+00   0.000E+00   0.000E+00   0.000E+00   0.000E+00      0.000E+00   0.000E+00   0.000E+00   00000   0.000E+00   0.000E+00        72.0   72.0   28.0
  352   1.242875E+04   2.000000E+00   1.526E+10   1.344E+28   9.175E-06      4.727E-02   0.000E+00   0.000E+00   0.000E+00   0.000E+00   0.000E+00   0.000E+00   0.000E+00      0.000E+00   0.000E+00   0.000E+00   00000   0.000E+00   0.000E+00        72.0   72.0   28.0
  353   1.242993E+04   2.000000E+00   1.469E+10   1.282E+28   8.829E-06      4.667E-02   0.000E+00   0.000E+00   0.000E+00   0.000E+00   0.000E+00   0.000E+00   0.000E+00      0.000E+00   0.000E+00   0.000E+00   00000   0.000E+00   0.000E+00        72.0   72.0   28.0
  354   1.243112E+04   2.000000E+00   1.413E+10   1.221E+28   8.496E-06      4.608E-02   0.000E+00   0.000E+00   0.000E+00   0.000E+00   0.000E+00   0.000E+00   0.000E+00      0.000E+00   0.000E+00   0.000E+00   00000   0.000E+00   0.000E+00        72.0   72.0   28.0
  355   1.243231E+04   2.000000E+00   1.360E+10   1.160E+28   8.176E-06      4.549E-02   0.000E+00   0.000E+00   0.000E+00   0.000E+00   0.000E+00   0.000E+00   0.000E+00      0.000E+00   0.000E+00   0.000E+00   00000   0.000E+00   0.000E+00        72.0   72.0   28.0
  356   1.243350E+04   2.000000E+00   1.309E+10   1.098E+28   7.867E-06      4.491E-02   0.000E+00   0.000E+00   0.000E+00   0.000E+00   0.000E+00   0.000E+00   0.000E+00      0.000E+00   0.000E+00   0.000E+00   00000   0.000E+00   0.000E+00        72.0   72.0   28.0
  357   1.243468E+04   2.000000E+00   1.259E+10   1.037E+28   7.571E-06      4.493E-02   0.000E+00   0.000E+00   0.000E+00   0.000E+00   0.000E+00   0.000E+00   0.000E+00      0.000E+00   0.000E+00   0.000E+00   00000   0.000E+00   0.000E+00        84.0   84.0   34.0
  358   1.243587E+04   2.000000E+00   1.212E+10   9.875E+27   7.285E-06      4.436E-02   0.000E+00   0.000E+00   0.000E+00   0.000E+00   0.000E+00   0.000E+00   0.000E+00      0.000E+00   0.000E+00   0.000E+00   00000   0.000E+00   0.000E+00        84.0   84.0   34.0
  359   1.243705E+04   2.000000E+00   1.166E+10   9.473E+27   7.010E-06      4.380E-02   0.000E+00   0.000E+00   0.000E+00   0.000E+00   0.000E+00   0.000E+00   0.000E+00      0.000E+00   0.000E+00   0.000E+00   00000   0.000E+00   0.000E+00        84.0   84.0   34.0
  360   1.243824E+04   2.000000E+00   1.122E+10   9.072E+27   6.746E-06      4.324E-02   0.000E+00   0.000E+00   0.000E+00   0.000E+00   0.000E+00   0.000E+00   0.000E+00      0.000E+00   0.000E+00   0.000E+00   00000   0.000E+00   0.000E+00        84.0   84.0   34.0
  361   1.243943E+04   2.000000E+00   1.080E+10   8.670E+27   6.491E-06      4.269E-02   0.000E+00   0.000E+00   0.000E+00   0.000E+00   0.000E+00   0.000E+00   0.000E+00      0.000E+00   0.000E+00   0.000E+00   00000   0.000E+00   0.000E+00        84.0   84.0   34.0
  362   1.244061E+04   2.000000E+00   1.039E+10   8.269E+27   6.246E-06      4.215E-02   0.000E+00   0.000E+00   0.000E+00   0.000E+00   0.000E+00   0.000E+00   0.000E+00      0.000E+00   0.000E+00   0.000E+00   00000   0.000E+00   0.000E+00        84.0   84.0   34.0
  363   1.244180E+04   2.000000E+00   1.000E+10   7.867E+27   6.011E-06      4.161E-02   0.000E+00   0.000E+00   0.000E+00   0.000E+00   0.000E+00   0.000E+00   0.000E+00      0.000E+00   0.000E+00   0.000E+00   00000   0.000E+00   0.000E+00        84.0   84.0   34.0
