
 EOS                                                                            

              Mstar     = 2.000E+00    Rstar     = 1.244E+06
              Mdurca    = 1.191E+00    Rdurca    = 8.890E+05
              Mexo      = 0.000E+00    Rexo      = 0.000E+00
              Mcore     = 1.975E+00    Rcore     = 1.184E+06
              Mincrust  = 2.534E-02    Rincrust  = 4.383E+04
              Moutcrust = 2.736E-05    Routcrust = 1.640E+04

  icore= 111   sfn1s0= 1.                 emnco= 5.   rhoexo=   1.200E+25
  idrip= 267   sfn3p2=***  fn3p2= 1.00    emncr= 5.     cexo=   1.000E+25
   imax= 363   sfp1s0= 3.  fp1s0= 1.00      emp= 3.     pexo=   6.000E+00

      DUrca active above Rho =   5.951E+14 gm/cm^3
          e-ion bremstrahlung:  1             bubble neutrinos:  0
             plasma neutrinos:  1              neutron 1S0 pbf:  1
               pair neutrinos:  0              neutron 3P2 pbf:  1
              photo neutrinos:  0               proton 1S0 pbf:  1

        Accreted envelope from Potekhin et al. with Eta = 0.00E+00


    Step      Time            Teff       L_phot       L_nu        L_heat 
             [years]      at inf [K]    [erg/sec]   [erg/sec]   [erg/sec]

       1   1.000E-12        6.591E+06   3.982E+36   4.630E+50   0.000E+00
       2   2.500E-12        6.591E+06   3.982E+36   4.609E+50   0.000E+00
       3   4.750E-12        6.591E+06   3.982E+36   4.577E+50   0.000E+00
       4   8.125E-12        6.591E+06   3.982E+36   4.530E+50   0.000E+00
       5   1.319E-11        6.591E+06   3.982E+36   4.461E+50   0.000E+00
       6   2.078E-11        6.591E+06   3.982E+36   4.361E+50   0.000E+00
       7   3.217E-11        6.591E+06   3.982E+36   4.220E+50   0.000E+00
       8   4.926E-11        6.591E+06   3.982E+36   4.023E+50   0.000E+00
       9   7.489E-11        6.591E+06   3.982E+36   3.759E+50   0.000E+00
      10   1.133E-10        6.591E+06   3.982E+36   3.419E+50   0.000E+00
      11   1.710E-10        6.591E+06   3.982E+36   3.005E+50   0.000E+00
      12   2.575E-10        6.591E+06   3.982E+36   2.534E+50   0.000E+00
      13   3.872E-10        6.591E+06   3.982E+36   2.038E+50   0.000E+00
      14   5.819E-10        6.591E+06   3.982E+36   1.558E+50   0.000E+00
      15   8.738E-10        6.591E+06   3.982E+36   1.131E+50   0.000E+00
      16   1.312E-09        6.591E+06   3.982E+36   7.805E+49   0.000E+00
      17   1.969E-09        6.591E+06   3.982E+36   5.147E+49   0.000E+00
      18   2.954E-09        6.591E+06   3.982E+36   3.261E+49   0.000E+00
      19   4.432E-09        6.591E+06   3.982E+36   1.997E+49   0.000E+00
      20   6.649E-09        6.591E+06   3.982E+36   1.190E+49   0.000E+00
      21   9.974E-09        6.591E+06   3.982E+36   6.940E+48   0.000E+00
      22   1.496E-08        6.591E+06   3.982E+36   3.983E+48   0.000E+00
      23   2.244E-08        6.591E+06   3.982E+36   2.261E+48   0.000E+00
      24   3.367E-08        6.591E+06   3.982E+36   1.276E+48   0.000E+00
      25   5.050E-08        6.591E+06   3.982E+36   7.203E+47   0.000E+00
      26   7.575E-08        6.591E+06   3.982E+36   4.093E+47   0.000E+00
      27   1.136E-07        6.591E+06   3.982E+36   2.366E+47   0.000E+00
      28   1.704E-07        6.591E+06   3.982E+36   1.412E+47   0.000E+00
      29   2.557E-07        6.591E+06   3.982E+36   8.843E+46   0.000E+00
      30   3.835E-07        6.591E+06   3.982E+36   5.920E+46   0.000E+00
      31   5.753E-07        6.591E+06   3.981E+36   4.276E+46   0.000E+00
      32   8.629E-07        6.591E+06   3.981E+36   3.316E+46   0.000E+00
      33   1.294E-06        6.591E+06   3.981E+36   2.710E+46   0.000E+00
      34   1.941E-06        6.591E+06   3.980E+36   2.275E+46   0.000E+00
      35   2.912E-06        6.590E+06   3.979E+36   1.916E+46   0.000E+00
      36   4.368E-06        6.590E+06   3.978E+36   1.585E+46   0.000E+00
      37   6.552E-06        6.589E+06   3.976E+36   1.271E+46   0.000E+00
      38   9.829E-06        6.588E+06   3.973E+36   9.788E+45   0.000E+00
      39   1.161E-05        6.587E+06   3.972E+36   8.611E+45   0.000E+00
      40   1.429E-05        6.586E+06   3.970E+36   7.285E+45   0.000E+00
      41   1.647E-05        6.586E+06   3.968E+36   6.436E+45   0.000E+00
      42   1.825E-05        6.585E+06   3.966E+36   5.858E+45   0.000E+00
      43   1.971E-05        6.584E+06   3.965E+36   5.448E+45   0.000E+00
      44   2.189E-05        6.584E+06   3.963E+36   4.928E+45   0.000E+00
      45   2.517E-05        6.582E+06   3.960E+36   4.306E+45   0.000E+00
      46   3.009E-05        6.581E+06   3.956E+36   3.610E+45   0.000E+00
      47   3.610E-05        6.579E+06   3.951E+36   2.997E+45   0.000E+00
      48   4.348E-05        6.576E+06   3.945E+36   2.464E+45   0.000E+00
      49   5.250E-05        6.573E+06   3.937E+36   2.009E+45   0.000E+00
      50   6.356E-05        6.569E+06   3.928E+36   1.626E+45   0.000E+00
      51   7.710E-05        6.564E+06   3.917E+36   1.307E+45   0.000E+00
      52   9.369E-05        6.559E+06   3.903E+36   1.044E+45   0.000E+00
      53   1.186E-04        6.550E+06   3.883E+36   7.960E+44   0.000E+00
      54   1.559E-04        6.538E+06   3.853E+36   5.797E+44   0.000E+00
      55   2.016E-04        6.522E+06   3.817E+36   4.266E+44   0.000E+00
      56   2.702E-04        6.500E+06   3.765E+36   3.006E+44   0.000E+00
      57   3.730E-04        6.467E+06   3.689E+36   2.038E+44   0.000E+00
      58   5.272E-04        6.419E+06   3.581E+36   1.337E+44   0.000E+00
      59   7.162E-04        6.363E+06   3.457E+36   9.108E+43   0.000E+00
      60   7.466E-04        6.354E+06   3.438E+36   8.576E+43   0.000E+00
      61   7.632E-04        6.349E+06   3.427E+36   8.305E+43   0.000E+00
      62   7.881E-04        6.341E+06   3.411E+36   7.929E+43   0.000E+00
      63   8.084E-04        6.335E+06   3.398E+36   7.641E+43   0.000E+00
      64   8.287E-04        6.329E+06   3.386E+36   7.371E+43   0.000E+00
      65   8.592E-04        6.321E+06   3.367E+36   7.000E+43   0.000E+00
      66   8.795E-04        6.315E+06   3.354E+36   6.768E+43   0.000E+00
      67   9.100E-04        6.306E+06   3.336E+36   6.446E+43   0.000E+00
      68   9.557E-04        6.293E+06   3.308E+36   6.015E+43   0.000E+00
      69   9.930E-04        6.282E+06   3.286E+36   5.697E+43   0.000E+00
      70   1.023E-03        6.274E+06   3.268E+36   5.457E+43   0.000E+00
      71   1.069E-03        6.261E+06   3.241E+36   5.132E+43   0.000E+00
      72   1.138E-03        6.242E+06   3.202E+36   4.708E+43   0.000E+00
      73   1.241E-03        6.214E+06   3.146E+36   4.186E+43   0.000E+00
      74   1.343E-03        6.187E+06   3.090E+36   3.756E+43   0.000E+00
      75   1.412E-03        6.169E+06   3.055E+36   3.507E+43   0.000E+00
      76   1.515E-03        6.142E+06   3.002E+36   3.187E+43   0.000E+00
      77   1.583E-03        6.125E+06   2.968E+36   2.999E+43   0.000E+00
      78   1.686E-03        6.099E+06   2.918E+36   2.753E+43   0.000E+00
      79   1.789E-03        6.073E+06   2.870E+36   2.541E+43   0.000E+00
      80   1.873E-03        6.053E+06   2.831E+36   2.388E+43   0.000E+00
      81   1.999E-03        6.023E+06   2.775E+36   2.188E+43   0.000E+00
      82   2.188E-03        5.979E+06   2.695E+36   1.942E+43   0.000E+00
      83   2.377E-03        5.936E+06   2.619E+36   1.740E+43   0.000E+00
      84   2.608E-03        5.886E+06   2.532E+36   1.541E+43   0.000E+00
      85   2.955E-03        5.814E+06   2.411E+36   1.312E+43   0.000E+00
      86   3.380E-03        5.732E+06   2.276E+36   1.105E+43   0.000E+00
      87   4.018E-03        5.618E+06   2.101E+36   8.906E+42   0.000E+00
      88   4.355E-03        5.560E+06   2.016E+36   8.017E+42   0.000E+00
      89   4.759E-03        5.494E+06   1.922E+36   7.144E+42   0.000E+00
      90   5.244E-03        5.420E+06   1.820E+36   6.307E+42   0.000E+00
      91   5.826E-03        5.336E+06   1.710E+36   5.519E+42   0.000E+00
      92   6.230E-03        5.280E+06   1.640E+36   5.062E+42   0.000E+00
      93   6.715E-03        5.217E+06   1.562E+36   4.599E+42   0.000E+00
      94   7.297E-03        5.144E+06   1.477E+36   4.140E+42   0.000E+00
      95   7.666E-03        5.100E+06   1.427E+36   3.886E+42   0.000E+00
      96   8.109E-03        5.049E+06   1.371E+36   3.618E+42   0.000E+00
      97   8.641E-03        4.992E+06   1.310E+36   3.338E+42   0.000E+00
      98   9.278E-03        4.932E+06   1.249E+36   3.053E+42   0.000E+00
      99   9.810E-03        4.884E+06   1.200E+36   2.846E+42   0.000E+00
     100   1.045E-02        4.826E+06   1.144E+36   2.630E+42   0.000E+00
     101   1.121E-02        4.761E+06   1.084E+36   2.408E+42   0.000E+00
     102   1.213E-02        4.689E+06   1.019E+36   2.184E+42   0.000E+00
     103   1.323E-02        4.609E+06   9.518E+35   1.962E+42   0.000E+00
     104   1.407E-02        4.551E+06   9.050E+35   1.817E+42   0.000E+00
     105   1.508E-02        4.487E+06   8.552E+35   1.667E+42   0.000E+00
     106   1.628E-02        4.418E+06   8.034E+35   1.514E+42   0.000E+00
     107   1.761E-02        4.348E+06   7.538E+35   1.373E+42   0.000E+00
     108   1.919E-02        4.272E+06   7.027E+35   1.231E+42   0.000E+00
     109   2.110E-02        4.191E+06   6.509E+35   1.093E+42   0.000E+00
     110   2.230E-02        4.143E+06   6.216E+35   1.017E+42   0.000E+00
     111   2.375E-02        4.090E+06   5.903E+35   9.372E+41   0.000E+00
     112   2.549E-02        4.032E+06   5.574E+35   8.554E+41   0.000E+00
     113   2.758E-02        3.969E+06   5.234E+35   7.726E+41   0.000E+00
     114   3.008E-02        3.901E+06   4.888E+35   6.903E+41   0.000E+00
     115   3.308E-02        3.831E+06   4.542E+35   6.099E+41   0.000E+00
     116   3.669E-02        3.757E+06   4.201E+35   5.326E+41   0.000E+00
     117   4.101E-02        3.681E+06   3.872E+35   4.599E+41   0.000E+00
     118   4.620E-02        3.604E+06   3.559E+35   3.929E+41   0.000E+00
     119   5.052E-02        3.548E+06   3.343E+35   3.482E+41   0.000E+00
     120   5.571E-02        3.490E+06   3.129E+35   3.052E+41   0.000E+00
     121   6.194E-02        3.430E+06   2.921E+35   2.646E+41   0.000E+00
     122   6.942E-02        3.370E+06   2.722E+35   2.270E+41   0.000E+00
     123   7.838E-02        3.310E+06   2.534E+35   1.928E+41   0.000E+00
     124   8.914E-02        3.252E+06   2.359E+35   1.622E+41   0.000E+00
     125   9.811E-02        3.210E+06   2.239E+35   1.423E+41   0.000E+00
     126   1.089E-01        3.167E+06   2.123E+35   1.235E+41   0.000E+00
     127   1.218E-01        3.125E+06   2.012E+35   1.060E+41   0.000E+00
     128   1.347E-01        3.089E+06   1.922E+35   9.236E+40   0.000E+00
     129   1.502E-01        3.054E+06   1.835E+35   7.958E+40   0.000E+00
     130   1.688E-01        3.019E+06   1.752E+35   6.787E+40   0.000E+00
     131   1.911E-01        2.985E+06   1.676E+35   5.734E+40   0.000E+00
     132   2.053E-01        2.967E+06   1.634E+35   5.190E+40   0.000E+00
     133   2.170E-01        2.953E+06   1.604E+35   4.800E+40   0.000E+00
     134   2.312E-01        2.938E+06   1.572E+35   4.398E+40   0.000E+00
     135   2.482E-01        2.923E+06   1.540E+35   3.992E+40   0.000E+00
     136   2.685E-01        2.907E+06   1.507E+35   3.591E+40   0.000E+00
     137   2.930E-01        2.892E+06   1.475E+35   3.194E+40   0.000E+00
     138   3.223E-01        2.876E+06   1.443E+35   2.816E+40   0.000E+00
     139   3.575E-01        2.861E+06   1.414E+35   2.461E+40   0.000E+00
     140   3.998E-01        2.847E+06   1.386E+35   2.137E+40   0.000E+00
     141   4.504E-01        2.834E+06   1.360E+35   1.839E+40   0.000E+00
     142   5.113E-01        2.821E+06   1.336E+35   1.565E+40   0.000E+00
     143   5.843E-01        2.810E+06   1.315E+35   1.314E+40   0.000E+00
     144   6.719E-01        2.799E+06   1.294E+35   1.087E+40   0.000E+00
     145   7.770E-01        2.788E+06   1.275E+35   8.851E+39   0.000E+00
     146   9.031E-01        2.778E+06   1.257E+35   7.142E+39   0.000E+00
     147   1.054E+00        2.768E+06   1.239E+35   5.732E+39   0.000E+00
     148   1.236E+00        2.758E+06   1.220E+35   4.574E+39   0.000E+00
     149   1.332E+00        2.753E+06   1.211E+35   4.103E+39   0.000E+00
     150   1.447E+00        2.747E+06   1.201E+35   3.704E+39   0.000E+00
     151   1.552E+00        2.742E+06   1.193E+35   3.441E+39   0.000E+00
     152   1.648E+00        2.738E+06   1.186E+35   3.265E+39   0.000E+00
     153   1.736E+00        2.734E+06   1.179E+35   3.151E+39   0.000E+00
     154   1.841E+00        2.730E+06   1.172E+35   3.054E+39   0.000E+00
     155   1.946E+00        2.726E+06   1.166E+35   2.993E+39   0.000E+00
     156   2.061E+00        2.722E+06   1.159E+35   2.964E+39   0.000E+00
     157   2.157E+00        2.719E+06   1.154E+35   2.953E+39   0.000E+00
     158   2.272E+00        2.716E+06   1.148E+35   2.955E+39   0.000E+00
     159   2.410E+00        2.712E+06   1.141E+35   2.985E+39   0.000E+00
     160   2.576E+00        2.708E+06   1.134E+35   3.011E+39   0.000E+00
     161   2.775E+00        2.703E+06   1.126E+35   3.014E+39   0.000E+00
     162   2.993E+00        2.698E+06   1.118E+35   2.957E+39   0.000E+00
     163   3.255E+00        2.693E+06   1.109E+35   2.823E+39   0.000E+00
     164   3.569E+00        2.687E+06   1.099E+35   2.579E+39   0.000E+00
     165   3.945E+00        2.680E+06   1.089E+35   2.247E+39   0.000E+00
     166   4.358E+00        2.673E+06   1.077E+35   1.920E+39   0.000E+00
     167   4.853E+00        2.665E+06   1.064E+35   1.592E+39   0.000E+00
     168   5.447E+00        2.655E+06   1.049E+35   1.281E+39   0.000E+00
     169   6.160E+00        2.644E+06   1.030E+35   9.902E+38   0.000E+00
     170   7.015E+00        2.629E+06   1.008E+35   7.325E+38   0.000E+00
     171   8.042E+00        2.611E+06   9.798E+34   5.209E+38   0.000E+00
     172   9.274E+00        2.586E+06   9.438E+34   3.600E+38   0.000E+00
     173   1.075E+01        2.553E+06   8.963E+34   2.461E+38   0.000E+00
     174   1.253E+01        2.507E+06   8.327E+34   1.693E+38   0.000E+00
     175   1.465E+01        2.440E+06   7.476E+34   1.182E+38   0.000E+00
     176   1.721E+01        2.343E+06   6.360E+34   8.404E+37   0.000E+00
     177   2.027E+01        2.207E+06   5.005E+34   6.080E+37   0.000E+00
     178   2.395E+01        2.011E+06   3.450E+34   4.281E+37   0.000E+00
     179   2.777E+01        1.733E+06   1.901E+34   2.522E+37   0.000E+00
     180   2.983E+01        1.534E+06   1.169E+34   1.653E+37   0.000E+00
     181   3.127E+01        1.361E+06   7.235E+33   1.162E+37   0.000E+00
     182   3.238E+01        1.192E+06   4.262E+33   8.741E+36   0.000E+00
     183   3.318E+01        1.046E+06   2.522E+33   7.103E+36   0.000E+00
     184   3.383E+01        9.131E+05   1.467E+33   6.034E+36   0.000E+00
     185   3.436E+01        8.071E+05   8.952E+32   5.289E+36   0.000E+00
     186   3.487E+01        7.309E+05   6.019E+32   4.676E+36   0.000E+00
     187   3.549E+01        6.775E+05   4.445E+32   4.063E+36   0.000E+00
     188   3.623E+01        6.434E+05   3.616E+32   3.471E+36   0.000E+00
     189   3.712E+01        6.187E+05   3.091E+32   2.912E+36   0.000E+00
     190   3.819E+01        5.972E+05   2.684E+32   2.400E+36   0.000E+00
     191   3.947E+01        5.771E+05   2.339E+32   1.942E+36   0.000E+00
     192   4.100E+01        5.579E+05   2.044E+32   1.546E+36   0.000E+00
     193   4.284E+01        5.398E+05   1.791E+32   1.210E+36   0.000E+00
     194   4.505E+01        5.229E+05   1.577E+32   9.326E+35   0.000E+00
     195   4.770E+01        5.072E+05   1.396E+32   7.092E+35   0.000E+00
     196   5.089E+01        4.928E+05   1.244E+32   5.330E+35   0.000E+00
     197   5.471E+01        4.796E+05   1.116E+32   3.968E+35   0.000E+00
     198   5.929E+01        4.677E+05   1.009E+32   2.933E+35   0.000E+00
     199   6.479E+01        4.568E+05   9.189E+31   2.159E+35   0.000E+00
     200   7.139E+01        4.471E+05   8.427E+31   1.587E+35   0.000E+00
     201   7.931E+01        4.382E+05   7.775E+31   1.167E+35   0.000E+00
     202   8.881E+01        4.301E+05   7.216E+31   8.612E+34   0.000E+00
     203   1.002E+02        4.226E+05   6.730E+31   6.380E+34   0.000E+00
     204   1.139E+02        4.158E+05   6.304E+31   4.751E+34   0.000E+00
     205   1.303E+02        4.094E+05   5.928E+31   3.557E+34   0.000E+00
     206   1.500E+02        4.035E+05   5.593E+31   2.679E+34   0.000E+00
     207   1.737E+02        3.980E+05   5.292E+31   2.029E+34   0.000E+00
     208   2.021E+02        3.928E+05   5.019E+31   1.544E+34   0.000E+00
     209   2.361E+02        3.878E+05   4.771E+31   1.181E+34   0.000E+00
     210   2.770E+02        3.831E+05   4.544E+31   9.078E+33   0.000E+00
     211   3.260E+02        3.786E+05   4.335E+31   7.004E+33   0.000E+00
     212   3.849E+02        3.743E+05   4.141E+31   5.424E+33   0.000E+00
     213   4.555E+02        3.702E+05   3.962E+31   4.213E+33   0.000E+00
     214   5.402E+02        3.662E+05   3.794E+31   3.282E+33   0.000E+00
     215   6.419E+02        3.624E+05   3.638E+31   2.563E+33   0.000E+00
     216   7.639E+02        3.587E+05   3.491E+31   2.006E+33   0.000E+00
     217   9.104E+02        3.551E+05   3.353E+31   1.573E+33   0.000E+00
     218   1.086E+03        3.516E+05   3.223E+31   1.235E+33   0.000E+00
     219   1.297E+03        3.482E+05   3.100E+31   9.705E+32   0.000E+00
     220   1.550E+03        3.448E+05   2.983E+31   7.635E+32   0.000E+00
     221   1.854E+03        3.416E+05   2.873E+31   6.009E+32   0.000E+00
     222   2.218E+03        3.384E+05   2.767E+31   4.731E+32   0.000E+00
     223   2.655E+03        3.353E+05   2.667E+31   3.723E+32   0.000E+00
     224   3.180E+03        3.323E+05   2.572E+31   2.929E+32   0.000E+00
     225   3.810E+03        3.293E+05   2.480E+31   2.301E+32   0.000E+00
     226   4.565E+03        3.263E+05   2.392E+31   1.806E+32   0.000E+00
     227   5.472E+03        3.234E+05   2.308E+31   1.413E+32   0.000E+00
     228   6.560E+03        3.205E+05   2.226E+31   1.103E+32   0.000E+00
     229   7.865E+03        3.176E+05   2.147E+31   8.580E+31   0.000E+00
     230   9.432E+03        3.148E+05   2.070E+31   6.639E+31   0.000E+00
     231   1.131E+04        3.119E+05   1.996E+31   5.105E+31   0.000E+00
     232   1.357E+04        3.090E+05   1.922E+31   3.895E+31   0.000E+00
     233   1.628E+04        3.060E+05   1.850E+31   2.942E+31   0.000E+00
     234   1.952E+04        3.030E+05   1.778E+31   2.195E+31   0.000E+00
     235   2.342E+04        2.999E+05   1.707E+31   1.611E+31   0.000E+00
     236   2.810E+04        2.967E+05   1.635E+31   1.158E+31   0.000E+00
     237   3.371E+04        2.933E+05   1.561E+31   8.114E+30   0.000E+00
     238   4.045E+04        2.897E+05   1.486E+31   5.495E+30   0.000E+00
     239   4.853E+04        2.858E+05   1.408E+31   3.561E+30   0.000E+00
     240   5.824E+04        2.816E+05   1.327E+31   2.180E+30   0.000E+00
     241   6.988E+04        2.769E+05   1.240E+31   1.238E+30   0.000E+00
     242   8.384E+04        2.717E+05   1.149E+31   6.370E+29   0.000E+00
     243   1.006E+05        2.657E+05   1.051E+31   2.879E+29   0.000E+00
     244   1.207E+05        2.589E+05   9.476E+30   1.098E+29   0.000E+00
     245   1.449E+05        2.511E+05   8.388E+30   3.351E+28   0.000E+00
     246   1.738E+05        2.423E+05   7.266E+30   7.633E+27   0.000E+00
     247   2.086E+05        2.322E+05   6.134E+30   1.182E+27   0.000E+00
     248   2.503E+05        2.209E+05   5.027E+30   1.089E+26   0.000E+00
     249   3.003E+05        2.084E+05   3.980E+30   4.937E+24   0.000E+00
     250   3.604E+05        1.946E+05   3.027E+30   8.517E+22   0.000E+00
     251   4.325E+05        1.797E+05   2.197E+30   1.500E+21   0.000E+00
     252   5.190E+05        1.636E+05   1.511E+30   3.032E+20   0.000E+00
     253   6.172E+05        1.473E+05   9.944E+29   6.364E+19   0.000E+00
     254   7.135E+05        1.330E+05   6.591E+29   1.322E+19   0.000E+00
     255   8.068E+05        1.202E+05   4.401E+29   2.711E+18   0.000E+00
     256   8.962E+05        1.088E+05   2.960E+29   5.484E+17   0.000E+00
     257   9.807E+05        9.875E+04   2.006E+29   1.093E+17   0.000E+00
     258   1.060E+06        8.976E+04   1.369E+29   2.147E+16   0.000E+00
     259   1.133E+06        8.172E+04   9.406E+28   4.159E+15   0.000E+00
     260   1.199E+06        7.451E+04   6.501E+28   7.948E+14   0.000E+00
     261   1.259E+06        6.802E+04   4.515E+28   1.502E+14   0.000E+00
     262   1.313E+06        6.216E+04   3.149E+28   2.812E+13   0.000E+00
     263   1.361E+06        5.684E+04   2.202E+28   5.231E+12   0.000E+00
     264   1.403E+06        5.200E+04   1.543E+28   9.691E+11   0.000E+00
     265   1.440E+06        4.758E+04   1.081E+28   1.794E+11   0.000E+00
     266   1.473E+06        4.353E+04   7.576E+27   3.326E+10   0.000E+00
     267   1.502E+06        3.981E+04   5.297E+27   6.198E+09   0.000E+00
     268   1.528E+06        3.637E+04   3.692E+27   1.165E+09   0.000E+00
     269   1.551E+06        3.320E+04   2.562E+27   2.215E+08   0.000E+00
     270   1.571E+06        3.025E+04   1.767E+27   4.278E+07   0.000E+00
     271   1.590E+06        2.751E+04   1.209E+27   8.433E+06   0.000E+00
     272   1.607E+06        2.495E+04   8.181E+26   1.706E+06   0.000E+00
     273   1.623E+06        2.256E+04   5.463E+26   3.563E+05   0.000E+00
     274   1.638E+06        2.030E+04   3.584E+26   7.750E+04   0.000E+00
     275   1.653E+06        1.817E+04   2.297E+26   1.775E+04   0.000E+00
     276   1.668E+06        1.612E+04   1.426E+26   4.343E+03   0.000E+00
     277   1.685E+06        1.415E+04   8.467E+25   1.158E+03   0.000E+00
     278   1.704E+06        1.223E+04   4.712E+25   3.451E+02   0.000E+00
     279   1.727E+06        1.038E+04   2.445E+25   1.240E+02   0.000E+00
     280   1.755E+06        8.691E+03   1.204E+25   5.759E+01   0.000E+00
